id,Exited
165034,0.2718422332413724
165035,0.9381331781966268
165036,0.2332368273937488
165037,0.7056235541152891
165038,0.7681403138791298
165039,0.39487139863922077
165040,0.2849455279268797
165041,0.5405529472186745
165042,0.873157562232696
165043,0.0990132760054722
165044,0.7125774357902201
165045,0.22785097786120415
165046,0.12182018989096495
165047,0.6873480258702579
165048,0.8750392008035597
165049,0.3716054376627685
165050,0.4980206434840311
165051,0.8019325428027325
165052,0.23862722194699598
165053,0.4751091941223792
165054,0.22093800137259625
165055,0.5305584466937247
165056,0.7564459756114189
165057,0.02936992378000282
165058,0.7930970225569377
165059,0.6402707014330451
165060,0.9915189913690057
165061,0.8554683416582962
165062,0.6306488926057058
165063,0.8221260697842478
165064,0.20662118615950295
165065,0.35482976624958523
165066,0.6052331368369384
165067,0.6159230255293814
165068,0.24982160793742417
165069,0.06850255202912447
165070,0.9312156566873162
165071,0.2802368864790179
165072,0.5903209239118085
165073,0.9584903259234345
165074,0.8583589748251303
165075,0.6768944782543485
165076,0.6066011880684117
165077,0.06918430513450989
165078,0.7988737438699033
165079,0.5821398866471837
165080,0.0889006049422555
165081,0.3614564064339313
165082,0.035587512101117616
165083,0.8159039364424305
165084,0.39957549506638
165085,0.02722921902909268
165086,0.14220006272128569
165087,0.8611859777021285
165088,0.1817553778957463
165089,0.5708864153876222
165090,0.4826448384472391
165091,0.1439771658159903
165092,0.2480854100290427
165093,0.5905890801332601
165094,0.10423550479272432
165095,0.5925934342630931
165096,0.7347934969843788
165097,0.6400116352529986
165098,0.22951900045904708
165099,0.0740520223069616
165100,0.9695438162720832
165101,0.28606360301971173
165102,0.4541475586421296
165103,0.3524299953186286
165104,0.6451611437090096
165105,0.8316433431354281
165106,0.8332977306711633
165107,0.42337322346503287
165108,0.21507492466628186
165109,0.7645997427518283
165110,0.4939710300380418
165111,0.3577613046027424
165112,0.4729912144749819
165113,0.22502852000490864
165114,0.15967566732266467
165115,0.22433313183741552
165116,0.8218988187491194
165117,0.25124419941732834
165118,0.7828570909140492
165119,0.5555833306820713
165120,0.4900123170061039
165121,0.7588230214388627
165122,0.6986242222333323
165123,0.4527795074106562
165124,0.6520786652183201
165125,0.22048349930233932
165126,0.4058294435531154
165127,0.13624154058021737
165128,0.12368819339972094
165129,0.17989646442839546
165130,0.9856104644556656
165131,0.1821144345312493
165132,0.7090959499320519
165133,0.5668504370037405
165134,0.10301743924443575
165135,0.38061366869526086
165136,0.04246412842410498
165137,0.8312342912721967
165138,0.8846473745687912
165139,0.9112811958858473
165140,0.5665731907408839
165141,0.23426854709323203
165142,0.013689602356138732
165143,0.5584057885383669
165144,0.67075870030588
165145,0.8399334608969143
165146,0.6914249094404625
165147,0.30795696774398806
165148,0.4897668858881652
165149,0.26175683230237107
165150,0.14125924343585386
165151,0.941296512605615
165152,0.8651946859617946
165153,0.2815685775448707
165154,0.17820117170633715
165155,0.25877529872148564
165156,0.0478181628117316
165157,0.2788142949991137
165158,0.8221897000740839
165159,0.6075920025815718
165160,0.35981110893960117
165161,0.1404547747714991
165162,0.9429190849964322
165163,0.2138841292422087
165164,0.2159430236204726
165165,0.5418437330982042
165166,0.9861422318778662
165167,0.435253907581549
165168,0.3850541539216711
165169,0.497197994736866
165170,0.5053426718358703
165171,0.47893155653324
165172,0.8732348275846397
165173,0.5562559937460515
165174,0.2057303621017994
165175,0.5213093295639962
165176,0.17897837024647648
165177,0.3239054453893037
165178,0.8478463419400876
165179,0.8951600074538341
165180,0.3230827966421387
165181,0.9670485999063726
165182,0.6752400907186132
165183,0.27448743529026776
165184,0.3421764286136323
165185,0.29579449234391264
165186,0.1277378068457102
165187,0.9935869757886747
165188,0.9829516273446626
165189,0.13991846232859592
165190,0.14814494980024634
165191,0.6079737843205876
165192,0.6003063343953532
165193,0.5583557933106386
165194,0.7431108848700806
165195,0.5602647020057177
165196,0.7768894787315757
165197,0.9471141391049036
165198,0.871489539634853
165199,0.5124874443803091
165200,0.755536971470905
165201,0.9048681716745219
165202,0.9162170883688375
165203,0.9349471186841256
165204,0.9060771471814054
165205,0.15764404306861618
165206,0.5860713295549062
165207,0.4490844055794674
165208,0.13096022652383182
165209,0.6676044559382969
165210,0.807700174074293
165211,0.9905872621249789
165212,0.41761922725558015
165213,0.17175633235009385
165214,0.9792019852650429
165215,0.8010099036001109
165216,0.33645424754909753
165217,0.0065539198531049305
165218,0.0878961553669877
165219,0.9517500602215243
165220,0.7434835765676913
165221,0.3972893496529876
165222,0.6761036446521014
165223,0.5406529376741311
165224,0.3120929365833261
165225,0.9728025961158254
165226,0.9326018880015998
165227,0.6209134582608024
165228,0.6392662518577773
165229,0.7679676030924321
165230,0.9837379159262071
165231,0.22863726644274865
165232,0.0270337831388822
165233,0.3310502179337427
165234,0.6021788829248118
165235,0.08091500356784125
165236,0.9099949550270202
165237,0.12746510560355603
165238,0.48445830170756427
165239,0.2510169483821999
165240,0.06496652592252558
165241,0.07843342226423841
165242,0.7069552451811418
165243,0.21941087441653298
165244,0.8241985992246195
165245,0.018311888410651712
165246,0.4141422864181146
165247,0.1397412065211957
165248,0.3237190995404984
165249,0.7451925043518574
165250,0.06480290517723307
165251,0.07337935924298135
165252,0.780484590107308
165253,0.7011239836197455
165254,0.07905154507978783
165255,0.5650460637848206
165256,0.729462187700265
165257,0.3331500174983297
165258,0.9462824003163335
165259,0.8236259266160958
165260,0.8277119002277056
165261,0.9655078378882016
165262,0.8459237981829008
165263,0.08487826162048168
165264,0.3102022079710573
165265,0.22942355502429315
165266,0.06984333313638243
165267,0.8119088632448721
165268,0.636293808318297
165269,0.891719426781989
165270,0.7847478195263179
165271,0.2744283500211343
165272,0.9951868230759792
165273,0.3030847055508338
165274,0.4338949463914808
165275,0.67993964212507
165276,0.6285854532067393
165277,0.7489785065970975
165278,0.9764567927606911
165279,0.6599279159716573
165280,0.2194381445407484
165281,0.08083773821589757
165282,0.6014334995295905
165283,0.020416232995941298
165284,0.7634407624726731
165285,0.5862894905486294
165286,0.5383349771158209
165287,0.1422909631353371
165288,0.28780889096949835
165289,0.4087109866785443
165290,0.13589611900682208
165291,0.09991319010458091
165292,0.5565514200917185
165293,0.8760618304616378
165294,0.046513741870094216
165295,0.6251857777212175
165296,0.44779816472064027
165297,0.2797414792224378
165298,0.2614795860395144
165299,0.3559342062803096
165300,0.8591316283445671
165301,0.31366551374641505
165302,0.7609591811690702
165303,0.406561191886229
165304,0.11002131614709505
165305,0.020952545438844474
165306,0.3139018548229487
165307,0.6194545066152777
165308,0.3327591457179087
165309,0.5690684071065943
165310,0.6081419500865827
165311,0.5732770962771736
165312,0.9626217497420702
165313,0.1997445698365156
165314,0.2640702478399789
165315,0.6413887765258771
165316,0.5882802096163549
165317,0.025115784402397954
165318,0.9171942678198899
165319,0.5891074033842225
165320,0.19650397007558368
165321,0.642097799755478
165322,0.4477208993686966
165323,0.35463433035937475
165324,0.5314765408756437
165325,0.733366360483772
165326,0.8114907213402358
165327,0.6855800128169585
165328,0.5609100949454825
165329,0.07222037896382619
165330,0.2919766749537544
165331,0.41478767935787947
165332,0.8874698324250867
165333,0.17652405906708904
165334,0.029297203448761713
165335,0.17704673644788452
165336,0.6548693079296977
165337,0.6984242413224192
165338,0.7031646979151991
165339,0.6532649156216906
165340,0.5126783352498171
165341,0.3571295467250853
165342,0.1885092786597643
165343,0.02170701887547098
165344,0.5611100758563956
165345,0.3818271892228469
165346,0.9918416878388882
165347,0.7503874630148941
165348,0.37765486021788824
165349,0.5255816490244114
165350,0.03837815481249517
165351,0.6392662518577773
165352,0.2721876548147677
165353,0.15143099976820393
165354,0.5430299835015749
165355,0.5240499770476456
165356,0.15575785947704993
165357,0.37310983951531895
165358,0.5155553333545435
165359,0.33011394366901337
165360,0.9498593316092555
165361,0.43247689993227917
165362,0.7562505397212085
165363,0.6457565414210462
165364,0.16205271315010839
165365,0.9692574799678213
165366,0.02747919516773399
165367,0.6470655073833861
165368,0.6522468309843152
165369,0.8627676449066226
165370,0.7027920062175884
165371,0.04242322323778185
165372,0.3662695833579522
165373,0.20975725044427576
165374,0.9030683434763046
165375,0.1679930552083665
165376,0.09952231832415996
165377,0.016798396516696134
165378,0.6019152717240627
165379,0.3225010339922098
165380,0.654233005031338
165381,0.4426759263888447
165382,0.017243808545547926
165383,0.12319733116384345
165384,0.32276464519295883
165385,0.5402075256452794
165386,0.9193576976743129
165387,0.13654151194658692
165388,0.7133955395166826
165389,0.5206639366242314
165390,0.8879152444539385
165391,0.04708641447861795
165392,0.438630857963558
165393,0.5263406674817405
165394,0.5275450979679213
165395,0.10623076888115225
165396,0.18542320960271974
165397,0.32653246735538877
165398,0.7908517823298685
165399,0.3926170683707464
165400,0.45645642915903484
165401,0.24759000277246263
165402,0.7990010044495752
165403,0.2880497770667345
165404,0.46417387431199747
165405,0.6402479763295322
165406,0.38255893755596054
165407,0.2943082705741724
165408,0.7075097377068552
165409,0.010571718154176192
165410,0.1535989746433295
165411,0.2804505024520386
165412,0.335204366855891
165413,0.03302412042486853
165414,0.4073611155298812
165415,0.44639375332354636
165416,0.9559587493921036
165417,0.08867789892782961
165418,0.05436753764413397
165419,0.919916735220729
165420,0.2530258475327355
165421,0.8976552238195445
165422,0.2381181796283082
165423,0.09831334281727654
165424,0.19176805850350648
165425,0.8874243822180611
165426,0.47025965703273775
165427,0.4750955590602715
165428,0.7624726730630258
165429,0.8785297767031329
165430,0.29217665586466746
165431,0.4008799160080174
165432,0.7227446471018676
165433,0.9949050317924198
165434,0.9470959590220934
165435,0.6407479286068148
165436,0.7539871194113289
165437,0.0045041155162461755
165438,0.12048849882511213
165439,0.5791492630248931
165440,0.8993368814794951
165441,0.9150490180482772
165442,0.3266597279350607
165443,0.18168720258520776
165444,0.4433849496184455
165445,0.5993518800478137
165446,0.5444389399193713
165447,0.04548656719131356
165448,0.7077551688247941
165449,0.004645011158025824
165450,0.06282582117161543
165451,0.08935510701251242
165452,0.8692170292835685
165453,0.34749410283563836
165454,0.8412469718799569
165455,0.33998572863499393
165456,0.8335613418719123
165457,0.912549256661864
165458,0.05806718449602538
165459,0.3714054567518555
165460,0.2660700569491094
165461,0.2221878820658028
165462,0.40207071143209056
165463,0.5148826702905632
165464,0.48610359920189433
165465,0.9703119247708174
165466,0.06204862263147609
165467,0.36493334727139676
165468,0.5255998291072216
165469,0.4417396521241154
165470,0.4992114389081042
165471,0.7270851418728213
165472,0.006940246612823321
165473,0.3592248012689698
165474,0.7879929643079525
165475,0.5952931765604192
165476,0.7742397316619778
165477,0.573895219092723
165478,0.7483149335745225
165479,0.6934656237359161
165480,0.18575954113470988
165481,0.9847150953772594
165482,0.04341403775094196
165483,0.6667908972325369
165484,0.24466755446071056
165485,0.7503374677871658
165486,0.5243681284968253
165487,0.5250544266229132
165488,0.27074233823135063
165489,0.21405229500820377
165490,0.29533544525295313
165491,0.5089695983565206
165492,0.6842801368960236
165493,0.5666550011135301
165494,0.1690702251148754
165495,0.8632630521632026
165496,0.3348544002617932
165497,0.6444839356243267
165498,0.6198817385613192
165499,0.1484040159802928
165500,0.15063107612455176
165501,0.6040787015784856
165502,0.02086164502479309
165503,0.12069302475672776
165504,0.9424736729675804
165505,0.9000822648747165
165506,0.1024311315738043
165507,0.6868071684066521
165508,0.44310770335558874
165509,0.7451697792483445
165510,0.7731898318796843
165511,0.38492689334199914
165512,0.4258366246858254
165513,0.620422596024925
165514,0.7134091745787903
165515,0.09575449616173001
165516,0.4837447334572609
165517,0.5497838842655929
165518,0.04611832506897069
165519,0.8467600819921736
165520,0.7107276123642743
165521,0.5763631653342182
165522,0.3143609019139082
165523,0.44149422100617663
165524,0.5352125478931556
165525,0.555701501220338
165526,0.8321796555783312
165527,0.8485371850868781
165528,0.04882261238699943
165529,0.5128737711400275
165530,0.7207857431790602
165531,0.47483649288022506
165532,0.7615182187154863
165533,0.17379250162484491
165534,0.7091823053254008
165535,0.339994818676399
165536,0.29353107203403306
165537,0.3058798932829139
165538,0.625635734770772
165539,0.38136359711118484
165540,0.20622122433767687
165541,0.5836806486653547
165542,0.16252994032387819
165543,0.16096645320219435
165544,0.137036919203167
165545,0.6903659196167639
165546,0.6072193108839611
165547,0.1854595697683403
165548,0.4138968553001759
165549,0.5787220310788516
165550,0.5525108966871345
165551,0.0392326187045782
165552,0.5909254116652501
165553,0.8407833797682949
165554,0.09646351939133083
165555,0.5560969180214616
165556,0.6285627281032266
165557,0.5354852491353098
165558,0.09055044745728816
165559,0.019589039228073684
165560,0.6415842124160877
165561,0.8755073379359243
165562,0.8437512782870726
165563,0.454797496602597
165564,0.8118543229964413
165565,0.8449875239181714
165566,0.45014794042386863
165567,0.908086046331941
165568,0.47749532999122807
165569,0.6320442139613945
165570,0.24076338167720354
165571,0.11895682684834628
165572,0.8645629280841375
165573,0.45114784497843385
165574,0.42485944523477304
165575,0.6152230923411857
165576,0.016262084073792957
165577,0.17750123851814145
165578,0.951659159807473
165579,0.6011789783702465
165580,0.10276291808509186
165581,0.6581326327941424
165582,0.9182078074365629
165583,0.6472836683771095
165584,0.38044095790856325
165585,0.8997641134255366
165586,0.7573277096277173
165587,0.07096140822921448
165588,0.8075910935774313
165589,0.6465064698369701
165590,0.8251939587584821
165591,0.8515096286263584
165592,0.11142572754418896
165593,0.03405584012435176
165594,0.32543711736606956
165595,0.6361847278214353
165596,0.21829734434440348
165597,0.058380790924502664
165598,0.6068693442898633
165599,0.6757354979751933
165600,0.07376568600269974
165601,0.23892264829266296
165602,0.33167288576999465
165603,0.8807068416196636
165604,0.1372414451347826
165605,0.25030792515259903
165606,0.6174546975061472
165607,0.8191581712654702
165608,0.6330486635366624
165609,0.7160861917726036
165610,0.5910481272242195
165611,0.43138154994295996
165612,0.15884847355479703
165613,0.8003736007017512
165614,0.7837660950545631
165615,0.8534321723835453
165616,0.3487485285495475
165617,0.6191454452075029
165618,0.8594361447316393
165619,0.9249526181591757
165620,0.6445930161211885
165621,0.217183814272274
165622,0.21597483876539056
165623,0.05546288763345317
165624,0.23107794256002837
165625,0.7642315960749202
165626,0.2524622649656169
165627,0.5852532258284437
165628,0.11398457419973547
165629,0.8818930920230342
165630,0.5751587348480373
165631,0.22582389862785826
165632,0.5530426641093351
165633,0.2944037160089264
165634,0.019739024911258472
165635,0.5285268224396763
165636,0.44738911285740907
165637,0.3767276759945641
165638,0.38303616472973034
165639,0.44171692702060256
165640,0.8466964517023375
165641,0.23324137241445134
165642,0.3288913331000222
165643,0.7153226282945719
165644,0.028506369846514654
165645,0.6609596356711406
165646,0.03571477268078956
165647,0.10758064002981532
165648,0.9068043504938165
165649,0.06801623481394957
165650,0.9054635693865586
165651,0.3175560514678144
165652,0.47558187627544646
165653,0.5589148308570546
165654,0.09335018021007085
165655,0.28510005863076704
165656,0.8025415755768768
165657,0.9161443680375965
165658,0.5707364297044373
165659,0.9574449711618437
165660,0.48498097908835974
165661,0.9855831943314503
165662,0.8842246876434522
165663,0.44481663113975484
165664,0.18508233305002705
165665,0.1991400820830739
165666,0.7047100049540725
165667,0.9087541643752187
165668,0.21203885083696558
165669,0.7914471800419052
165670,0.07012512441994173
165671,0.0974134287181678
165672,0.4132469173397085
165673,0.9650033405902164
165674,0.8208443739461233
165675,0.5492566618640947
165676,0.7912062939446689
165677,0.33583157971284555
165678,0.689911417546507
165679,0.09491366733175469
165680,0.11702519304975434
165681,0.6506969789247391
165682,0.048936237904563654
165683,0.405084060157894
165684,0.6038241804191419
165685,0.3762186336758764
165686,0.22193336090645893
165687,0.4737365978702033
165688,0.9418600951727335
165689,0.26118870471454997
165690,0.608232850500634
165691,0.012162475400075447
165692,0.69633807681994
165693,0.10912594706868889
165694,0.11606619368151222
165695,0.08686898068820703
165696,0.6592597979283796
165697,0.08799614582244422
165698,0.42853636698315156
165699,0.5340762927175134
165700,0.44581199067361754
165701,0.8524504479117903
165702,0.4287727080596852
165703,0.735370714613605
165704,0.0721431136118825
165705,0.2592434358538503
165706,0.6777080369601084
165707,0.1243608564637012
165708,0.590461819553588
165709,0.4671145027065598
165710,0.6981742651837779
165711,0.12007035692047577
165712,0.04315951659159808
165713,0.4210734429895328
165714,0.870898686943519
165715,0.0576944927984147
165716,0.913649151671886
165717,0.9860876916294354
165718,0.7062189518273255
165719,0.04897714309088678
165720,0.45384304225505745
165721,0.7122183791547171
165722,0.5591966221406139
165723,0.3659605219501775
165724,0.9623399584585108
165725,0.10503088341567396
165726,0.8834111289376924
165727,0.3633789501911181
165728,0.31145663368496646
165729,0.8974416078465237
165730,0.33716327077869834
165731,0.6284718276891751
165732,0.7561141891001314
165733,0.32224651283286593
165734,0.47058689852332275
165735,0.09122311052126841
165736,0.6413660514223642
165737,0.9195485885438208
165738,0.19677212629703528
165739,0.8428559092086665
165740,0.7714036387435745
165741,0.42819094540975633
165742,0.5780039178078457
165743,0.437153726235223
165744,0.1627344662554938
165745,0.695651778693852
165746,0.8578681125892529
165747,0.10286745356125096
165748,0.8947009603628745
165749,0.654233005031338
165750,0.34086291763058973
165751,0.7548324932620069
165752,0.3311502083891992
165753,0.7169224755818763
165754,0.6590734520795742
165755,0.40501588484735546
165756,0.7505919889465097
165757,0.343826271128665
165758,0.584712368364838
165759,0.7096822576026834
165760,0.6318987732989124
165761,0.9406602097072553
165762,0.94900032269647
165763,0.6405024974888761
165764,0.4643329500365874
165765,0.8452693152017308
165766,0.33959485685457297
165767,0.535398893741961
165768,0.7719672213106931
165769,0.4827039237163725
165770,0.7073279368787525
165771,0.673649333472714
165772,0.3780048268119861
165773,0.25750269292476624
165774,0.15117647860886008
165775,0.2347185041427864
165776,0.6909295021838825
165777,0.5628280936819667
165778,0.31801055353807134
165779,0.3653833043209512
165780,0.930288472463992
165781,0.7532462810368101
165782,0.38573136200635394
165783,0.9687893428354566
165784,0.9539089450552448
165785,0.5170642802277965
165786,0.3501074897396157
165787,0.10548538548593088
165788,0.5582376227723718
165789,0.6373028029142673
165790,0.8764527022420587
165791,0.2133978120270338
165792,0.38076819939914824
165793,0.4108198762845365
165794,0.1850641529672168
165795,0.6444475754587062
165796,0.4526522468309843
165797,0.1269924234504888
165798,0.5759541134709869
165799,0.5369896509878603
165800,0.4491753059935188
165801,0.8407561096440794
165802,0.08632812322460129
165803,0.5169279296067194
165804,0.7469241572395362
165805,0.9850923320955727
165806,0.021916089827789167
165807,0.0045041155162461755
165808,0.9649260752382727
165809,0.46154230732520984
165810,0.4943846269219756
165811,0.21763831634253095
165812,0.9866467291758514
165813,0.7865703728280482
165814,0.323237327346026
165815,0.13270551447361842
165816,0.320842101435772
165817,0.07420655301084896
165818,0.7012466991787147
165819,0.9897146181500857
165820,0.6304443666740902
165821,0.7772667154498889
165822,0.30463001258970734
165823,0.019325428027324665
165824,0.5896255357443154
165825,0.45028429104494566
165826,0.40535221637934554
165827,0.9672531258379883
165828,0.008026506560737385
165829,0.802846091963949
165830,0.7950968316660683
165831,0.4913985483203876
165832,0.15738497688856973
165833,0.19198167447652725
165834,0.43769912871953126
165835,0.5642734102653838
165836,0.14894032842319596
165837,0.42759554769771974
165838,0.16127551460996906
165839,0.4664827448289027
165840,0.6468428013689603
165841,0.23066434567609456
165842,0.28003690556810484
165843,0.48579453779411963
165844,0.43613564159784746
165845,0.6465155598783753
165846,0.2500943091795783
165847,0.044209416373891586
165848,0.26316124369946503
165849,0.8397652951309194
165850,0.42745919707664265
165851,0.41756468700714927
165852,0.7318346885070062
165853,0.0934319905827171
165854,0.5735452524986251
165855,0.36006108507824247
165856,0.14895396348530368
165857,0.666072783961531
165858,0.35095740861099617
165859,0.021129801246244678
165860,0.033310456729130404
165861,0.6020107171588167
165862,0.025733907217947376
165863,0.11972948036778308
165864,0.4427259216165729
165865,0.6722403770549175
165866,0.3315683502938356
165867,0.842692288463374
165868,0.3130246658273528
165869,0.1044173056208271
165870,0.952418178264802
165871,0.8471918589589176
165872,0.6939928461374142
165873,0.13439626217497422
165874,0.21639752569072954
165875,0.9516409797246627
165876,0.7619818108271483
165877,0.7924516296171729
165878,0.2981351780057358
165879,0.11849777975738679
165880,0.734898032460538
165881,0.9948595815853941
165882,0.8311479358788479
165883,0.08359656578235714
165884,0.8908513278277983
165885,0.811086214497707
165886,0.0243840360692843
165887,0.9435099376877661
165888,0.9100267701719382
165889,0.08437830934319905
165890,0.7462923993618791
165891,0.5944296226269311
165892,0.2837592775235091
165893,0.8906649819789929
165894,0.5383440671572259
165895,0.2878134359902009
165896,0.9044182146249676
165897,0.34563973438899015
165898,0.1687020784379673
165899,0.6182228060048814
165900,0.12317915108103317
165901,0.48694442803186966
165902,0.5645370214661328
165903,0.5400439048999868
165904,0.16007562914449075
165905,0.6421750651074216
165906,0.5042518668672535
165907,0.43429036319260433
165908,0.6549329382195337
165909,0.334645329309475
165910,0.4801723471850414
165911,0.2006762990805423
165912,0.7946695997200267
165913,0.41115620781652656
165914,0.7620318060548765
165915,0.5976747674085656
165916,0.6917976011380732
165917,0.3220601669840606
165918,0.7994555065198323
165919,0.22188336567873065
165920,0.9983319774021571
165921,0.27314665418300976
165922,0.3061616845664732
165923,0.9489412374273365
165924,0.110707614273183
165925,0.5102194790497271
165926,0.5974293362906268
165927,0.143727189677349
165928,0.7665086514469074
165929,0.25874802859727025
165930,0.9694347357752214
165931,0.5425573013485077
165932,0.9346153321728381
165933,0.48178582953445354
165934,0.42315051745060694
165935,0.28878607042055077
165936,0.4539839378968371
165937,0.1771830870689616
165938,0.9159671122301962
165939,0.8432876861754105
165940,0.9680348693988302
165941,0.43097704310043133
165942,0.03434217642861363
165943,0.8073229373559797
165944,0.7313165561469133
165945,0.47702719285886347
165946,0.8772798960099263
165947,0.06665272860317878
165948,0.3970984587834797
165949,0.30188027506465287
165950,0.5856395525881621
165951,0.7381340872007672
165952,0.7940060266974517
165953,0.3719099540498407
165954,0.9448961690020498
165955,0.5045700183164334
165956,0.9069906963426219
165957,0.13409629080860463
165958,0.1607392021670659
165959,0.3668240758836656
165960,0.23067798073820225
165961,0.2922311961130983
165962,0.9954367992146205
165963,0.8778252984942347
165964,0.0494770953681694
165965,0.026924702642020536
165966,0.9562359956549602
165967,0.07305211775239635
165968,0.9728435013021485
165969,0.577631226110235
165970,0.825248499006913
165971,0.9586494016480245
165972,0.8335886119961277
165973,0.5619736297898837
165974,0.4702687470741429
165975,0.8885515473522981
165976,0.3322591934406261
165977,0.24313588248394474
165978,0.9065407392930674
165979,0.6905931706518923
165980,0.15530790242749556
165981,0.5759495684502842
165982,0.49579812836047465
165983,0.2982624385854077
165984,0.6150322014716777
165985,0.4276409979047454
165986,0.33848132678244347
165987,0.5818808204671373
165988,0.810390826330214
165989,0.4928620449866149
165990,0.36714222733284546
165991,0.9127765076969925
165992,0.48115407165679636
165993,0.4766999513682785
165994,0.5035701137618682
165995,0.5790174574245186
165996,0.5887165316038014
165997,0.8073229373559797
165998,0.439421691565805
165999,0.25748451284195595
166000,0.45550197481149524
166001,0.3384131514719049
166002,0.4149376650410642
166003,0.30474363810727156
166004,0.18481417682857545
166005,0.27777348525822537
166006,0.4100835829307202
166007,0.28469100676753584
166008,0.11579803746006063
166009,0.7850296108098772
166010,0.9880784106971607
166011,0.27199676394525973
166012,0.09774521522945537
166013,0.524740820194436
166014,0.6146049695256361
166015,0.5163461669567906
166016,0.7929424918530504
166017,0.3654514796314897
166018,0.6817576504060976
166019,0.22001081714927212
166020,0.05636734675326446
166021,0.5067470832329642
166022,0.22456492789324656
166023,0.11911590257293621
166024,0.7974966025970249
166025,0.3249235300266793
166026,0.4436212906949791
166027,0.10035860213343271
166028,0.9824971252744056
166029,0.4221187977511237
166030,0.010621713381904456
166031,0.7599320064902896
166032,0.6003108794160558
166033,0.3032165111512083
166034,0.24825357579503773
166035,0.8948509460460592
166036,0.956999559132992
166037,0.7775394166920431
166038,0.11295285450025225
166039,0.13129655805582194
166040,0.9501047627271942
166041,0.21269787883883812
166042,0.12760600124533567
166043,0.5856804577744852
166044,0.1695747224128606
166045,0.3248689897782484
166046,0.8818112816503879
166047,0.1955131555624236
166048,0.3136473336636048
166049,0.7362842637748215
166050,0.7789801882547575
166051,0.19537225992064394
166052,0.7512192018034642
166053,0.8397471150481091
166054,0.24883079342426404
166055,0.922807368387563
166056,0.37583230691615793
166057,0.08141495584512387
166058,0.8932829139036729
166059,0.995441344235323
166060,0.7115957113184651
166061,0.7526645183868813
166062,0.7790574536067012
166063,0.9592447993600611
166064,0.18344158057639953
166065,0.7515237181905364
166066,0.06982969807427472
166067,0.8035505701728471
166068,0.697497057099095
166069,0.6557328618631858
166070,0.9487276214543158
166071,0.0015180369146581463
166072,0.6849709800428141
166073,0.6657046372846228
166074,0.6928429558996642
166075,0.6482790279109721
166076,0.7166861345053427
166077,0.2819549043045891
166078,0.8296435340262975
166079,0.5830352557255899
166080,0.6901477586230406
166081,0.5068652537712309
166082,0.7118638675399167
166083,0.6910249476186364
166084,0.3887401657114548
166085,0.5860576944927985
166086,0.5117556960471956
166087,0.5436435612964218
166088,0.6941610119034093
166089,0.2366092327550552
166090,0.711354825221229
166091,0.6292035760222888
166092,0.980288245212957
166093,0.8477690765881439
166094,0.9713981847187315
166095,0.08425559378422968
166096,0.7461742288236123
166097,0.5659641579667396
166098,0.7389840060721476
166099,0.9012639702573845
166100,0.4613423264142968
166101,0.1931588348384927
166102,0.2514305452661337
166103,0.13361906363483486
166104,0.6521286604460483
166105,0.4495798128360475
166106,0.9121265697365252
166107,0.6374936937837752
166108,0.9349243935806127
166109,0.6023924988978324
166110,0.42842274146558734
166111,0.20054903850087036
166112,0.30109398648310837
166113,0.5085469114311816
166114,0.6599551860958727
166115,0.47133682693924667
166116,0.6076465428300026
166117,0.2562255421073443
166118,0.45703819180896366
166119,0.05438117270624168
166120,0.10060403325137145
166121,0.27924152694515525
166122,0.3624563109884965
166123,0.003390585444116698
166124,0.14966753173560707
166125,0.6885570013771413
166126,0.48257211811599804
166127,0.3354770680980452
166128,0.2094572790779062
166129,0.969048409015503
166130,0.8949282113980029
166131,0.6692452084119244
166132,0.49914780861826824
166133,0.4161148254030297
166134,0.7121183886992606
166135,0.8524095427254671
166136,0.10581717199721843
166137,0.8511323919080452
166138,0.6033015030383464
166139,0.7335845214774954
166140,0.7972511714790861
166141,0.06314851764149786
166142,0.22411042582298965
166143,0.7221901545761541
166144,0.7697356161457315
166145,0.055262906722540125
166146,0.19044091245835626
166147,0.8487053508528731
166148,0.6741492857499967
166149,0.07280668663445762
166150,0.4535703410129033
166151,0.826630185300494
166152,0.5063198512869227
166153,0.5006840256157367
166154,0.1507583367042237
166155,0.755105194504161
166156,0.3584794178737484
166157,0.6127096958926648
166158,0.6556237813663242
166159,0.8422741465587377
166160,0.10608078319796746
166161,0.3475213729598538
166162,0.8424559473868404
166163,0.018757300439503504
166164,0.5918162357229537
166165,0.43463123974529705
166166,0.20435776584962345
166167,0.41133346362392675
166168,0.8397289349652988
166169,0.295980838192718
166170,0.848759891101304
166171,0.14055476522695562
166172,0.8503733734507162
166173,0.6567282213970485
166174,0.4649510728521368
166175,0.19633580430958864
166176,0.012876043650378827
166177,0.8681307693356544
166178,0.5879666031878775
166179,0.2865681003176969
166180,0.2981397230264384
166181,0.4200235432072393
166182,0.8508687807072961
166183,0.936578781116348
166184,0.3549252116843392
166185,0.07405656732766418
166186,0.6065421027992783
166187,0.7813935942478217
166188,0.7073870221478858
166189,0.25838897196176724
166190,0.29931233836770127
166191,0.7892610250839693
166192,0.71224110425823
166193,0.7190540902913813
166194,0.45307493375632324
166195,0.8852427722808277
166196,0.6574599697301622
166197,0.9082678471600439
166198,0.3752369092041214
166199,0.3102885633644061
166200,0.39625762995350444
166201,0.9014048658991642
166202,0.38892651156026015
166203,0.23780457319983092
166204,0.8814749501183978
166205,0.9033092295735408
166206,0.9580994541430137
166207,0.8231259743388132
166208,0.8986869435190278
166209,0.2342867271760423
166210,0.12996032196926657
166211,0.1481358597588412
166212,0.5475795492248468
166213,0.31142027351934587
166214,0.6747628635448435
166215,0.38214534067202677
166216,0.2624431304284591
166217,0.06430295289995046
166218,0.9343017257443608
166219,0.5841896909840425
166220,0.7408838247258217
166221,0.8739893010212662
166222,0.8584816903840997
166223,0.5153053572159022
166224,0.6452156839574404
166225,0.6864799269160671
166226,0.412301553033574
166227,0.5194186009517274
166228,0.9904009162761737
166229,0.15907117956922295
166230,0.16457974466073694
166231,0.5539698483326592
166232,0.25145781539034906
166233,0.2654382990714522
166234,0.20061721381140893
166235,0.3135746133323637
166236,0.09536816940201162
166237,0.9267160861917727
166238,0.9771249108039688
166239,0.18493234736684228
166240,0.1821871548624904
166241,0.2612614250457911
166242,0.2974216097554324
166243,0.47973602519759473
166244,0.6680544129878512
166245,0.2992350730157576
166246,0.044986614914030935
166247,0.7123910899414148
166248,0.47141863731189293
166249,0.3980074629239936
166250,0.054008481008630996
166251,0.4469209757250444
166252,0.4015616691134028
166253,0.8826930156666863
166254,0.08870062403134245
166255,0.018930011226201138
166256,0.67748078592498
166257,0.999081905818081
166258,0.18678671581349054
166259,0.9319428599997273
166260,0.01453952122751919
166261,0.966253221283423
166262,0.19620399870921412
166263,0.9032728694079202
166264,0.2506851618709123
166265,0.6450247930879325
166266,0.011198931011130755
166267,0.5857122729194032
166268,0.6594325087150772
166269,0.4808677353525345
166270,0.5456297353434445
166271,0.13242372319005913
166272,0.06211679794201463
166273,0.7246853709418647
166274,0.06531194749592084
166275,0.17548779434690326
166276,0.6359756568691171
166277,0.7228082773917036
166278,0.10807604728639539
166279,0.3658423514119107
166280,0.30430277109912235
166281,0.7059689756886842
166282,0.5468932510987587
166283,0.4428804523204603
166284,0.5674776498606952
166285,0.538025915708046
166286,0.7612864226596553
166287,0.5947341390140032
166288,0.3114702687470741
166289,0.4170056494607333
166290,0.8392789779157444
166291,0.06015334899850469
166292,0.03949622990532722
166293,0.7988101135800675
166294,0.47586366755900567
166295,0.5870394189645534
166296,0.5904254593879675
166297,0.48450375191459
166298,0.4566473200285427
166299,0.9409374559701119
166300,0.5081014994023298
166301,0.2365637825480295
166302,0.6264038432695062
166303,0.5888710623076888
166304,0.8025552106389845
166305,0.46875980020088986
166306,0.7774712413815045
166307,0.007912881043173151
166308,0.9780202798823749
166309,0.5459887919789475
166310,0.8157175905936253
166311,0.9696483517482423
166312,0.6091963948895788
166313,0.5106285309129583
166314,0.5498338794933211
166315,0.17488330659346155
166316,0.6302807459287978
166317,0.5560105626281129
166318,0.47845887438017276
166319,0.18306888887878886
166320,0.7311347553188104
166321,0.38673126656091916
166322,0.9525727089686894
166323,0.5695365442389589
166324,0.8774753319001368
166325,0.6810486271764968
166326,0.8271619527226947
166327,0.16552510896687134
166328,0.4458256257357252
166329,0.5955476977197631
166330,0.667940787470287
166331,0.9019184532385545
166332,0.4666918157812208
166333,0.8317160634666692
166334,0.5986019516318898
166335,0.4733502711104849
166336,0.08122406497561596
166337,0.7801800737202358
166338,0.264111153026302
166339,0.9888419741751924
166340,0.04979524681734925
166341,0.36191999854559337
166342,0.7150181119074998
166343,0.30440276155457885
166344,0.205639461687748
166345,0.3992073483894719
166346,0.9370560082901177
166347,0.9797837479149718
166348,0.9556996832120571
166349,0.6695360897368888
166350,0.14647238218170086
166351,0.10428095499975001
166352,0.8430877052644975
166353,0.5806627549188487
166354,0.6788442921357507
166355,0.5782811640707023
166356,0.6828530003954169
166357,0.5889256025561197
166358,0.5503247417291987
166359,0.46756445975611416
166360,0.5647597274805587
166361,0.3489030592534349
166362,0.9357834024933984
166363,0.8976961290058676
166364,0.1257061825916617
166365,0.6015516700678571
166366,0.21208430104399126
166367,0.7631771512719241
166368,0.6574645147508648
166369,0.48869426100235885
166370,0.8660082446675545
166371,0.8878152539984819
166372,0.668890696797124
166373,0.8959053908490553
166374,0.43180423686829894
166375,0.1596529422191518
166376,0.9737570504633649
166377,0.9245344762545393
166378,0.42397771121847455
166379,0.4625422118797751
166380,0.920939364878807
166381,0.06848891696701678
166382,0.7560778289345108
166383,0.1978220260793288
166384,0.2837456424614014
166385,0.8456647320028543
166386,0.6554601606210316
166387,0.41226973788865606
166388,0.06596188545638824
166389,0.752023670467819
166390,0.39495320901186703
166391,0.37008285572740784
166392,0.6888206125778904
166393,0.36854209370923685
166394,0.8904922711922953
166395,0.08187400293608336
166396,0.19406783897900654
166397,0.7723944532567346
166398,0.8923511846596461
166399,0.8063639379877375
166400,0.06135777948468556
166401,0.08809613627790074
166402,0.18768662991259924
166403,0.7621317965103331
166404,0.8622540575672322
166405,0.298871471359552
166406,0.6017561959994728
166407,0.5363169879238799
166408,0.2417905563559842
166409,0.11853413992300733
166410,0.20654846582826186
166411,0.40676571781784465
166412,0.6979561041900546
166413,0.3100294971843597
166414,0.7269806063966622
166415,0.8348657628135496
166416,0.2062439494411897
166417,0.4408351930043041
166418,0.6402570663709373
166419,0.16057103640107082
166420,0.9870421459769749
166421,0.2348230396189455
166422,0.7354525249862514
166423,0.5258089000595398
166424,0.8388835611146209
166425,0.02350684707368842
166426,0.5910935774312452
166427,0.7767758532140114
166428,0.6716222542393682
166429,0.24967616727494196
166430,0.9678621586121324
166431,0.11435726589734616
166432,0.39604401398048367
166433,0.36063830270746877
166434,0.5792310733975393
166435,0.39940278427968234
166436,0.7016830211661614
166437,0.9903463760277429
166438,0.9500411324373583
166439,0.4506251675976384
166440,0.5755632416905659
166441,0.18569136582417134
166442,0.03045163870721431
166443,0.14584516932474628
166444,0.9257979920098537
166445,0.646297398884652
166446,0.31700610396280354
166447,0.36692861135982474
166448,0.07068870698706033
166449,0.0935501611209839
166450,0.8918875925479841
166451,0.9914053658514415
166452,0.5147145045245681
166453,0.2660518768662991
166454,0.7217038373609792
166455,0.20039905281768558
166456,0.06290763154426168
166457,0.974388808341022
166458,0.27606910249476185
166459,0.792915221728835
166460,0.4355129737615954
166461,0.4620877098095182
166462,0.29606719358606676
166463,0.9234073111203022
166464,0.9002731557442245
166465,0.4359811108939601
166466,0.41696928929511273
166467,0.8497461605937615
166468,0.06689361470041495
166469,0.1219610855327446
166470,0.8678989732798232
166471,0.013226010244476664
166472,0.8333477258988915
166473,0.14630421641570576
166474,0.486835347535008
166475,0.7574686052694971
166476,0.20841646933701782
166477,0.32259193440626116
166478,0.15764404306861618
166479,0.2264692915676231
166480,0.4866717267897155
166481,0.8566136868753437
166482,0.6777989373741597
166483,0.9526954245276588
166484,0.9215665777357616
166485,0.9121629299021456
166486,0.6921521127528737
166487,0.013912308370564628
166488,0.25473932033760416
166489,0.29565814172283555
166490,0.9904372764417942
166491,0.13656878207080234
166492,0.7883020257157272
166493,0.48851700519495866
166494,0.15376259538862203
166495,0.43639016275719134
166496,0.7202176155912391
166497,0.8521095713590976
166498,0.2882315778948373
166499,0.33528617722853726
166500,0.14379991000859008
166501,0.44223505938069546
166502,0.9322337413246918
166503,0.2682289417828298
166504,0.4491162207243854
166505,0.4877488966962244
166506,0.21091623072343096
166507,0.11833870403279685
166508,0.9388285663641198
166509,0.9107494284636467
166510,0.7958513051026948
166511,0.13351907317937836
166512,0.6333122747374114
166513,0.3289322382863453
166514,0.8788751982765282
166515,0.6173138018643675
166516,0.7666313670058766
166517,0.9109085041882367
166518,0.0190981769921962
166519,0.04649101676658137
166520,0.6034287636180183
166521,0.053017666495470885
166522,0.37545507019784474
166523,0.8785115966203226
166524,0.9481913090114126
166525,0.04620922548302207
166526,0.05281314056385527
166527,0.5692502079346972
166528,0.5915935297085279
166529,0.5309538634948483
166530,0.09022320596670316
166531,0.45330218479145173
166532,0.19676303625563016
166533,0.6428431831506993
166534,0.4553201739833925
166535,0.8509096858936193
166536,0.23712282009444555
166537,0.3501029447189132
166538,0.06287127137864112
166539,0.320155803309684
166540,0.26694724594470526
166541,0.3114020934365356
166542,0.9401875275541881
166543,0.49450279746024245
166544,0.5374214279546043
166545,0.0956363256234632
166546,0.6670272383090705
166547,0.5222546938701306
166548,0.878202535212548
166549,0.7862204062339504
166550,0.6307852432267829
166551,0.1068761618209171
166552,0.7574322451038764
166553,0.1112257466332759
166554,0.774944209870876
166555,0.5581012721512947
166556,0.26437476422705103
166557,0.40829284477390787
166558,0.9955004295044564
166559,0.1710700342240059
166560,0.737293258370792
166561,0.5090832238740848
166562,0.49198940101172156
166563,0.696769853786684
166564,0.8079228800887188
166565,0.6633321364778817
166566,0.5625553924398126
166567,0.09779975547788619
166568,0.26280673208466465
166569,0.8012235195731318
166570,0.5929070406915704
166571,0.19351789147399567
166572,0.10694433713145562
166573,0.737629589902782
166574,0.1460815104012799
166575,0.9897055281086805
166576,0.4156103281050445
166577,0.29433554069838785
166578,0.25676185455024747
166579,0.574813313274642
166580,0.7211311647524554
166581,0.3431581530853873
166582,0.15785311402093438
166583,0.33544525295312716
166584,0.40136168820248974
166585,0.2419814472254921
166586,0.6118097817935562
166587,0.18542320960271974
166588,0.9218938192263466
166589,0.6378209352743601
166590,0.30974770590080036
166591,0.42585934978933826
166592,0.7140000272701242
166593,0.10774880579581039
166594,0.08835974747864975
166595,0.21278423423218693
166596,0.46787352116388886
166597,0.4143377223083251
166598,0.01605755814217734
166599,0.19749023956804126
166600,0.8604542293690147
166601,0.8746165138782207
166602,0.20584853264006617
166603,0.6378709305020885
166604,0.7166088691533989
166605,0.5126147049599811
166606,0.8342567300394054
166607,0.40368873880220524
166608,0.4096245358397608
166609,0.09894964571563623
166610,0.7401884365583286
166611,0.31404275046472835
166612,0.4005435844760273
166613,0.5288222487853432
166614,0.6143686284491026
166615,0.39595765858713483
166616,0.31760604669554265
166617,0.24374491525808903
166618,0.9380331877411702
166619,0.5128465010158122
166620,0.6128005963067162
166621,0.7767667631726063
166622,0.8113225555742407
166623,0.6304216415705773
166624,0.09972229923507302
166625,0.029710800332695516
166626,0.5855486521741107
166627,0.7954104380945456
166628,0.5087923425491203
166629,0.810686252675881
166630,0.016934747137773213
166631,0.7720490316833394
166632,0.08458283527481468
166633,0.09348653083114793
166634,0.026474745592466174
166635,0.7596138550411098
166636,0.084800996268538
166637,0.9075451888683354
166638,0.5218456420068993
166639,0.25461660477863474
166640,0.6630957954013481
166641,0.4802814276819031
166642,0.9550997404793179
166643,0.38020916185273224
166644,0.5265042882270329
166645,0.6422023352316371
166646,0.5275314629058135
166647,0.38818112816503875
166648,0.13769594720503953
166649,0.698533321819281
166650,0.6938519504956345
166651,0.6602233423173244
166652,0.9258661673203922
166653,0.036346530558446694
166654,0.9691438544502571
166655,0.5442253239463506
166656,0.3156653228555456
166657,0.7592775235091196
166658,0.10956681407683812
166659,0.21185705000886282
166660,0.2789188304752728
166661,0.9573677058098999
166662,0.6105144508933238
166663,0.2480990450911504
166664,0.3367814890396825
166665,0.1288013416901114
166666,0.05608101044900259
166667,0.1387685720908459
166668,0.4909076860845101
166669,0.5576467700810378
166670,0.087850705159962
166671,0.5957158634857582
166672,0.2920903004713186
166673,0.8076319987637544
166674,0.27206948427650085
166675,0.8988869244299409
166676,0.8903786456747311
166677,0.3045254771135482
166678,0.756455065652824
166679,0.7187768440285246
166680,0.4682007626544739
166681,0.7365296948927603
166682,0.03722371955404257
166683,0.5216774762409043
166684,0.37593684239231706
166685,0.4852582253512165
166686,0.24881261334145377
166687,0.9690711341190159
166688,0.41471495902663835
166689,0.1380413687784348
166690,0.9890010498997823
166691,0.914871762240877
166692,0.5736361529126766
166693,0.9709845878347976
166694,0.28513641879638757
166695,0.7812799687302575
166696,0.003363315319901282
166697,0.12019761750014771
166698,0.905459024365856
166699,0.3988482917539689
166700,0.3688557001377141
166701,0.14534067202676107
166702,0.1452634066748174
166703,0.3367996691224928
166704,0.8430604351402821
166705,0.2969262024988524
166706,0.6141004722276511
166707,0.4219233618609133
166708,0.4711550261111439
166709,0.5590011862504034
166710,0.8110271292285737
166711,0.440171619981729
166712,0.95015021293422
166713,0.5716090736793306
166714,0.10130396643956713
166715,0.4252094118288709
166716,0.5952295462705832
166717,0.03417855568332114
166718,0.3810954408897332
166719,0.6645183868812523
166720,0.6213770503724645
166721,0.0925138964007981
166722,0.9134900759472959
166723,0.931429272660337
166724,0.1292013035119375
166725,0.16723403675103743
166726,0.8687670722340141
166727,0.020043541298330615
166728,0.557433154108017
166729,0.5960112898314252
166730,0.612886951700065
166731,0.32918675944568926
166732,0.3371269106130778
166733,0.20914821767013148
166734,0.6663727553279005
166735,0.9647533644515751
166736,0.20772108116952476
166737,0.6004881352234559
166738,0.3428263665740997
166739,0.07707446107417018
166740,0.37230082583026164
166741,0.21528399561860007
166742,0.03395584966889524
166743,0.22519668577090368
166744,0.2036851027856432
166745,0.6284627376477699
166746,0.20113989119220438
166747,0.2814458619859013
166748,0.6298444239413511
166749,0.031060671481358597
166750,0.051445089332381906
166751,0.9168124860808742
166752,0.6854845673822044
166753,0.3800682662109526
166754,0.9451416001199886
166755,0.05616282082164885
166756,0.056076465428300026
166757,0.89195122283782
166758,0.7249807972875316
166759,0.6873525708909605
166760,0.3086978061185069
166761,0.15486703541934632
166762,0.5648051776875844
166763,0.7332527349662078
166764,0.45955613327818706
166765,0.1745469750614714
166766,0.51991855322901
166767,0.4294862763099886
166768,0.047054599333699966
166769,0.007926516105280858
166770,0.279127901427591
166771,0.8951645524745365
166772,0.24688552456356438
166773,0.4058203535117102
166774,0.8927556915021748
166775,0.30222569663804816
166776,0.9308156948654902
166777,0.15787583912444722
166778,0.6333668149858422
166779,0.46365574195190457
166780,0.7748078592497989
166781,0.3915944387126683
166782,0.854795678594316
166783,0.8092136659682485
166784,0.7171860867826253
166785,0.8228032778689307
166786,0.8624085882711197
166787,0.6407388385654097
166788,0.10776244085791811
166789,0.1008040141622845
166790,0.5753814408624631
166791,0.8987460287881611
166792,0.3076979015639416
166793,0.22307416110280384
166794,0.3157107730625713
166795,0.22533758141268334
166796,0.43677194449620715
166797,0.9127446925520747
166798,0.42824548565818715
166799,0.6780716386163139
166800,0.9197712945582468
166801,0.4379900100444957
166802,0.37278259802473396
166803,0.12892860226978334
166804,0.5592102572027216
166805,0.5112012035214821
166806,0.5825534835311175
166807,0.10124942619113629
166808,0.951563714372719
166809,0.6611687066234587
166810,0.15782129887601637
166811,0.847387294849128
166812,0.054712959217529236
166813,0.4636057467241763
166814,0.6242722285600012
166815,0.787902063893901
166816,0.9805745815172188
166817,0.6058330795696775
166818,0.3402584298771481
166819,0.8640766108689625
166820,0.5197549324837175
166821,0.4844673917489694
166822,0.9230437094640966
166823,0.30124397216629323
166824,0.6835029383558842
166825,0.47920425777539416
166826,0.5276814485889983
166827,0.8330295744497117
166828,0.08713713690965862
166829,0.06209407283850178
166830,0.952999940914731
166831,0.7663904809086406
166832,0.8946600551765513
166833,0.14087291667613547
166834,0.6643729462187701
166835,0.00876279991455361
166836,0.7742624567654905
166837,0.6493652878588861
166838,0.6143549933869948
166839,0.4214552247285486
166840,0.8419332700060449
166841,0.7706309852241376
166842,0.680044177601229
166843,0.6340394780498226
166844,0.22992350730157576
166845,0.5124647192767963
166846,0.8406742992714332
166847,0.4143968075774585
166848,0.5269087950695616
166849,0.8937828661809555
166850,0.1350189300112262
166851,0.2488807886519923
166852,0.2658473509346835
166853,0.09829970775516882
166854,0.0036723767276759947
166855,0.9623672285827262
166856,0.03817362888087955
166857,0.9878375245999247
166858,0.9471914044568474
166859,0.576585871348644
166860,0.2969943778093909
166861,0.3750414733139109
166862,0.07776984924166329
166863,0.6811168024870354
166864,0.22001081714927212
166865,0.4962662654928393
166866,0.303198331068398
166867,0.5093150199299158
166868,0.1872184927802346
166869,0.2027533735416165
166870,0.9792974306997969
166871,0.5905936251539626
166872,0.8656219179078362
166873,0.5648597179360153
166874,0.6762854454802042
166875,0.22744647101867552
166876,0.8819930824784906
166877,0.7143863540298426
166878,0.6331668340749292
166879,0.19344062612205198
166880,0.4426168411197112
166881,0.5703501029447189
166882,0.902736556965017
166883,0.4832038759936551
166884,0.02131614709505002
166885,0.02638839019911736
166886,0.8752119115902574
166887,0.4367764895169097
166888,0.7020920730293927
166889,0.13081024084064702
166890,0.17303802818821842
166891,0.5737406883888357
166892,0.8772071756786852
166893,0.4951254652964944
166894,0.17720581217247444
166895,0.5980701842096892
166896,0.8048277209902692
166897,0.6264583835179369
166898,0.777930288472464
166899,0.11842505942614567
166900,0.30697978829293565
166901,0.21320237613682333
166902,0.009112766508651447
166903,0.29023593202467035
166904,0.02644293044754819
166905,0.49076224542202784
166906,0.9704255502883816
166907,0.09283204784997795
166908,0.3176333168197581
166909,0.3367269487912517
166910,0.36113370996404887
166911,0.5606828439103541
166912,0.6740038450875144
166913,0.01571668158948464
166914,0.29210393553342634
166915,0.6996650319742207
166916,0.7488557910381283
166917,0.9505319946732358
166918,0.37435517518782296
166919,0.3858586225860258
166920,0.36787852068666166
166921,0.02723376404979525
166922,0.531262924902623
166923,0.326055240181619
166924,0.5314719958549412
166925,0.34419896282627566
166926,0.42425950250203387
166927,0.757859477049918
166928,0.12487444380309151
166929,0.9646942791824418
166930,0.5382577117638772
166931,0.13144654373900674
166932,0.5604283227510102
166933,0.9865331036582872
166934,0.10712159293885583
166935,0.29595356806850254
166936,0.2259329791247199
166937,0.10470818694579154
166938,0.9138218624585835
166939,0.639257161816372
166940,0.23430490725885258
166941,0.2678607951059217
166942,0.8619313610973498
166943,0.9835015748496735
166944,0.7432472354911577
166945,0.22571027311029404
166946,0.43240417960103805
166947,0.7738488598815567
166948,0.3025483931079306
166949,0.34381263606655726
166950,0.8540275700955818
166951,0.08346476018198262
166952,0.18447330027588277
166953,0.25304402761554573
166954,0.6217588321114803
166955,0.9125674367446744
166956,0.7160771017311983
166957,0.4448075410983497
166958,0.9651487812526987
166959,0.12627885520018542
166960,0.6709132310097673
166961,0.08046959153898944
166962,0.31296103553751686
166963,0.4474709232300553
166964,0.9405511292103936
166965,0.5049608900968544
166966,0.975211457088187
166967,0.9863013076024562
166968,0.5187004876807215
166969,0.5345307947877703
166970,0.5108512369273842
166971,0.8997413883220239
166972,0.7747078687943424
166973,0.2810640802468855
166974,0.08457829025411209
166975,0.19362242695015477
166976,0.7446834620331696
166977,0.3349498456965471
166978,0.29489457824480386
166979,0.5884620104444577
166980,0.8600633575885939
166981,0.2607432926856981
166982,0.615536698769663
166983,0.02093891037673677
166984,0.5239454415714864
166985,0.4373900673117566
166986,0.5404893169288387
166987,0.7044963889810518
166988,0.011067125410756246
166989,0.08817340162984443
166990,0.02709741342871817
166991,0.6011698883288413
166992,0.44081246790079126
166993,0.7369841969630172
166994,0.9416964744274411
166995,0.00564946073329364
166996,0.5255134737138728
166997,0.10824875807309302
166998,0.057967194040568853
166999,0.3877584412396998
167000,0.631480631394276
167001,0.487067143590839
167002,0.6850027951877321
167003,0.20199890010498997
167004,0.6771853595793129
167005,0.17760577399430055
167006,0.8716667954422532
167007,0.5409847241854187
167008,0.6592734329904874
167009,0.5394848673535708
167010,0.1512173837951832
167011,0.7901654842037806
167012,0.6831211566168685
167013,0.7468968871153209
167014,0.33662241331509263
167015,0.8912103844633013
167016,0.7219401784375128
167017,0.5755450616077556
167018,0.2999577313074661
167019,0.7740488407924698
167020,0.2083437490057767
167021,0.1854595697683403
167022,0.238890833147745
167023,0.48999868194399626
167024,0.7102776553147201
167025,0.027324664463846633
167026,0.7739715754405261
167027,0.04319587675721863
167028,0.6668318024188601
167029,0.11272105844442121
167030,0.7265806445748361
167031,0.7507737897746125
167032,0.16153003576931294
167033,0.8208216488426104
167034,0.20666663636652866
167035,0.6408979142899996
167036,0.348616722949173
167037,0.4933665422846001
167038,0.7566368664809269
167039,0.28564091609437275
167040,0.5610055403802364
167041,0.21951540989269205
167042,0.5584330586625822
167043,0.3272596706677999
167044,0.5498702396589417
167045,0.5862804005072243
167046,0.9261479586039515
167047,0.5693138382245332
167048,0.3954758863926625
167049,0.9976274991932589
167050,0.6160684661918635
167051,0.9379104721822008
167052,0.42791824416760216
167053,0.5032065121056627
167054,0.7990873598429241
167055,0.04136877843478577
167056,0.6162366319578586
167057,0.49287113502802005
167058,0.4450756973198013
167059,0.15457160907367934
167060,0.49399375514155464
167061,0.1427181950813786
167062,0.12138841292422087
167063,0.9431236109280479
167064,0.9465278314342722
167065,0.012257920834829402
167066,0.5102285690911322
167067,0.5191277196267629
167068,0.7297848841701474
167069,0.1781148163129883
167070,0.9265570104671828
167071,0.9017366524104518
167072,0.08858699851377823
167073,0.5119374968752983
167074,0.178519323155517
167075,0.5946068784343312
167076,0.48518550501997537
167077,0.12915130828420926
167078,0.8154039841651479
167079,0.3553160834647602
167080,0.9063725735270725
167081,0.9546270583262507
167082,0.3554251639616218
167083,0.7320528495007295
167084,0.960776471336827
167085,0.7105594465982792
167086,0.6305034519432235
167087,0.5400166347757714
167088,0.10923048254484798
167089,0.701128528640448
167090,0.16592961580940002
167091,0.9691165843260416
167092,0.4819903554660691
167093,0.6816031197022103
167094,0.48801705291767605
167095,0.6185455024747638
167096,0.574949663895719
167097,0.7543007258398062
167098,0.021261606846619187
167099,0.7778757482240332
167100,0.7124865353761686
167101,0.028874516523422766
167102,0.08189672803959622
167103,0.2540621122529213
167104,0.10828511823871358
167105,0.4885351852777689
167106,0.3697419791747151
167107,0.38619949913871854
167108,0.6677908017871023
167109,0.04672735784311498
167110,0.8458374427895519
167111,0.8095909026865618
167112,0.46321487494375535
167113,0.39604401398048367
167114,0.8846746446930066
167115,0.1496720767563096
167116,0.7176133187286668
167117,0.19522227423745916
167118,0.81816735675231
167119,0.7979192895223638
167120,0.6837529144945255
167121,0.9550224751273743
167122,0.7656314624513115
167123,0.8623495030019862
167124,0.35875211911590255
167125,0.013780502770190118
167126,0.9027456470064221
167127,0.26414296817122
167128,0.5150190209116403
167129,0.010726248858063548
167130,0.9713300094081929
167131,0.7630180755473343
167132,0.05453115838942646
167133,0.5651278741574668
167134,0.8713486439930734
167135,0.08840974270637803
167136,0.9354697960649211
167137,0.8916921566577737
167138,0.6944155330627532
167139,0.8965371487267124
167140,0.9672622158793933
167141,0.0632303280141441
167142,0.6838210898050641
167143,0.4403988710168575
167144,0.8224942164611561
167145,0.5427209220938002
167146,0.5342353684421033
167147,0.5082605751269197
167148,0.8835020293517437
167149,0.8360156530512997
167150,0.710014044113971
167151,0.6150458365337854
167152,0.914935392530713
167153,0.1841415137645952
167154,0.7512601069897874
167155,0.8962189972775326
167156,0.9403147881338599
167157,0.09507274305634461
167158,0.9516864299316884
167159,0.7721853823044165
167160,0.7503965530562993
167161,0.32916857936287897
167162,0.6746446930065766
167163,0.19973547979511047
167164,0.40243885810899865
167165,0.7487967057689948
167166,0.6691134028115499
167167,0.39841196976652227
167168,0.07487012603342406
167169,0.8006326668817976
167170,0.17836479245162962
167171,0.9436190181846279
167172,0.023693192922493764
167173,0.46235586603096973
167174,0.4924620831647888
167175,0.9935869757886747
167176,0.20058085364578837
167177,0.2919039546225133
167178,0.8023961349143945
167179,0.6039696210816241
167180,0.3240963362588116
167181,0.35025293040209793
167182,0.06840710659437053
167183,0.8129814881306784
167184,0.5229818971825416
167185,0.34402625203957804
167186,0.26555646960971907
167187,0.7872475809127311
167188,0.1129755796037651
167189,0.40888369746524195
167190,0.9309429554451621
167191,0.534903486485381
167192,0.38915830761609116
167193,0.33030028951781876
167194,0.9344926166138687
167195,0.9722935537971377
167196,0.054508433285913614
167197,0.6310624894896397
167198,0.8975643234054932
167199,0.15667595365896891
167200,0.6779625581194523
167201,0.6291944859808837
167202,0.8685898164266138
167203,0.18533685420937093
167204,0.4359356606869344
167205,0.06362119979456506
167206,0.8599997272987578
167207,0.022629658078092547
167208,0.09887238036369254
167209,0.9848332659155262
167210,0.09944959799291885
167211,0.8466191863503938
167212,0.1700519495866304
167213,0.36405615827580096
167214,0.8306979788292936
167215,0.792492534803496
167216,0.8496552601797102
167217,0.03682375773221647
167218,0.970557355888756
167219,0.23205512201108078
167220,0.6513105567195859
167221,0.8064502933810864
167222,0.1526945155235182
167223,0.7458969825607555
167224,0.030183482485762726
167225,0.584298771480904
167226,0.09553633516800669
167227,0.3070479636034742
167228,0.9312883770185573
167229,0.6944291681248609
167230,0.2838047277305348
167231,0.41115620781652656
167232,0.098836020198072
167233,0.6005608555546971
167234,0.3033165016066648
167235,0.8037914562700833
167236,0.2796278537048736
167237,0.7922471036855573
167238,0.21971084578290254
167239,0.4943255416528422
167240,0.8480554128924057
167241,0.7033919489503275
167242,0.8322751010130851
167243,0.2730148485826353
167244,0.29490366828620906
167245,0.019061816826575647
167246,0.5518155085196413
167247,0.6790806332122843
167248,0.15332627340117536
167249,0.902377500329514
167250,0.6136505151780967
167251,0.2554301634843947
167252,0.6811440726112508
167253,0.756877752578163
167254,0.620127169679258
167255,0.591043582203517
167256,0.9607219310883961
167257,0.0025861167797619315
167258,0.9676076374527887
167259,0.6013289640534313
167260,0.15627144681644026
167261,0.6405661277787121
167262,0.9527090595897665
167263,0.6200589943687195
167264,0.4982297144363493
167265,0.9061362324505388
167266,0.10888506097145272
167267,0.9626399298248804
167268,0.6092191199930916
167269,0.37149181214520427
167270,0.8551320101263062
167271,0.26508378745665184
167272,0.20059903372859864
167273,0.12684243776730403
167274,0.3022893269278841
167275,0.8537503238327251
167276,0.6351302830184392
167277,0.7122547393203377
167278,0.14769499275069198
167279,0.8706759809290932
167280,0.30762972625340307
167281,0.030683434763045348
167282,0.9105494475527336
167283,0.32674608332840954
167284,0.8098272437630953
167285,0.01883911081214975
167286,0.5526745174324269
167287,0.09973138927647815
167288,0.855681957631317
167289,0.0073765686002699735
167290,0.9025683911990219
167291,0.27778257529963046
167292,0.3571659068907058
167293,0.09246844619377241
167294,0.02630203480576854
167295,0.14866762718104182
167296,0.026011153480804104
167297,0.1711700246794624
167298,0.9300021361597303
167299,0.8974097927016058
167300,0.7532326459747024
167301,0.28869517000649936
167302,0.1479722390135487
167303,0.9293203830543448
167304,0.07235672958490326
167305,0.3804182328050504
167306,0.9731889228755438
167307,0.9878693397448425
167308,0.4710595806763899
167309,0.23476395434981207
167310,0.2770053767594911
167311,0.0037405520382145343
167312,0.7685039155353354
167313,0.25139873012121566
167314,0.17277896200817194
167315,0.005158598497416155
167316,0.018111907499738664
167317,0.14014116834302182
167318,0.038555410619895376
167319,0.2664336586053149
167320,0.7346889615082197
167321,0.7144727094231915
167322,0.5888892423904992
167323,0.11328009599083724
167324,0.12862408588271118
167325,0.26444748455829215
167326,0.9521909272296736
167327,0.25677094459165256
167328,0.18693215647597275
167329,0.6036651046945519
167330,0.9481276787215767
167331,0.9189304657282714
167332,0.9234709414101381
167333,0.7376841301512128
167334,0.9813290549538454
167335,0.04948618540957454
167336,0.6569236572872589
167337,0.11249835242999531
167338,0.7230900686752628
167339,0.07357479513319183
167340,0.8488553365360579
167341,0.4058748937601411
167342,0.4743683557478604
167343,0.6420068993414265
167344,0.5016157548597635
167345,0.9358879379695575
167346,0.8248167220401689
167347,0.4877807118411424
167348,0.9566768626631095
167349,0.6804168692988397
167350,0.35536153367178586
167351,0.12531985583194333
167352,0.7811163479849651
167353,0.030842510487635273
167354,0.7247217311074852
167355,0.4112243831270651
167356,0.7768167584003345
167357,0.5318855927388749
167358,0.9608946418750938
167359,0.4315360806468473
167360,0.31490175937751397
167361,0.1431954222551484
167362,0.14199553678967008
167363,0.6105508110589444
167364,0.8217124729003141
167365,0.4753682603024257
167366,0.2725194413260552
167367,0.5803855086559919
167368,0.09512273828407287
167369,0.802159793837861
167370,0.2842864999250071
167371,0.3843769458369883
167372,0.2894541884638285
167373,0.5319174078837929
167374,0.9710391280832285
167375,0.6111962039987092
167376,0.5636416523877267
167377,0.4023115975293267
167378,0.7186404934074475
167379,0.7114366355938752
167380,0.6864617468332568
167381,0.6881252244103971
167382,0.20853009485458207
167383,0.11899318701396684
167384,0.29931233836770127
167385,0.22348775798673765
167386,0.003799637307347935
167387,0.3010076310897596
167388,0.5250135214365902
167389,0.28280482317596956
167390,0.6502379318337795
167391,0.1432817776484972
167392,0.6684316497061644
167393,0.6054058476236359
167394,0.597838388153858
167395,0.6098826930156667
167396,0.9090223205966703
167397,0.36713768231214294
167398,0.43873993846041964
167399,0.5038382699833198
167400,0.38255893755596054
167401,0.40984269683348407
167402,0.6967062234968481
167403,0.9311792965216957
167404,0.2720013089659623
167405,0.2484581017266534
167406,0.507033419537226
167407,0.5178278437058281
167408,0.5378032096936203
167409,0.1623663195785857
167410,0.7091095849941597
167411,0.846987333027302
167412,0.6344576199544588
167413,0.8176446793715145
167414,0.33217738306797984
167415,0.4572972579890101
167416,0.24423123247326392
167417,0.28954054385717726
167418,0.6420796196726676
167419,0.7490103217420155
167420,0.23562750828330023
167421,0.7625908436012927
167422,0.7026147504101882
167423,0.9764477027192859
167424,0.9920234886669909
167425,0.9664395671322283
167426,0.8273982937992284
167427,0.3083978347521373
167428,0.252175928661355
167429,0.41036991923498206
167430,0.7096049922507397
167431,0.8169901963903445
167432,0.05150417460151531
167433,0.21077079006094873
167434,0.12651974129742163
167435,0.8797705673549343
167436,0.8965371487267124
167437,0.08442375955022474
167438,0.09803155153371723
167439,0.7933969939233074
167440,0.16227996418523688
167441,0.25693911035764766
167442,0.8295299085087333
167443,0.7735488885151872
167444,0.6713041027901883
167445,0.9352743601747106
167446,0.05714454529340381
167447,0.7259579767385841
167448,0.2633248644447575
167449,0.6068557092277556
167450,0.2663836633775867
167451,0.9656441885092787
167452,0.8534412624249503
167453,0.6637820935274361
167454,0.771599074633785
167455,0.19729025865712818
167456,0.19720390326377937
167457,0.9518455056562783
167458,0.017243808545547926
167459,0.1980583671558624
167460,0.47528644992977936
167461,0.06865708273301184
167462,0.3783411583439762
167463,0.0305425391212657
167464,0.1997763849814336
167465,0.48848519005004065
167466,0.3120883915626235
167467,0.3226646547375023
167468,0.8760891005858532
167469,0.015584875989110129
167470,0.03453306729812154
167471,0.05647188222942356
167472,0.09028683625653915
167473,0.4153285368214852
167474,0.995600419959913
167475,0.1933360906458929
167476,0.16487062598570137
167477,0.5147554097108912
167478,0.23525481658568956
167479,0.6299625944796179
167480,0.1410456274628331
167481,0.5444798451056945
167482,0.9876466337304167
167483,0.2679017002922448
167484,0.007108412378818385
167485,0.5862440403416038
167486,0.7955513337363253
167487,0.3732280100535858
167488,0.24269047045509293
167489,0.619977183996073
167490,0.0853782138977643
167491,0.5923707282486672
167492,0.11839324428122769
167493,0.5007976511333009
167494,0.4548883970166484
167495,0.3183241599665486
167496,0.6273901127619637
167497,0.9122220151712792
167498,0.08723258234441258
167499,0.9288976961290059
167500,0.628589998227442
167501,0.01935724317224265
167502,0.38402243422218785
167503,0.42705923525481654
167504,0.5131146572372638
167505,0.21724744456210998
167506,0.05825807536553329
167507,0.9971048218124633
167508,0.21702928356838666
167509,0.7209766340485682
167510,0.006163048072683971
167511,0.18709123220056267
167512,0.11777966648638084
167513,0.7404202326141596
167514,0.8501506674362902
167515,0.73339817562869
167516,0.886601733470896
167517,0.7692174837856387
167518,0.6921021175251453
167519,0.9275705500838556
167520,0.33753141745560644
167521,0.6204180510042223
167522,0.2447220947091414
167523,0.5899527772349002
167524,0.22793733325455298
167525,0.21588393835133918
167526,0.0900414051386004
167527,0.7355388803796001
167528,0.6228496370800969
167529,0.5506883433854042
167530,0.6530694797314802
167531,0.8928147767713083
167532,0.18171901773012578
167533,0.9308293299275978
167534,0.36589234663963893
167535,0.03842815004022344
167536,0.7500556765036065
167537,0.15949841151526448
167538,0.3666150049313474
167539,0.7770712795596785
167540,0.9024638557228628
167541,0.9568359383876993
167542,0.10491271287740714
167543,0.07183405220410778
167544,0.27636452884042884
167545,0.43887174406079416
167546,0.5731952859045273
167547,0.5686457201812555
167548,0.9485412756055104
167549,0.7477195358624859
167550,0.27099685939069446
167551,0.5695729044045796
167552,0.9149808427377387
167553,0.05453115838942646
167554,0.38368610269019776
167555,0.0736066102781098
167556,0.7260443321319329
167557,0.7777121274787406
167558,0.1334963480758655
167559,0.3121656569145672
167560,0.01863458488053413
167561,0.9871148663082161
167562,0.9947050508815068
167563,0.68814794951391
167564,0.30367555824216774
167565,0.8340976543148154
167566,0.09025502111162116
167567,0.1769740161166434
167568,0.8786933974484253
167569,0.6630503451943224
167570,0.8318705941705565
167571,0.14000481772194473
167572,0.965535108012417
167573,0.11367551279196077
167574,0.06553465351034674
167575,0.09456824575835943
167576,0.5989064680189619
167577,0.7851159662032261
167578,0.5560014725867077
167579,0.9409192758873016
167580,0.29100858554410713
167581,0.24476299989546452
167582,0.8522913721872003
167583,0.3151471904954527
167584,0.8325887074415624
167585,0.10497634316724312
167586,0.06868435285722727
167587,0.09832697787938423
167588,0.6954654328450466
167589,0.6669681530399372
167590,0.10799423691374913
167591,0.5730543902627477
167592,0.09113675512791959
167593,0.42574117925107147
167594,0.5692865681003176
167595,0.05843078615223092
167596,0.9808427377386704
167597,0.021152526349757526
167598,0.1838324523568205
167599,0.8252394089655078
167600,0.6861390503633744
167601,0.506347121411138
167602,0.2896041741470132
167603,0.993332454629331
167604,0.0654073929306748
167605,0.4476890842237786
167606,0.14354993386994877
167607,0.23385040518859562
167608,0.826789261025084
167609,0.1094213734143559
167610,0.41517855113830043
167611,0.4625831170660982
167612,0.4215461251426
167613,0.968680262338595
167614,0.269746978697488
167615,0.319596765763268
167616,0.3052708605087696
167617,0.11023947714081837
167618,0.23713191013585067
167619,0.7432199653669422
167620,0.8131723790001864
167621,0.7011421637025557
167622,0.33288186127687813
167623,0.606755718772299
167624,0.3561114620877098
167625,0.10681253153108113
167626,0.1976902204789543
167627,0.8200171801782558
167628,0.7764486117234264
167629,0.7815072197653861
167630,0.23313683693829224
167631,0.7303075615509429
167632,0.35187095777221267
167633,0.7931515628053686
167634,0.9327109684984616
167635,0.08456011017130183
167636,0.47254580244613015
167637,0.6073511164843356
167638,0.9025093059298885
167639,0.9995727680539584
167640,0.21330236659227983
167641,0.4641511492084846
167642,0.24528113225555742
167643,0.5543607201130801
167644,0.27037873657514505
167645,0.24344494389171945
167646,0.3082751191931679
167647,0.2690743156335077
167648,0.4252594070565991
167649,0.18825475750042042
167650,0.0564946073329364
167651,0.8625131237472787
167652,0.34036751037400975
167653,0.03806000336331532
167654,0.33128655901027626
167655,0.3729780339149445
167656,0.2623658650765154
167657,0.16377982101708474
167658,0.6484199235527518
167659,0.4747092323005531
167660,0.5244135787038511
167661,0.9603628744528933
167662,0.2404906804350494
167663,0.7083323864540203
167664,0.4050386099508683
167665,0.96539875739134
167666,0.9566041423318684
167667,0.36086555374259727
167668,0.3307184314224551
167669,0.22661018720940274
167670,0.16163457124547204
167671,0.5557469514273637
167672,0.6792033487712537
167673,0.471618618222806
167674,0.6301898455147463
167675,0.7109775885029156
167676,0.6215724862626749
167677,0.3283550206571191
167678,0.6185409574540612
167679,0.3923489121492948
167680,0.2100935819762659
167681,0.45072515805309493
167682,0.7498556955926935
167683,0.6954472527622364
167684,0.4047431836052013
167685,0.18999550042950447
167686,0.946805077697129
167687,0.4000481772194472
167688,0.15708500552220017
167689,0.3037210084491935
167690,0.30796151276469064
167691,0.39219438144540747
167692,0.2025306675271906
167693,0.7135546152412725
167694,0.928865880984088
167695,0.5996791215383986
167696,0.3722871907681539
167697,0.8280755018839111
167698,0.7161816372073575
167699,0.6679635125737998
167700,0.23873630244385763
167701,0.2490171392730694
167702,0.31563805273133017
167703,0.22039259888828794
167704,0.18496870753246283
167705,0.4558883015712136
167706,0.7458060821467042
167707,0.6512923766367755
167708,0.2584526022516032
167709,0.6654728412287918
167710,0.7821571577258535
167711,0.5492793869676076
167712,0.7214402261602302
167713,0.6247312756509606
167714,0.32855500156803213
167715,0.07296576235904755
167716,0.24333586339485777
167717,0.18883652015034927
167718,0.4988978324796269
167719,0.6476563600747202
167720,0.893819226346576
167721,0.26221133437262806
167722,0.5179278341612846
167723,0.8878925193504257
167724,0.10034042205062244
167725,0.5289631444271229
167726,0.015243999436417433
167727,0.3109884965526018
167728,0.5403847814526795
167729,0.13849587084869172
167730,0.5021747924061795
167731,0.2554483435672049
167732,0.3739461233245917
167733,0.094540975634144
167734,0.7670904140968362
167735,0.04067339026729267
167736,0.518545956976834
167737,0.8709895873575704
167738,0.5617736488789706
167739,0.16318442330504818
167740,0.5623054163011713
167741,0.8600769926507016
167742,0.9378104817267443
167743,0.7050099763204423
167744,0.026788352020943457
167745,0.08725076242722285
167746,0.7379841015175824
167747,0.341208339203985
167748,0.9064952890860418
167749,0.5579194713231919
167750,0.2946582371682703
167751,0.5934342630930685
167752,0.5783811545261589
167753,0.8574454256639139
167754,0.6089418737302348
167755,0.4937210538994005
167756,0.7322391953495349
167757,0.16212088846064693
167758,0.28827248308116044
167759,0.9167488557910382
167760,0.5175369623808637
167761,0.9456506424386764
167762,0.1318510505815354
167763,0.9730889324200872
167764,0.1508446920975725
167765,0.6099690484090156
167766,0.5664686552647248
167767,0.23106430749792067
167768,0.27531462905813536
167769,0.33505892619340877
167770,0.11342099163261687
167771,0.6097463423945896
167772,0.7902700196799397
167773,0.04228687261670477
167774,0.018352793596974833
167775,0.8153176287717991
167776,0.7730716613414175
167777,0.9549815699410511
167778,0.06703451034219461
167779,0.8137314165466024
167780,0.07140682025806627
167781,0.2848818976370437
167782,0.730084855536517
167783,0.4863035801128074
167784,0.8077456242813186
167785,0.5202730648438103
167786,0.7042327777803028
167787,0.8496507151590076
167788,0.19339063089432373
167789,0.13355088832429632
167790,0.4039296248994414
167791,0.8953372632612342
167792,0.12796960290154122
167793,0.31453815772130844
167794,0.6368755709682258
167795,0.6043695829034502
167796,0.9885101876639049
167797,0.8306207134773499
167798,0.6983560660118807
167799,0.14227732807322938
167800,0.8147813163288958
167801,0.44442575935933387
167802,0.32565073333909034
167803,0.9652578617495603
167804,0.5085696365346944
167805,0.18862744919803112
167806,0.2454492980215525
167807,0.4393944214415897
167808,0.08273755686957154
167809,0.9509864967434927
167810,0.9736570600079084
167811,0.15446707359752024
167812,0.9285931797419337
167813,0.14108653264915622
167814,0.06803441489675985
167815,0.8483735643415856
167816,0.4650010680798651
167817,0.5932433722235605
167818,0.5032883224783089
167819,0.3840497043464033
167820,0.6603415128555911
167821,0.6106462564936984
167822,0.0022316051649615264
167823,0.7320937546870526
167824,0.29532635521154793
167825,0.1368278482508488
167826,0.2510623985892256
167827,0.35902482035805666
167828,0.617550142940901
167829,0.3229600810831693
167830,0.20046722812822415
167831,0.688370655528336
167832,0.9442416860208799
167833,0.7767440380690934
167834,0.5526336122461039
167835,0.8600360874643784
167836,0.32230105308129675
167837,0.3696556237813663
167838,0.6799032819594494
167839,0.34676235450252474
167840,0.4801268969780157
167841,0.1462860363328955
167842,0.5171097304348221
167843,0.32581889910508544
167844,0.5305629917144273
167845,0.4348266756355075
167846,0.49108948691261284
167847,0.044718458692579344
167848,0.6588143858995278
167849,0.7846705541743744
167850,0.9218710941228337
167851,0.11852959490230477
167852,0.043813999572768055
167853,0.620231705155417
167854,0.9578631130664801
167855,0.3083569295658141
167856,0.9234482163066252
167857,0.656764581562669
167858,0.035496611687066235
167859,0.7849523454579336
167860,0.43866267310847595
167861,0.8850109762249968
167862,0.7831252471355007
167863,0.7631089759613856
167864,0.8884061066898159
167865,0.918080546856891
167866,0.6510287654360266
167867,0.303757368614814
167868,0.6784079701483041
167869,0.6590461819553589
167870,0.15139009458188082
167871,0.6545647915426255
167872,0.5351307375205094
167873,0.7449561632753237
167874,0.49418464601106254
167875,0.8879152444539385
167876,0.9355470614168647
167877,0.580458228987233
167878,0.14342721831097943
167879,0.47181405411301647
167880,0.45185686820803467
167881,0.9150899232346004
167882,0.182750737429609
167883,0.5907299757750397
167884,0.7183768822066985
167885,0.607178405697638
167886,0.5594238731757424
167887,0.9284068338931284
167888,0.7004376854936575
167889,0.586789442825912
167890,0.08643720372146295
167891,0.5051426909249572
167892,0.13827316483426583
167893,0.5266679089723254
167894,0.17673313001940724
167895,0.16563873448443558
167896,0.8999459142536395
167897,0.5884347403202421
167898,0.5965521472950309
167899,0.36596961199158257
167900,0.04267774439712573
167901,0.45465205594011476
167902,0.1471177751214657
167903,0.06095781766285945
167904,0.5580421868821613
167905,0.5578376609505457
167906,0.2027397384795088
167907,0.8091273105748997
167908,0.24530840237977286
167909,0.6915839851650525
167910,0.415183096159003
167911,0.2793506074420169
167912,0.42045532017398335
167913,0.7792119843105886
167914,0.16509333200012727
167915,0.4232186927611455
167916,0.9075451888683354
167917,0.9143081796737584
167918,0.1146026970152849
167919,0.1261652296826212
167920,0.1721517491512174
167921,0.46862799460051535
167922,0.4790497270715068
167923,0.7482376682225788
167924,0.4454483890174119
167925,0.7624726730630258
167926,0.3636425613918671
167927,0.033814954027115596
167928,0.7675085560014726
167929,0.29096768035778403
167930,0.5764267956240542
167931,0.6843801273514801
167932,0.2921402956990469
167933,0.6120370328286846
167934,0.6565055153826226
167935,0.8242531394730503
167936,0.7644724821721564
167937,0.42060985087787073
167938,0.36335622508760523
167939,0.1437817299257798
167940,0.10534903486485381
167941,0.35727044236686495
167942,0.4198462873998391
167943,0.5547879520591217
167944,0.3567614000481772
167945,0.11573895219092722
167946,0.1415092195744952
167947,0.9922416496607142
167948,0.21523854541157436
167949,0.7938742210970772
167950,0.17873748414924032
167951,0.8050458819839925
167952,0.32061030537994095
167953,0.7777030374373356
167954,0.17641043354952482
167955,0.5952295462705832
167956,0.2547529553997118
167957,0.9221574304270955
167958,0.8877652587707537
167959,0.5651415092195746
167960,0.45465205594011476
167961,0.4144513478258893
167962,0.14105471750423823
167963,0.4431304284591016
167964,0.26152503624654005
167965,0.7379341062898542
167966,0.8017871021402503
167967,0.8477463514846311
167968,0.620327150590171
167969,0.7718490507724263
167970,0.8373018939101268
167971,0.37508692352093664
167972,0.3067389021956995
167973,0.3910899414146831
167974,0.5214456801850733
167975,0.006308488735166188
167976,0.5760131987401202
167977,0.0752064575654142
167978,0.15036291990310016
167979,0.3745597011194386
167980,0.12467900791288103
167981,0.6441203339681212
167982,0.39964821539762113
167983,0.9014048658991642
167984,0.9337335981565396
167985,0.38582680744110787
167986,0.24379945550651985
167987,0.7237400066357302
167988,0.15565332400089082
167989,0.8856881843096795
167990,0.9238799932733693
167991,0.28123224601288055
167992,0.3540571127301485
167993,0.9100085900891278
167994,0.20306697997009376
167995,0.40447957240445226
167996,0.4042795914935392
167997,0.7472513987301213
167998,0.45509292294826403
167999,0.4086655364715186
168000,0.9016366619549953
168001,0.8338749483003894
168002,0.9722071984037888
168003,0.8336886024515842
168004,0.9662395862213152
168005,0.0024906713450079765
168006,0.16157094095563604
168007,0.11479358788479281
168008,0.8904513660059722
168009,0.9314565427845524
168010,0.6511969312020217
168011,0.18141450134305362
168012,0.9311111212111571
168013,0.46780989087405295
168014,0.7868248939873922
168015,0.8221442498670581
168016,0.32851409638170903
168017,0.9110130396643957
168018,0.536835120283973
168019,0.19063634834856674
168020,0.17457424518568682
168021,0.2758418514596334
168022,0.6232268737984101
168023,0.8279664213870495
168024,0.21948359474777407
168025,0.6326759718390518
168026,0.5978202080710479
168027,0.4822403316047104
168028,0.25236681953086293
168029,0.5950477454424805
168030,0.603928715895301
168031,0.0888869698801478
168032,0.2766735902482036
168033,0.04139604855900118
168034,0.3699510501270333
168035,0.6973879766022335
168036,0.6351802782461674
168037,0.6447793619699939
168038,0.8622949627535554
168039,0.2525486203589657
168040,0.02701560305607192
168041,0.025543016348439467
168042,0.9276023652287736
168043,0.293394721412956
168044,0.6058239895282723
168045,0.44929802155248816
168046,0.39732116479790563
168047,0.7406383936078829
168048,0.014171374550611078
168049,0.7243126792442539
168050,0.39767113139200344
168051,0.8055412892405726
168052,0.5394848673535708
168053,0.27102867453561247
168054,0.08980051904136423
168055,0.11869776066829983
168056,0.891128574090655
168057,0.0464728366837711
168058,0.5202866999059181
168059,0.13147381386322216
168060,0.5656005563105341
168061,0.09524090882233968
168062,0.8545775176005928
168063,0.5343080887733443
168064,0.39029910781243604
168065,0.3102340231159753
168066,0.21505219956276903
168067,0.27911426636548325
168068,0.6089236936474246
168069,0.11850232477808936
168070,0.6694270092400271
168071,0.2521350234750319
168072,0.6736447884520114
168073,0.7236809213665969
168074,0.6576190454547521
168075,0.5769267479013368
168076,0.07432017852841319
168077,0.15531244744819814
168078,0.4516159821107985
168079,0.011385276859936096
168080,0.11603892355729681
168081,0.6598597406611187
168082,0.7321664750182937
168083,0.7812254284818269
168084,0.65092877498057
168085,0.02767917607864704
168086,0.25398030188027504
168087,0.14887215311265745
168088,0.7017739215802128
168089,0.6030288017961922
168090,0.5946705087241673
168091,0.8914512705605374
168092,0.8660673299366879
168093,0.19143172697151636
168094,0.7202267056326442
168095,0.8322705559923826
168096,0.487689811427091
168097,0.971434544884352
168098,0.17721035719317701
168099,0.6950791060853282
168100,0.7958422150612897
168101,0.640693388358384
168102,0.4687779802837002
168103,0.044913894582789826
168104,0.34143104521841094
168105,0.14774953299912283
168106,0.026002063439398967
168107,0.3492893860131533
168108,0.3096068102590207
168109,0.001318056003745097
168110,0.302639293521982
168111,0.32936401525308945
168112,0.35802491580349144
168113,0.3886083601110803
168114,0.07757895837215538
168115,0.44279409692711147
168116,0.19212257011830688
168117,0.9411783420673481
168118,0.5146190590898142
168119,0.5556651410547175
168120,0.3812545166143232
168121,0.3226328395925843
168122,0.8322796460337878
168123,0.8394925938887652
168124,0.6174501524854445
168125,0.5212184291499449
168126,0.7471604983160699
168127,0.22723285504565474
168128,0.2973807045691093
168129,0.7591502629294477
168130,0.4678280709568632
168131,0.8583862449493458
168132,0.3103203785093241
168133,0.8373882493034757
168134,0.5298948736711496
168135,0.6222269692438449
168136,0.10017680130532994
168137,0.49050772426268396
168138,0.29211757059553406
168139,0.6037878202535213
168140,0.37707764258866194
168141,0.031119756750492
168142,0.052854045750178394
168143,0.11304375491430363
168144,0.39878011644343037
168145,0.19176351348280393
168146,0.2347594093291095
168147,0.4342358229441735
168148,0.6756991378095728
168149,0.6247494557337709
168150,0.622099708664173
168151,0.6360801923452762
168152,0.22111525717999644
168153,0.40355238818112815
168154,0.49089859604310493
168155,0.23236872843955805
168156,0.47045054790224566
168157,0.32002399770930956
168158,0.9251662341321965
168159,0.9848287208948238
168160,0.7143818090091401
168161,0.010530812967853067
168162,0.265029247208221
168163,0.7895973566159593
168164,0.2734239004458665
168165,0.5842078710668527
168166,0.7533053663059436
168167,0.6957835842942265
168168,0.77208539184896
168169,0.6357893110203118
168170,0.19950368373927943
168171,0.027920062175883213
168172,0.6660273337545053
168173,0.1654614786770354
168174,0.984487844342131
168175,0.8061821371596347
168176,0.3325591648069957
168177,0.5433708600542676
168178,0.9580312788324752
168179,0.943164516114371
168180,0.843546752355457
168181,0.23002804277773486
168182,0.6455020202617023
168183,0.554447075506429
168184,0.7294440076174548
168185,0.1900909458642584
168186,0.9270660527858705
168187,0.03403311502083892
168188,0.3577113093750142
168189,0.3467850796060376
168190,0.7753896218997277
168191,0.846460110625804
168192,0.10481272242195062
168193,0.02526122506488017
168194,0.5998609223665015
168195,0.13630062584935076
168196,0.8425468478008917
168197,0.7578185718635949
168198,0.23191422636930112
168199,0.11882956626867434
168200,0.42974988751073756
168201,0.23959531135664325
168202,0.17038373609791793
168203,0.09666350030224387
168204,0.4508887787983874
168205,0.9687757077733489
168206,0.6796078556137825
168207,0.8644174874216553
168208,0.9541861913181015
168209,0.8900741292876589
168210,0.8405970339194896
168211,0.46487380750019314
168212,0.6829257207266579
168213,0.9241663295776312
168214,0.10364465210139032
168215,0.6414614968571183
168216,0.8059367060416961
168217,0.7751260106989788
168218,0.7421427954604334
168219,0.16490698615132193
168220,0.39275796401252605
168221,0.12684243776730403
168222,0.3452488626085692
168223,0.9065498293344727
168224,0.42901813917762394
168225,0.12059303430127123
168226,0.9176305898073366
168227,0.5570195572240833
168228,0.07789710982133523
168229,0.5692502079346972
168230,0.6687770712795598
168231,0.9448961690020498
168232,0.9581312692879317
168233,0.7068916148913059
168234,0.04456847300939456
168235,0.10225842078710667
168236,0.6114189100131351
168237,0.9230118943191786
168238,0.46062421314329083
168239,0.2042168702078438
168240,0.623440489771431
168241,0.6920884824630377
168242,0.25066243676739947
168243,0.019734479890555903
168244,0.2599160989178305
168245,0.15941205612191564
168246,0.18325068970689162
168247,0.8853473077569869
168248,0.6915203548752165
168249,0.4394444166693179
168250,0.6592825230318925
168251,0.4788906513469169
168252,0.5706591643524938
168253,0.02370682798460147
168254,0.8688716077101731
168255,0.9187532099208712
168256,0.2990850873325728
168257,0.8325023520482135
168258,0.9535771585439572
168259,0.2442448675353716
168260,0.5179141990991769
168261,0.5736588780161893
168262,0.8313388267483559
168263,0.23899991364460665
168264,0.6870480545038883
168265,0.9542270965044246
168266,0.29253571250017046
168267,0.07903336499697755
168268,0.9546906886160866
168269,0.7064598379245618
168270,0.109166852255012
168271,0.4998613768685716
168272,0.11205748542184608
168273,0.8907013421446135
168274,0.6290672254012117
168275,0.4529022229696256
168276,0.851418728212307
168277,0.8912194745047064
168278,0.9393921489312385
168279,0.14945846078328887
168280,0.9007821980629123
168281,0.14724049068043507
168282,0.35109830425277583
168283,0.7197131182932538
168284,0.5859077088096136
168285,0.8601678930647529
168286,0.19234982115343538
168287,0.5300403143336317
168288,0.633907672449448
168289,0.9509546815985747
168290,0.2192154385263225
168291,0.29891692156657773
168292,0.7384295135464342
168293,0.10884870080583217
168294,0.24893532890042314
168295,0.1454724776271356
168296,0.3351680066902704
168297,0.10785788629267205
168298,0.6504197326618822
168299,0.1816553874402898
168300,0.10534448984415123
168301,0.14616332077392613
168302,0.11152117297894291
168303,0.24014071384095154
168304,0.058939828470918686
168305,0.46676908113316457
168306,0.7171088214306816
168307,0.5042200517223355
168308,0.6602006172138115
168309,0.09814063203057889
168310,0.8607587457560869
168311,0.6233995845851078
168312,0.30264383854268456
168313,0.7515146281491313
168314,0.4422668745256135
168315,0.6801487130773881
168316,0.012062484944618921
168317,0.4314542702742011
168318,0.6003108794160558
168319,0.6978697487967057
168320,0.714668145313402
168321,0.10079946914158193
168322,0.3963030801605301
168323,0.5524881715836216
168324,0.13802773371632707
168325,0.5221865185595921
168326,0.41433317728762253
168327,0.7945696092645702
168328,0.7281895819035455
168329,0.6059830652528623
168330,0.5166097781575395
168331,0.3683966530467546
168332,0.8775480522313779
168333,0.7228082773917036
168334,0.9614354993386995
168335,0.731561987264852
168336,0.7982147158680308
168337,0.7847523645470206
168338,0.522577390340013
168339,0.8411651615073107
168340,0.775271451361461
168341,0.7032965035155735
168342,0.8632812322460129
168343,0.6776398616495699
168344,0.35709318655946476
168345,0.9405693092932039
168346,0.9018320978452058
168347,0.41648751710064036
168348,0.9427236491062218
168349,0.49121220247158226
168350,0.6554556156003291
168351,0.9496820758018554
168352,0.6485153689875057
168353,0.2609750887415292
168354,0.2614386808531913
168355,0.19527681448589
168356,0.6275764586107689
168357,0.025588466555465164
168358,0.9799337335981566
168359,0.15169461096895295
168360,0.20481681294058296
168361,0.703651015130374
168362,0.9560860099717754
168363,0.9990728157766758
168364,0.5048881697656132
168365,0.6317896928020508
168366,0.0642075074651965
168367,0.7442244149422101
168368,0.6530649347107776
168369,0.8717258807113867
168370,0.7492330277564415
168371,0.8469009776339531
168372,0.7487330754791589
168373,0.3024120424868535
168374,0.5242590479999637
168375,0.3933533617245626
168376,0.28240031633344087
168377,0.30547084141968267
168378,0.9206848437194631
168379,0.5054562973534346
168380,0.5305220865281042
168381,0.6522877361706383
168382,0.4275046472836684
168383,0.43283141154707955
168384,0.3987710264020253
168385,0.38392698878743386
168386,0.9304702732920949
168387,0.2854091200385418
168388,0.7825798446511925
168389,0.1306557101367597
168390,0.3679239708936874
168391,0.7301393957849479
168392,0.027842796823939534
168393,0.19004095063653018
168394,0.5826352939037638
168395,0.30153030847055506
168396,0.22554210734429894
168397,0.5881893092023035
168398,0.1460496952563619
168399,0.8580180982724376
168400,0.05485385485930888
168401,0.7106957972193563
168402,0.5260406961153707
168403,0.3881493130201208
168404,0.5464705641734199
168405,0.12451538716758855
168406,0.3633198649219847
168407,0.0740974725139873
168408,0.012321551124665374
168409,0.3821680657755396
168410,0.20983906081692202
168411,0.4454211188931966
168412,0.6259447961785466
168413,0.45329763977074916
168414,0.5062834911213021
168415,0.08084228323660013
168416,0.8664582017171089
168417,0.27887792528894967
168418,0.40478408879152444
168419,0.6286172683516573
168420,0.7758804841356053
168421,0.6943291776694043
168422,0.3222919630398916
168423,0.24971707246126507
168424,0.05436753764413397
168425,0.019911735697956102
168426,0.03484212870589626
168427,0.9764204325950705
168428,0.5405302221151618
168429,0.5955476977197631
168430,0.9657896291717609
168431,0.7835252089573269
168432,0.39767113139200344
168433,0.31912408361020084
168434,0.2845864712913767
168435,0.06263947532281008
168436,0.6768944782543485
168437,0.04013707782438949
168438,0.8358293072024944
168439,0.3917580594579608
168440,0.982219879011549
168441,0.5564059794292364
168442,0.12547893155653325
168443,0.9876966289581449
168444,0.7496238995368624
168445,0.5728044141241064
168446,0.5175460524222688
168447,0.4738093182014444
168448,0.8138677671676795
168449,0.9473732052849501
168450,0.5126101599392786
168451,0.2007399293703783
168452,0.25853895764495205
168453,0.5883120247612729
168454,0.20132623704100974
168455,0.03798273801137164
168456,0.029983501574849674
168457,0.1469950595624963
168458,0.8661264152058212
168459,0.8620131714699961
168460,0.85227319210439
168461,0.812004308679626
168462,0.5121738379518318
168463,0.8544002617931925
168464,0.963203512391999
168465,0.6413206012153385
168466,0.5988701078533413
168467,0.008658264438394517
168468,0.18070547811345283
168469,0.7261761377323074
168470,0.1060307879702392
168471,0.4369310202207971
168472,0.7409201848914422
168473,0.8430967953059026
168474,0.042632294190100034
168475,0.64862899450507
168476,0.4091109485003704
168477,0.45072061303239236
168478,0.4843810363556206
168479,0.2705105421755196
168480,0.8892378454783862
168481,0.8346930520268521
168482,0.31387458469873325
168483,0.9979138354975208
168484,0.9177942105526291
168485,0.2709286840801559
168486,0.47067779893737416
168487,0.9397602956081466
168488,0.9342244603924171
168489,0.37274169283841085
168490,0.45726998786479467
168491,0.8916967016784761
168492,0.7559960185618646
168493,0.9357015921207521
168494,0.6463519391330828
168495,0.5827852795869486
168496,0.46135141645570193
168497,0.9669258843474032
168498,0.5201412592434359
168499,0.023765913253734873
168500,0.6408433740415688
168501,0.9134809859058909
168502,0.14684052885860896
168503,0.7422155157916744
168504,0.6365074242913177
168505,0.3231964221597029
168506,0.8040277973466169
168507,0.761890910413097
168508,0.9627126501561215
168509,0.8119952186382209
168510,0.3723871812236104
168511,0.9244299407783803
168512,0.8501779375605055
168513,0.7811254380263702
168514,0.7795801309874967
168515,0.5876757218629131
168516,0.17101549397557508
168517,0.24456301898455146
168518,0.25939796655773767
168519,0.8182400770835512
168520,0.7933333636334714
168521,0.2708923239145354
168522,0.9032683243872176
168523,0.39940278427968234
168524,0.14442712286554465
168525,0.6090191390821785
168526,0.03777821207975603
168527,0.014762227241945087
168528,0.3215783947895882
168529,0.45624281318601406
168530,0.27824162239058997
168531,0.9665031974220644
168532,0.201048990778153
168533,0.18414605878529777
168534,0.15133555433345
168535,0.026647456379163808
168536,0.5339035819308157
168537,0.7377341253789411
168538,0.8027733716327078
168539,0.3215556696860754
168540,0.9768658446239222
168541,0.1909090495907209
168542,0.05379032001490767
168543,0.4187963876175456
168544,0.5111512082937538
168545,0.1340144804359584
168546,0.21756559601128983
168547,0.43733098204262316
168548,0.8140722930992952
168549,0.9801337145090696
168550,0.589407374750592
168551,0.8338022279691484
168552,0.42574572427177404
168553,0.7778439330791151
168554,0.8591861685929979
168555,0.563078069820608
168556,0.5828080046904615
168557,0.6572599888192491
168558,0.40947000513587334
168559,0.2733102749283023
168560,0.5138873107567006
168561,0.8755164279773295
168562,0.9749569359288432
168563,0.8741847369114766
168564,0.47441835097558865
168565,0.9145581558123997
168566,0.345367033146836
168567,0.3224101335781584
168568,0.6960153803500576
168569,0.8610087218947282
168570,0.021811554351630073
168571,0.8815840306152595
168572,0.6054013026029333
168573,0.909626808350112
168574,0.3113884583744279
168575,0.010476272719422237
168576,0.8429422646020153
168577,0.21251153299003278
168578,0.6410115398075639
168579,0.40039814381354505
168580,0.5315401711654797
168581,0.12908767799437326
168582,0.7807482013080569
168583,0.6151276469064316
168584,0.46398752846319213
168585,0.3800273610246295
168586,0.8671899500502225
168587,0.9556815031292467
168588,0.0074038387244853895
168589,0.0017361979083814728
168590,0.8675399166443204
168591,0.30084401034446706
168592,0.170224660373328
168593,0.37721399320973903
168594,0.03162425404847719
168595,0.02956990469091587
168596,0.5024429486276311
168597,0.03996891205839443
168598,0.8160266520013999
168599,0.8180400961726381
168600,0.419509955867849
168601,0.7208448284481936
168602,0.35093922852818593
168603,0.47845887438017276
168604,0.659023456851846
168605,0.9481594938664946
168606,0.7342208243758551
168607,0.13141472859408876
168608,0.38239986183137065
168609,0.58713940942001
168610,0.48263574840583395
168611,0.38564046159230253
168612,0.8594861399593675
168613,0.8085137327800528
168614,0.9567404929529455
168615,0.1513173742506397
168616,0.977238536321533
168617,0.7363751641888729
168618,0.39081269515182643
168619,0.22112434722140162
168620,0.6808713713690966
168621,0.011412546984151513
168622,0.8259620672572163
168623,0.9398466510014953
168624,0.5720863008531004
168625,0.30934774407897425
168626,0.03546479654214825
168627,0.399839106267129
168628,0.5481249517091551
168629,0.391935315265361
168630,0.6967743988073867
168631,0.15035837488239762
168632,0.9977593047936333
168633,0.30236204725912524
168634,0.6450656982742556
168635,0.9436144731639252
168636,0.38659946096054465
168637,0.9715436253812136
168638,0.4177283077524418
168639,0.8206398480145077
168640,0.9214847673631154
168641,0.40860190618168263
168642,0.2933265461024175
168643,0.5594556883206604
168644,0.4358493052935856
168645,0.9797337526872435
168646,0.8190718158721213
168647,0.04931801964357948
168648,0.31452452265920067
168649,0.5040927911426637
168650,0.5478204353220829
168651,0.9470323287322574
168652,0.23726826075692775
168653,0.7282213970484636
168654,0.9764976979470142
168655,0.6763036255630145
168656,0.4177828480008726
168657,0.8521732016489336
168658,0.7152726330668436
168659,0.37901836642865905
168660,0.5528699533226373
168661,0.11457542689106948
168662,0.9685075515518973
168663,0.37591411728880425
168664,0.6696724403579659
168665,0.8190899959549317
168666,0.5235545697910654
168667,0.1607937424154967
168668,0.7989600992632522
168669,0.3279914190009135
168670,0.31398366519559495
168671,0.976688588816522
168672,0.06825257589048318
168673,0.9387876611777967
168674,0.0544675280995905
168675,0.6734538975825035
168676,0.4476572690788606
168677,0.9124856263720281
168678,0.4447484558292163
168679,0.17792847046418298
168680,0.30601624390399096
168681,0.6432476899932279
168682,0.1692656610050859
168683,0.5512155657869021
168684,0.22403316047104593
168685,0.6472973034392172
168686,0.3986619459051636
168687,0.04025070334195373
168688,0.9442462310415825
168689,0.6440976088646083
168690,0.7607864703823727
168691,0.3447716354347994
168692,0.2494580062812186
168693,0.7212720603942351
168694,0.7285031883320229
168695,0.6477109003231509
168696,0.11549806609369105
168697,0.5112602887906155
168698,0.6571054581153617
168699,0.12672426722903724
168700,0.6432522350139306
168701,0.8988778343885357
168702,0.8323478213443263
168703,0.6362119979456506
168704,0.7476695406347577
168705,0.055671958585771356
168706,0.9561496402616114
168707,0.601278968825703
168708,0.30637530053949397
168709,0.10421732470991404
168710,0.8856290990405461
168711,0.5326627912790143
168712,0.2804277773485258
168713,0.20402597933833588
168714,0.3094931847414565
168715,0.12245649278932465
168716,0.5684911894773681
168717,0.6588825612100663
168718,0.0978270256021016
168719,0.6934292635702956
168720,0.7799664577472151
168721,0.6002517941469223
168722,0.5093377450334287
168723,0.633475895482704
168724,0.7165406938428605
168725,0.8627858249894328
168726,0.25067607182950713
168727,0.373078024370401
168728,0.6214225005794902
168729,0.024047704537294167
168730,0.19015912117479694
168731,0.34664418396425795
168732,0.29873057571777234
168733,0.3429218120088537
168734,0.6861981356325079
168735,0.08748710350375645
168736,0.07577458515323536
168737,0.22523304593652424
168738,0.9915780766381391
168739,0.8512505624463119
168740,0.7110912140204798
168741,0.13304639102631113
168742,0.42718195081378596
168743,0.3939487594365992
168744,0.6888478827021057
168745,0.8426831984219688
168746,0.9319019548134042
168747,0.0903822816912931
168748,0.2847500920366692
168749,0.9036591961676386
168750,0.12181564487026238
168751,0.9064134787133956
168752,0.7251853232191473
168753,0.38302707468832514
168754,0.782520759382059
168755,0.5802900632212381
168756,0.7737170542811823
168757,0.9456779125628917
168758,0.09851786874889214
168759,0.7506919794019663
168760,0.26873798410151756
168761,0.745828807250217
168762,0.20216706587098507
168763,0.5582467128137769
168764,0.08899605037700946
168765,0.29820335331627434
168766,0.2061121438408152
168767,0.6664091154935211
168768,0.673649333472714
168769,0.2555892392089846
168770,0.6389117402429769
168771,0.9579994636875572
168772,0.5630826148413106
168773,0.06665727362388134
168774,0.8375882302143887
168775,0.48651719608582816
168776,0.7118365974157013
168777,0.7566550465637372
168778,0.6154594334177192
168779,0.8600542675471887
168780,0.8962689925052608
168781,0.7283668377109458
168782,0.4939755750587444
168783,0.6737856840937911
168784,0.32713241008812793
168785,0.5199776384981434
168786,0.354811586166775
168787,0.7724035432981398
168788,0.5780811831597894
168789,0.20455320173983393
168790,0.8311206657546325
168791,0.3126565191504447
168792,0.461455951931861
168793,0.40596124915348986
168794,0.013780502770190118
168795,0.30144395307720623
168796,0.7280305061789556
168797,0.5328764072520351
168798,0.7679448779889192
168799,0.5334354447984511
168800,0.16932474627421928
168801,0.44418941828280023
168802,0.04219142718195081
168803,0.370291926679726
168804,0.18420968907513374
168805,0.902800187254853
168806,0.33561341871912226
168807,0.4764136150640166
168808,0.778680216888388
168809,0.6429568086682635
168810,0.2645111148481281
168811,0.45536562419041815
168812,0.6718313251916863
168813,0.2143886265401939
168814,0.25736179728298664
168815,0.233086841710564
168816,0.0766426841074261
168817,0.8898696033560434
168818,0.10659437053735779
168819,0.7324709914053659
168820,0.8588180219160898
168821,0.9777203085160053
168822,0.27386931247471835
168823,0.5137282350321106
168824,0.5204912258375337
168825,0.25648006326668815
168826,0.6895705409938143
168827,0.17505147235945662
168828,0.9479322428313661
168829,0.28975870485090055
168830,0.26459747024147695
168831,0.21147526826984697
168832,0.11447089141491039
168833,0.26719722208334656
168834,0.11647070052404088
168835,0.33753141745560644
168836,0.7204266865435572
168837,0.6398571045491113
168838,0.8116043468578
168839,0.20121715654414807
168840,0.4449120765745088
168841,0.17818753664422943
168842,0.673090295926298
168843,0.22122433767685812
168844,0.3711145754268911
168845,0.37626408388290206
168846,0.9263797546597825
168847,0.43719008640084356
168848,0.5811172569891057
168849,0.05746269674258366
168850,0.47312302007535645
168851,0.06007608364656101
168852,0.6934201735288905
168853,0.6891978492962035
168854,0.2041123347316847
168855,0.6589961867276305
168856,0.3992346185136873
168857,0.040632485080969546
168858,0.6274537430517996
168859,0.5214547702264785
168860,0.5171869957867659
168861,0.31583348862154065
168862,0.4981297239808927
168863,0.16575690502270238
168864,0.01505765358761209
168865,0.9540907458833475
168866,0.2895359988364747
168867,0.9006322123797275
168868,0.5302448402652474
168869,0.4061521400229978
168870,0.07735170733702691
168871,0.1640207071143209
168872,0.3912990123670013
168873,0.2708786888524277
168874,0.7905654460256066
168875,0.18479145172506262
168876,0.05938978552047305
168877,0.1243608564637012
168878,0.001681657659950641
168879,0.3018757300439503
168880,0.3332818230987042
168881,0.047000059085269136
168882,0.7353525345307949
168883,0.06730721158434876
168884,0.1976902204789543
168885,0.6991196294899124
168886,0.9194167829434464
168887,0.3105521745651551
168888,0.12485171869957866
168889,0.20741201976175
168890,0.9964912440176165
168891,0.6892296644411215
168892,0.2288690624985797
168893,0.09139127628726348
168894,0.31844687552551804
168895,0.21522945537016921
168896,0.2905131782875271
168897,0.6025106694360993
168898,0.3120383963348953
168899,0.2587980238249985
168900,0.7312302007535645
168901,0.2673244826630185
168902,0.4525249862513124
168903,0.6806486653546707
168904,0.0727930515723499
168905,0.2845092059394331
168906,0.2836592870680526
168907,0.5415801218974553
168908,0.23600474500161348
168909,0.8095045472932129
168910,0.8033596793033393
168911,0.44510751246471925
168912,0.08577363069888783
168913,0.8076319987637544
168914,0.22811004404125063
168915,0.40390689979592853
168916,0.47033237736397887
168917,0.9702755646051967
168918,0.6351439180805469
168919,0.6877434426713814
168920,0.8406652092300281
168921,0.34908940510224024
168922,0.6513287368023962
168923,0.3308911422091527
168924,0.4785225046700088
168925,0.626394753228101
168926,0.27660995995836757
168927,0.5255498338794934
168928,0.012921493857404522
168929,0.7311574804223233
168930,0.020448048140859282
168931,0.019525408938237714
168932,0.040255248362656294
168933,0.5751814599515501
168934,0.25222592388908327
168935,0.38009553633516796
168936,0.013598701942087345
168937,0.23269142490944048
168938,0.4659600674481072
168939,0.935692502079347
168940,0.32780052813140564
168941,0.45840169801973446
168942,0.41993718781389044
168943,0.43445398393789686
168944,0.6984242413224192
168945,0.28364110698524225
168946,0.036832847773621606
168947,0.7278214352266374
168948,0.15103103794637784
168949,0.1920316697042555
168950,0.023111430272564893
168951,0.38451784147876794
168952,0.06410751700973998
168953,0.828825430299835
168954,0.988710168574818
168955,0.8459828834520341
168956,0.5561787283941079
168957,0.4902077528963144
168958,0.49550724703551025
168959,0.42819094540975633
168960,0.6172592616159367
168961,0.5115375350534722
168962,0.8613132382818004
168963,0.733598156539603
168964,0.5133419082723922
168965,0.740056630957954
168966,0.2982942537303257
168967,0.12552892678426153
168968,0.08237395521336599
168969,0.8033642243240419
168970,0.3066161866367301
168971,0.9063225782993442
168972,0.5750541993718781
168973,0.2784597833843133
168974,0.23295503611018947
168975,0.6948700351330102
168976,0.09680894096472609
168977,0.9387785711363915
168978,0.8914739956640503
168979,0.04233232282373046
168980,0.042568663900264064
168981,0.05786265856440976
168982,0.6039378059367061
168983,0.878475236454702
168984,0.6862754009844515
168985,0.08851427818253713
168986,0.8960644665736452
168987,0.028760891005858533
168988,0.36011562532667335
168989,0.8356611414364993
168990,0.4613014212279737
168991,0.5459706118961372
168992,0.580744565291495
168993,0.31469723344589834
168994,0.24116334349902963
168995,0.2835229364469755
168996,0.11739333972666245
168997,0.6874889215120376
168998,0.2540302971080033
168999,0.883783820635303
169000,0.4224233141381959
169001,0.3215511246653728
169002,0.7451334190827239
169003,0.8052095027292849
169004,0.5781720835738408
169005,0.1763104430940683
169006,0.6577508510551265
169007,0.9415101285786357
169008,0.5150053858495325
169009,0.04229141763740734
169010,0.6162548120406689
169011,0.9814154103471942
169012,0.1263288504279137
169013,0.9500774926029789
169014,0.5300539493957396
169015,0.34439439871648614
169016,0.14871762240877007
169017,0.8783252507715174
169018,0.9227073779321066
169019,0.11578440239795292
169020,0.5275178278437059
169021,0.9490548629449007
169022,0.6928293208375566
169023,0.8851427818253712
169024,0.14288636084737366
169025,0.23144154421623392
169026,0.8084001072624886
169027,0.7693856495516338
169028,0.055840124351766426
169029,0.884765545107058
169030,0.9029319928552275
169031,0.17660132441903273
169032,0.6207816526604278
169033,0.9339653942123707
169034,0.31498811477086275
169035,0.05590829966230496
169036,0.4528567727625999
169037,0.9441916907931516
169038,0.6469882420314425
169039,0.9785111421182523
169040,0.4328859517955104
169041,0.07794710504906349
169042,0.49059407965603286
169043,0.12086119052272283
169044,0.5841487857977193
169045,0.7941241972357185
169046,0.5663413946850527
169047,0.7108503279232438
169048,0.7155589693711055
169049,0.8154903395584967
169050,0.5905299948641266
169051,0.8856472791233564
169052,0.8358474872853047
169053,0.024452211379822834
169054,0.26324759909281387
169055,0.5969748342203699
169056,0.25747542280055086
169057,0.5293676512696516
169058,0.3563387131228382
169059,0.32372364456120095
169060,0.8528276846301035
169061,0.0007090232296008109
169062,0.28148222215152185
169063,0.2586616732039214
169064,0.3664422941446498
169065,0.4900032269646988
169066,0.5142463673922034
169067,0.35903391039946186
169068,0.9951231927861433
169069,0.9795564968798434
169070,0.6505151780966363
169071,0.8859108903241054
169072,0.08997322982806187
169073,0.2400316333440899
169074,0.9650306107144319
169075,0.21045263861176888
169076,0.545361579121993
169077,0.03440580671844961
169078,0.08742347321392048
169079,0.16795669504274593
169080,0.20513496438976278
169081,0.15973475259179806
169082,0.17214265910981227
169083,0.8718713213738689
169084,0.6939701210339013
169085,0.020043541298330615
169086,0.16892932947309575
169087,0.41846914612696057
169088,0.8947782257148181
169089,0.2702242058712577
169090,0.16749764795178643
169091,0.7052735875211912
169092,0.1538353157198631
169093,0.32252830411642525
169094,0.17297439789838243
169095,0.38930829329927596
169096,0.9906463473941124
169097,0.8066593643334046
169098,0.7574413351452816
169099,0.7587230309834061
169100,0.30521632026033874
169101,0.9614536794215098
169102,0.8981869912417452
169103,0.711554806132142
169104,0.0030997041191522627
169105,0.13638698124269957
169106,0.5085514564518842
169107,0.9069543361770014
169108,0.7383386131323828
169109,0.7315801673476623
169110,0.4674871944041705
169111,0.6311942950900141
169112,0.8080228705441754
169113,0.16477972557165
169114,0.5770585535017112
169115,0.7899973184377855
169116,0.17008376473154838
169117,0.6111371187295758
169118,0.6959835652051396
169119,0.7950695615418528
169120,0.13263279414237733
169121,0.8478463419400876
169122,0.2460265156507788
169123,0.7036464701096714
169124,0.28264574745137966
169125,0.5188777434881215
169126,0.05662186791260834
169127,0.37546416023924983
169128,0.22836002017989193
169129,0.1040037087368933
169130,0.8121361142800007
169131,0.19351334645329313
169132,0.5092332095572696
169133,0.4978615677594411
169134,0.4086564464301135
169135,0.46655092013944116
169136,0.11298466964517023
169137,0.23165516018925467
169138,0.7311393003395131
169139,0.3802227969148399
169140,0.8567727625999336
169141,0.8162493580158258
169142,0.6878161630026225
169143,0.2918175992291645
169144,0.4942710014044114
169145,0.36155185186868527
169146,0.8363201694383718
169147,0.3449398012007944
169148,0.575404165965976
169149,0.20616213906854347
169150,0.045863803909626806
169151,0.8067729898509688
169152,0.7598638311797511
169153,0.033383177060371506
169154,0.5865849168942965
169155,0.9085223683193877
169156,0.045736543329954873
169157,0.39636216542966346
169158,0.2811777057644498
169159,0.5943205421300695
169160,0.22730103035619328
169161,0.33678603406038515
169162,0.7237990919048637
169163,0.166847709991319
169164,0.3863540298426059
169165,0.2875680048722622
169166,0.3624972161748196
169167,0.3070434185827716
169168,0.6882388499279614
169169,0.02634748501279423
169170,0.34529431281559486
169171,0.3573068025324855
169172,0.7736397889292386
169173,0.2476990832693243
169174,0.6720722112889224
169175,0.7767622181519037
169176,0.16808395562241787
169177,0.22411951586439477
169178,0.05847623635925662
169179,0.9072997577503966
169180,0.4544157148635812
169181,0.5806672999395512
169182,0.7168315751678249
169183,0.023638652674062934
169184,0.7694220097172543
169185,0.6303352861772286
169186,0.8835020293517437
169187,0.9125992518895925
169188,0.9009867239945278
169189,0.24949891146754175
169190,0.8810840783379769
169191,0.9447189131946496
169192,0.3205057699037819
169193,0.2602842455947386
169194,0.9016639320792107
169195,0.46810077219901736
169196,0.22575117829661714
169197,0.3798773753414446
169198,0.8266756355075198
169199,0.3228282754827948
169200,0.9881056808213762
169201,0.6457929015866668
169202,0.8918694124651738
169203,0.04735002567936697
169204,0.5771858140813833
169205,0.2550529267660814
169206,0.22168338476781763
169207,0.06196681225882984
169208,0.1692065757359525
169209,0.29606719358606676
169210,0.48564909713163745
169211,0.5151462814913123
169212,0.28669990591807143
169213,0.36261538671308646
169214,0.46350575626871976
169215,0.37918653219465415
169216,0.8608041959631126
169217,0.16908840519768567
169218,0.05732180110080401
169219,0.3181787193040664
169220,0.21236609232755055
169221,0.5247271851323283
169222,0.1890864962889906
169223,0.010776244085791812
169224,0.5724271774057932
169225,0.8964735184368765
169226,0.1610618986369483
169227,0.8202580662754919
169228,0.9443371314556338
169229,0.5345262497670676
169230,0.8186809440917003
169231,0.3730007590184573
169232,0.23439126265220137
169233,0.6143049981592666
169234,0.9200803559660214
169235,0.9092677517146092
169236,0.795374077928925
169237,0.1972448084501025
169238,0.05872166747719536
169239,0.04216870207843797
169240,0.030947045963794367
169241,0.06821167070416005
169242,0.941137436881025
169243,0.355338808568273
169244,0.7293349271205931
169245,0.839474413805955
169246,0.15172642611387097
169247,0.11504356402343412
169248,0.03066979970093764
169249,0.8842155976020472
169250,0.9214665872803051
169251,0.03250144304407306
169252,0.19719481322237423
169253,0.13835952022761466
169254,0.5242408679171534
169255,0.09519091359461142
169256,0.7264715640779744
169257,0.034169465641916
169258,0.6352211834324906
169259,0.5198958281254972
169260,0.39818471873139377
169261,0.28110953045391124
169262,0.46007881065898254
169263,0.26942882724830813
169264,0.1869094313724599
169265,0.32886406297580684
169266,0.9854559337517782
169267,0.06210770790060949
169268,0.18669581539943916
169269,0.034051295103649196
169270,0.9928370473727508
169271,0.3905445389303748
169272,0.4517750578353884
169273,0.3840178892014853
169274,0.6724903531935588
169275,0.4091200385417756
169276,0.25970702796551237
169277,0.671517718763209
169278,0.8455692865681004
169279,0.3246780989087405
169280,0.7741397412065212
169281,0.01748923966348667
169282,0.7838024552201835
169283,0.04462755827852796
169284,0.9160261974993296
169285,0.8155039746206044
169286,0.5199912735602511
169287,0.98294708232396
169288,0.26788352020943457
169289,0.8427877338981279
169290,0.40578853836679224
169291,0.02137068734348085
169292,0.019125447116411617
169293,0.04839538044095791
169294,0.5474704687279851
169295,0.4301634843946714
169296,0.49981592666154595
169297,0.004731366551374641
169298,0.7597774757864022
169299,0.054208461919544045
169300,0.2639020820739838
169301,0.40803832361456405
169302,0.4090245931070216
169303,0.8111952949945688
169304,0.6955199730934775
169305,0.769003867812618
169306,0.8392153476259084
169307,0.49076224542202784
169308,0.5911344826175684
169309,0.5551379186532196
169310,0.06782079892373909
169311,0.42364137968648446
169312,0.01227155589693711
169313,0.18354157103185606
169314,0.18445057517236993
169315,0.7720308516005291
169316,0.7536053376723132
169317,0.5841306057149092
169318,0.5573786138595861
169319,0.12100208616450248
169320,0.8986005881256789
169321,0.8949418464601107
169322,0.20592579799200986
169323,0.4532294644602106
169324,0.2475945477931652
169325,0.9990728157766758
169326,0.18265983701555763
169327,0.015175824125878893
169328,0.5370987314847219
169329,0.2420450775153281
169330,0.2229605355852396
169331,0.5366624094972753
169332,0.18706850709704984
169333,0.4099335972475354
169334,0.16482063075797312
169335,0.17414246821894275
169336,0.3001213520527586
169337,0.8448648083592021
169338,0.8021507037964558
169339,0.42867271760422865
169340,0.8449375286904433
169341,0.4353948032233287
169342,0.6793306093509256
169343,0.7239536226087511
169344,0.620327150590171
169345,0.5882302143886265
169346,0.1246108326023425
169347,0.06609823607746533
169348,0.03463305775357807
169349,0.646888251575986
169350,0.9397693856495517
169351,0.19889465096513514
169352,0.736911476631776
169353,0.10617168361201884
169354,0.4105744451665977
169355,0.6736993287004422
169356,0.32064212052485896
169357,0.6977152180928184
169358,0.3632880497770667
169359,0.3514709959503865
169360,0.7947423200512679
169361,0.012017034737593229
169362,0.9755977838479054
169363,0.6501924816267538
169364,0.4014298635130283
169365,0.8260347875884574
169366,0.9646215588512006
169367,0.17527872339458508
169368,0.408070138759482
169369,0.38184536930565716
169370,0.24297226173865222
169371,0.6036423795910391
169372,0.7037419155444253
169373,0.6957199540043906
169374,0.8982597115729862
169375,0.9052363183514301
169376,0.42878634312179287
169377,0.04116879752387272
169378,0.3421355234273092
169379,0.15001295330900233
169380,0.43027256489153304
169381,0.8363338045004794
169382,0.029515364442485037
169383,0.713663695738134
169384,0.5185050517905109
169385,0.8116770671890411
169386,0.8469918780480045
169387,0.6352620886188137
169388,0.6728857699946823
169389,0.23135973384358766
169390,0.8228987233036847
169391,0.3460033360451957
169392,0.23988619268160766
169393,0.28070956863208507
169394,0.7760895550879234
169395,0.21749287568004871
169396,0.09225937524145422
169397,0.0458501688475191
169398,0.9018093727416928
169399,0.5044518477781667
169400,0.7827252853136747
169401,0.5633598611041674
169402,0.2972170838238168
169403,0.5204048704441849
169404,0.6739538498597862
169405,0.12671517718763212
169406,0.868630721612937
169407,0.5021020720749384
169408,0.07204766817712854
169409,0.7605183141609211
169410,0.02902904722731012
169411,0.9458324432667791
169412,0.8995823125974339
169413,0.12331095668140767
169414,0.43111339372150836
169415,0.5797901109439554
169416,0.6368346657819026
169417,0.941919180441867
169418,0.23124156330532086
169419,0.32638702669290653
169420,0.19209984501479405
169421,0.7775303266506379
169422,0.8758254893851042
169423,0.7132228287299849
169424,0.2618068275300994
169425,0.5624781270878688
169426,0.5098831475177369
169427,0.9085678185264134
169428,0.45659732480081444
169429,0.6496607142045532
169430,0.5041564214324997
169431,0.5576376800396325
169432,0.3239190804514114
169433,0.9758250348830338
169434,0.9168079410601715
169435,0.3108657809936324
169436,0.5960885551833689
169437,0.07884247412746964
169438,0.25083060253339456
169439,0.8911967494011935
169440,0.13253734870762338
169441,0.9187713900036816
169442,0.33213193286095416
169443,0.9241663295776312
169444,0.3721553851677794
169445,0.6864890169574723
169446,0.9154035296630776
169447,0.8667581730834785
169448,0.05715363533480895
169449,0.9653578522050168
169450,0.6639457142727285
169451,0.621413410538085
169452,0.18752300916730677
169453,0.9863149426645639
169454,0.29490366828620906
169455,0.9713163743460851
169456,0.6687270760518315
169457,0.35346171501811186
169458,0.10970770971861776
169459,0.9121765649642535
169460,0.851418728212307
169461,0.3208830066220952
169462,0.594556883206603
169463,0.23255961930906596
169464,0.6841256061921362
169465,0.2779643761277332
169466,0.13530981133619066
169467,0.9811699792292554
169468,0.5448207216583872
169469,0.8975370532812776
169470,0.6365619645397484
169471,0.2325687093504711
169472,0.01375777766667727
169473,0.06789351925498019
169474,0.3874130196663046
169475,0.7775121465678276
169476,0.33478622495125465
169477,0.8103726462474037
169478,0.18505506292581161
169479,0.4000754473436626
169480,0.21537489603265145
169481,0.5387258488962418
169482,0.4134423532299189
169483,0.7553415355806946
169484,0.9042636839210803
169485,0.396262174974207
169486,0.6807986510378555
169487,0.1717517873293913
169488,0.9055908299662305
169489,0.9169715618054641
169490,0.6653183105249044
169491,0.29982592570709155
169492,0.743033619518137
169493,0.6822303325591649
169494,0.5638961735470706
169495,0.019348153130837514
169496,0.3087796164911531
169497,0.7682766645002068
169498,0.6093645606555739
169499,0.8043550388372019
169500,0.6865799173715237
169501,0.7786711268469828
169502,0.498475145554288
169503,0.4399625490294108
169504,0.7631589711891138
169505,0.47564550656528237
169506,0.16855663777548507
169507,0.6035196640320697
169508,0.49075315538062275
169509,0.049577085823625924
169510,0.25529381286331754
169511,0.07637907290667709
169512,0.22322414678598862
169513,0.9299248708077865
169514,0.6677226264765637
169515,0.06494380081901273
169516,0.6596097645224773
169517,0.1374050658800751
169518,0.86456747310484
169519,0.5951750060221525
169520,0.5044745728816795
169521,0.15105376304989068
169522,0.2994986842165066
169523,0.2426086600824467
169524,0.5871030492543894
169525,0.8916694315542608
169526,0.8025143054526614
169527,0.3481122256511878
169528,0.878370700978543
169529,0.5162189063771186
169530,0.7291894864581109
169531,0.15216729312202018
169532,0.2881088623358679
169533,0.5261770467364478
169534,0.6019107267033602
169535,0.3320864826539284
169536,0.11947495920843919
169537,0.11112121115711682
169538,0.13819135446161956
169539,0.8742801823462306
169540,0.7169770158303072
169541,0.017066552738147722
169542,0.8460101535762496
169543,0.2777189450097945
169544,0.8094636421068898
169545,0.928547729534908
169546,0.17754214370446458
169547,0.7060280609578177
169548,0.4784725094422805
169549,0.3625517564232505
169550,0.6624867626272037
169551,0.2729284931892864
169552,0.6648138132269193
169553,0.2664018434603969
169554,0.7005285859077088
169555,0.52483626562919
169556,0.04688188854700233
169557,0.7563596202180701
169558,0.5723090068675263
169559,0.0986723994527795
169560,0.0904413669604265
169561,0.9653078569772886
169562,0.5844123969984684
169563,0.919853104930893
169564,0.463419400875371
169565,0.17405156780489137
169566,0.6654955663323047
169567,0.4242095072743056
169568,0.14784497843387676
169569,0.20732566436840122
169570,0.801082623931352
169571,0.04924529931233837
169572,0.7465832806868435
169573,0.07830616168456647
169574,0.40542493671058666
169575,0.7995509519545861
169576,0.4703823725917071
169577,0.0938455874666509
169578,0.47618181900818557
169579,0.3126292490262293
169580,0.3244008526458838
169581,0.5628644538475873
169582,0.9204575926843347
169583,0.021493402902450224
169584,0.24787179405602194
169585,0.6216633866767263
169586,0.4166738629494457
169587,0.37278714304543653
169588,0.6536603324228142
169589,0.22886451747787712
169590,0.14338176810395373
169591,0.8229123583657924
169592,0.8415242181428138
169593,0.8448966235041201
169594,0.22104708186945793
169595,0.41973266188227487
169596,0.8162539030365283
169597,0.9432236013835044
169598,0.5704046431931498
169599,0.9395239545316129
169600,0.381836279264252
169601,0.7279305157234992
169602,0.9871285013703238
169603,0.45866985424118606
169604,0.33244553928943144
169605,0.6712132023761369
169606,0.6489744160784653
169607,0.6569236572872589
169608,0.7119093177469424
169609,0.08144677099004186
169610,0.8176583144336222
169611,0.9531226564737003
169612,0.8070093309275024
169613,0.9391285377304893
169614,0.9226937428699988
169615,0.1881365869621536
169616,0.9782838910831239
169617,0.8866108235123011
169618,0.2902586571281832
169619,0.6477472604887715
169620,0.15908935965203322
169621,0.3235236636502879
169622,0.8598270165120603
169623,0.9829379922825549
169624,0.36831938769481093
169625,0.5240999722753737
169626,0.9380104626376574
169627,0.7400975361442771
169628,0.25205321310238565
169629,0.43733552706332574
169630,0.5843624017707401
169631,0.83456579144718
169632,0.530912958308525
169633,0.406720267610819
169634,0.019825380304607287
169635,0.7201403502392953
169636,0.7907926970607352
169637,0.13658696215361263
169638,0.38244076701769375
169639,0.2257693583794274
169640,0.8182900723112794
169641,0.3760777380340967
169642,0.8958826657455424
169643,0.7865340126624277
169644,0.41979629217211084
169645,0.5290131396548512
169646,0.4717640588852882
169647,0.12545620645302039
169648,0.6547238672672154
169649,0.9560132896405343
169650,0.45234773044391213
169651,0.7630726157957649
169652,0.5115102649292568
169653,0.8605633098658765
169654,0.32121933815408527
169655,0.07058871653160378
169656,0.6587098504233687
169657,0.455356534149013
169658,0.48846700996723036
169659,0.8792524349948415
169660,0.7046509196849392
169661,0.23291867594456891
169662,0.5890119579494685
169663,0.16397525690729522
169664,0.8376155003386041
169665,0.4203916898841474
169666,0.056617322891905776
169667,0.32338731302921087
169668,0.49772067211766147
169669,0.6509696801668932
169670,0.8075956385981339
169671,0.47035055744678916
169672,0.054253912126569735
169673,0.8133769049318019
169674,0.2199744569836516
169675,0.09237300075901844
169676,0.8875016475700047
169677,0.1155344262593116
169678,0.27970966407751985
169679,0.6437294621877003
169680,0.3366860436049286
169681,0.6633957667677177
169682,0.7266488198853746
169683,0.132414633148654
169684,0.5653687602547031
169685,0.1920043995800401
169686,0.2583935169824699
169687,0.8967098595134101
169688,0.025297585230500727
169689,0.826325668913422
169690,0.1304466391844415
169691,0.3867403566023243
169692,0.5814308634175829
169693,0.05625372123570023
169694,0.4183782457129092
169695,0.33542252784961435
169696,0.6627821889728708
169697,0.8055458342612751
169698,0.20031724244503935
169699,0.9523590929956686
169700,0.6887478922466492
169701,0.7906154412533349
169702,0.33219101813008756
169703,0.4435349353016303
169704,0.8653401266242768
169705,0.743919898555138
169706,0.8272164929711255
169707,0.32324187236672863
169708,0.3258370791878957
169709,0.0413642334140832
169710,0.3729462187700265
169711,0.24449029865331037
169712,0.8680125987973876
169713,0.4344857990828148
169714,0.20977997554778863
169715,0.36190636348348565
169716,0.6294717322437403
169717,0.33950850146122413
169718,0.09139582130796604
169719,0.015616691134028114
169720,0.5301357597683858
169721,0.4978479326973334
169722,0.16537512328368656
169723,0.534376264083883
169724,0.05877166270492362
169725,0.6621322510124034
169726,0.8697897018920921
169727,0.8336158821203431
169728,0.9607991964403398
169729,0.7683584748728531
169730,0.6852754964298863
169731,0.7974920575763222
169732,0.8610178119361334
169733,0.1031128846791897
169734,0.8320205798537413
169735,0.23530026679271523
169736,0.2773735234363992
169737,0.6528558637584594
169738,0.1003904172783507
169739,0.710995768585726
169740,0.8901559396603052
169741,0.7730125760722841
169742,0.658232623249599
169743,0.3370905504474573
169744,0.9764431576985834
169745,0.09699528681353142
169746,0.33965848714440894
169747,0.7990100944909804
169748,0.15934842583207967
169749,0.2825775721408411
169750,0.9953868039868922
169751,0.7750941955540608
169752,0.5423845905618101
169753,0.5830034405806719
169754,0.8882470309652261
169755,0.6194045113875494
169756,0.7113502802005264
169757,0.3812499715936206
169758,0.28456374618786384
169759,0.951995491339463
169760,0.9143945350671072
169761,0.5261406865708274
169762,0.8949554815222184
169763,0.8326568827521009
169764,0.674399261888638
169765,0.1862776734948028
169766,0.2476218179173806
169767,0.3106885251862322
169768,0.26122960990087307
169769,0.7252534985296858
169770,0.6623413219647216
169771,0.9690756791397186
169772,0.8241804191418093
169773,0.6086964426122962
169774,0.6359302066620913
169775,0.19284977343071796
169776,0.12850591534444442
169777,0.32651883229328105
169778,0.443253144018071
169779,0.7473786593097932
169780,0.14905849896146278
169781,0.09937233264097517
169782,0.07835615691229474
169783,0.11078033460442412
169784,0.36905113602792455
169785,0.7436517423336864
169786,0.8391653523981801
169787,0.03256507333390904
169788,0.20910731248380837
169789,0.44695279086996237
169790,0.008776434976661317
169791,0.2002763372587162
169792,0.4976025015793947
169793,0.29728071411365276
169794,0.13810499906827078
169795,0.3966894069202485
169796,0.9776657682675746
169797,0.815931206566646
169798,0.9180669117947832
169799,0.7084732820958
169800,0.9003640561582759
169801,0.6197908381472678
169802,0.9385922252875862
169803,0.20938910376736766
169804,0.47901791192658877
169805,0.0068266210952590885
169806,0.26313851859595216
169807,0.48327205130419365
169808,0.4021752469082497
169809,0.06699360515587148
169810,0.883161152799051
169811,0.44397125728907694
169812,0.3237372796233086
169813,0.05041336963289868
169814,0.07766985878620676
169815,0.900532221924271
169816,0.34154467073597516
169817,0.10991223565023339
169818,0.22910085855441073
169819,0.36696497152544527
169820,0.641547852250467
169821,0.14524068157130457
169822,0.015084923711827507
169823,0.8130451184205144
169824,0.7654632966853164
169825,0.5503792819776295
169826,0.11560260156985015
169827,0.1465678276164548
169828,0.7415473977483967
169829,0.78963371678158
169830,0.5303221056171911
169831,0.09617718308706895
169832,0.009889965048790797
169833,0.6288308843246782
169834,0.12018398243803999
169835,0.21522491034946667
169836,0.6313806409388195
169837,0.032387817526508836
169838,0.24464028433649518
169839,0.6283900173165289
169840,0.6098917830570718
169841,0.36892387544825267
169842,0.13946396025833896
169843,0.6020379872830321
169844,0.11198022006990241
169845,0.3882265783720644
169846,0.6057421791556261
169847,0.3133382722558301
169848,0.7130546629639899
169849,0.39947550461092346
169850,0.5137327800528132
169851,0.024079519682212155
169852,0.9361606392117116
169853,0.03962349048499916
169854,0.337958649401648
169855,0.8488735166188682
169856,0.202262511305739
169857,0.9419509955867849
169858,0.28063684830084396
169859,0.4016707496102645
169860,0.4681689475095559
169861,0.7216811122574663
169862,0.05107239763477123
169863,0.562319051363279
169864,0.7831888774253367
169865,0.3124792633430445
169866,0.21140254793860586
169867,0.5668277119002277
169868,0.196458519868558
169869,0.6946745992427995
169870,0.3239963458033551
169871,0.9469641534217189
169872,0.2399407329300385
169873,0.955299721390231
169874,0.3770640075265543
169875,0.5365351489176033
169876,0.530976588598361
169877,0.42162793551524624
169878,0.7686539012185201
169879,0.3174106108053322
169880,0.3625517564232505
169881,0.6801487130773881
169882,0.04760000181800828
169883,0.6258448057230901
169884,0.8521641116075285
169885,0.46767354025297586
169886,0.3978074820130806
169887,0.43408129224028613
169888,0.13806409388194762
169889,0.8267210857145455
169890,0.7062598570136487
169891,0.6702996532149205
169892,0.4956026924702642
169893,0.517659677939833
169894,0.3782548029506274
169895,0.5057108185127783
169896,0.664013889583267
169897,0.7823435035746588
169898,0.6776853118565955
169899,0.7211175296903477
169900,0.7962421768831157
169901,0.5836442884997342
169902,0.43982619840833376
169903,0.32590070947773164
169904,0.936578781116348
169905,0.2551029219938097
169906,0.43515846214679504
169907,0.7664904713640971
169908,0.7664950163847997
169909,0.6336122461037811
169910,0.9594493252916767
169911,0.8399970911867504
169912,0.2935901573031665
169913,0.930256657319074
169914,0.41623754096199905
169915,0.8532140113898219
169916,0.13933215465796447
169917,0.5036428340931094
169918,0.8483781093622882
169919,0.7469287022602388
169920,0.9198440148894879
169921,0.947236854663873
169922,0.5736588780161893
169923,0.9714072747601366
169924,0.19920825739361242
169925,0.19229073588430196
169926,0.7885883620199889
169927,0.3055662868544366
169928,0.6911794783225238
169929,0.8535639779839197
169930,0.9765340581126347
169931,0.937401429863513
169932,0.27279668758891196
169933,0.2534303543752642
169934,0.38269528817703763
169935,0.8316933383631563
169936,0.5513155562423587
169937,0.5263315774403352
169938,0.2607478377064007
169939,0.6901932088300663
169940,0.9308156948654902
169941,0.3808727348753073
169942,0.5102194790497271
169943,0.035773857949922966
169944,0.41451952313642787
169945,0.8154448893514711
169946,0.9515137191449908
169947,0.6210725339853923
169948,0.8843746733266371
169949,0.5753314456347349
169950,0.5491930315742589
169951,0.18366428659082543
169952,0.1063852995850396
169953,0.7013830497997918
169954,0.3822089709618627
169955,0.887488012507897
169956,0.9623990437276442
169957,0.09160489226028425
169958,0.030169847423655013
169959,0.5755677867112685
169960,0.627217401975266
169961,0.7898291526717904
169962,0.8632357820389872
169963,0.5100376782216244
169964,0.17366524104517297
169965,0.11494357356797759
169966,0.019657214538612227
169967,0.942941810099945
169968,0.02840183437035556
169969,0.7020238977188541
169970,0.1463723917262443
169971,0.5456706405297677
169972,0.3687329845787447
169973,0.4248776253175833
169974,0.09979047454561156
169975,0.7091141300148622
169976,0.05313583703373769
169977,0.735920662118616
169978,0.295853577613046
169979,0.660932365546925
169980,0.3864994705050881
169981,0.6215134009935416
169982,0.7402429768067593
169983,0.7286031787874794
169984,0.2969307475195549
169985,0.5300084991887138
169986,0.8252712241104259
169987,0.941560123806364
169988,0.9982228969052954
169989,0.41342871816781124
169990,0.6528649537998645
169991,0.6251766876798124
169992,0.4186100417687402
169993,0.5926752446357394
169994,0.03470577808481918
169995,0.0663527572368092
169996,0.7315483522027443
169997,0.17506056240086174
169998,0.8702214788588362
169999,0.04745910617622863
170000,0.8058185355034292
170001,0.4553065389212848
170002,0.31538807659268886
170003,0.8817521963812546
170004,0.4131696519877648
170005,0.7328527731443817
170006,0.6598870107853342
170007,0.1145117966012335
170008,0.41968266665454657
170009,0.4332995486794442
170010,0.3708600542675472
170011,0.38941282877543504
170012,0.9481004085973611
170013,0.33809954504342765
170014,0.21859277069007052
170015,0.32978670217842837
170016,0.543493575613237
170017,0.6113325546197863
170018,0.22626931065671005
170019,0.6156866844528477
170020,0.019648124497207087
170021,0.2813367814890397
170022,0.6948836701951178
170023,0.46686907158862107
170024,0.7779666486380846
170025,0.31664250230659796
170026,0.5232909585903165
170027,0.14693597429336291
170028,0.8179991909863149
170029,0.5638325432572345
170030,0.6506242585934979
170031,0.21110712159293887
170032,0.13645061153253554
170033,0.08464646556465065
170034,0.9633353179923735
170035,0.6835711136664228
170036,0.2653655787402111
170037,0.3871221383413401
170038,0.5156416887478923
170039,0.8227078324341768
170040,0.22681925816172094
170041,0.43074524704460027
170042,0.8740347512282919
170043,0.32144204416851113
170044,0.6873480258702579
170045,0.15891664886533557
170046,0.9901873003031529
170047,0.5042018716395253
170048,0.9464869262479491
170049,0.6342667290849511
170050,0.13992755237000104
170051,0.23383677012648793
170052,0.9478049822516942
170053,0.3912444721185705
170054,0.4939210348103135
170055,0.940451138754937
170056,0.11933406356665953
170057,0.20536676044559382
170058,0.7799937278714305
170059,0.31057489966866797
170060,0.519391330827512
170061,0.13261461405956704
170062,0.09860876916294353
170063,0.5170688252484991
170064,0.6586825802991534
170065,0.45898346066966333
170066,0.2540939273978393
170067,0.800387235763859
170068,0.10750337467787166
170069,0.7278305252680427
170070,0.7339844832993214
170071,0.5932979124719914
170072,0.9710982133523618
170073,0.4655782857090914
170074,0.8360429231755151
170075,0.06338940373873403
170076,0.31354279818744574
170077,0.6522150158393972
170078,0.17699674122015627
170079,0.9024638557228628
170080,0.6832075120102172
170081,0.0226069329745797
170082,0.691388549274842
170083,0.549233936760582
170084,0.610628076410888
170085,0.7413746869616992
170086,0.6813167833979483
170087,0.3594520523040982
170088,0.4056021925179869
170089,0.11378913830952499
170090,0.6715222637839116
170091,0.4879716027106503
170092,0.7325209866330942
170093,0.3180514587243945
170094,0.7633862222242422
170095,0.6020607123865449
170096,0.3504392762509033
170097,0.7421200703569205
170098,0.657882656655501
170099,0.9155126101599393
170100,0.5667913517346072
170101,0.37056917294258274
170102,0.7543961712745603
170103,0.3748096772580799
170104,0.5657278168902059
170105,0.7031101576667682
170106,0.37287804345948794
170107,0.15791219929006778
170108,0.6362074529249481
170109,0.348521277514419
170110,0.5904481844914804
170111,0.21265697365251499
170112,0.5746269674258366
170113,0.28738620404415943
170114,0.36961926361574576
170115,0.2068120770290109
170116,0.6668908876879934
170117,0.7719763113520982
170118,0.14947664086609913
170119,0.7105549015775767
170120,0.3600519950368374
170121,0.667127228764527
170122,0.05988973779775567
170123,0.4900759472959399
170124,0.7550279291522173
170125,0.21966994059657943
170126,0.13131019311792966
170127,0.22338322251057854
170128,0.6386208589180125
170129,0.22465582830729794
170130,0.3511028492734784
170131,0.13997754759772932
170132,0.6321896546238768
170133,0.39454870216933835
170134,0.9493911944768908
170135,0.10612623340499315
170136,0.9398511960221979
170137,0.719204075974566
170138,0.31965585103240146
170139,0.813545070697797
170140,0.501261243244963
170141,0.9004640466137324
170142,0.38197717490603167
170143,0.12014307725171688
170144,0.8845201139891193
170145,0.6454883851995946
170146,0.8970507360661027
170147,0.9344971616345713
170148,0.7356161457315439
170149,0.34535794310543083
170150,0.16069829698074276
170151,0.7109775885029156
170152,0.2772462628567273
170153,0.8585862258602589
170154,0.00414960390144577
170155,0.03354225278496144
170156,0.27520554856127366
170157,0.38523140972907133
170158,0.27220583489757794
170159,0.770026497470696
170160,0.7410792606160321
170161,0.39786202226151135
170162,0.5124283591111758
170163,0.6830575263270324
170164,0.6459474322905542
170165,0.34425804809540905
170166,0.6515741679203348
170167,0.6402388862881271
170168,0.6294035569332018
170169,0.6165411483449307
170170,0.07839706209861785
170171,0.9888874243822181
170172,0.04606378482053986
170173,0.6553192649792521
170174,0.29100404052340456
170175,0.7762713559160263
170176,0.21110712159293887
170177,0.7313483712918313
170178,0.6011880684116516
170179,0.8426968334840765
170180,0.29353107203403306
170181,0.6213497802482492
170182,0.3978574772408088
170183,0.03592384363310775
170184,0.8304707277941651
170185,0.018757300439503504
170186,0.6004335949750251
170187,0.6761945450661527
170188,0.7225219410874416
170189,0.38352248194490524
170190,0.7110094036478336
170191,0.971666340940183
170192,0.919230437094641
170193,0.37295530881143163
170194,0.12198381063625743
170195,0.051390549083951076
170196,0.22536939655760133
170197,0.6239268069866059
170198,0.5731043854904759
170199,0.5044291226746538
170200,0.3024438576317715
170201,0.4590470909594993
170202,0.9548270392371637
170203,0.9439780748201307
170204,0.8069411556169639
170205,0.6666500015907573
170206,0.16669317928743166
170207,0.22505579012912402
170208,0.607610182664382
170209,0.3136382436221997
170210,0.9478140722930993
170211,0.9459869739706664
170212,0.20267156316897025
170213,0.961758195808582
170214,0.011139845741997353
170215,0.9039637125547108
170216,0.9613945941523764
170217,0.6753309911326646
170218,0.2620568036687407
170219,0.017075642779552862
170220,0.4446711904772726
170221,0.7430063493939215
170222,0.24097245262952174
170223,0.9881193158834838
170224,0.3877584412396998
170225,0.33609973593429715
170226,0.3680830466182773
170227,0.9256843664922895
170228,0.041509674076565424
170229,0.14385445025702093
170230,0.4491980310970316
170231,0.8242940446593735
170232,0.32083755641506945
170233,0.5798446511923862
170234,0.41377413974120647
170235,0.4674144740729294
170236,0.41962812640611574
170237,0.2760963726189773
170238,0.046904613650515174
170239,0.07252035033019574
170240,0.6685634553065389
170241,0.1665704637284623
170242,0.1408229214484072
170243,0.07378386608551
170244,0.2484990069129765
170245,0.5476522695560879
170246,0.5435844760272883
170247,0.9490957681312239
170248,0.40584307861522306
170249,0.6231905136327897
170250,0.6796578508415106
170251,0.2881861276878116
170252,0.7974875125556198
170253,0.3665786447657269
170254,0.9827789165579649
170255,0.703069252480445
170256,0.08066048240849737
170257,0.9145445207502921
170258,0.3538344067157225
170259,0.3267324482663018
170260,0.475850032496898
170261,0.21939723935442526
170262,0.12027942787279396
170263,0.8526413387812982
170264,0.3239372605342217
170265,0.3163879811472541
170266,0.39523954531612887
170267,0.2770053767594911
170268,0.5285177323982712
170269,0.30913867312665605
170270,0.7737988646538285
170271,0.6633412265192868
170272,0.7473377541234701
170273,0.6067966239586221
170274,0.8636311988401107
170275,0.9241345144327133
170276,0.2648201762559028
170277,0.859817926470655
170278,0.207475650051586
170279,0.6956245085696365
170280,0.104640011635253
170281,0.7225810263565751
170282,0.8687716172547166
170283,0.9187532099208712
170284,0.4844492116661591
170285,0.5556833211375278
170286,0.012057939923916353
170287,0.7064871080487772
170288,0.5193140654755684
170289,0.9946868707986966
170290,0.24404488662445858
170291,0.23078251621436136
170292,0.15893937396884844
170293,0.7342617295621782
170294,0.7637316437976375
170295,0.7911517536962381
170296,0.2245467478104363
170297,0.9016684770999132
170298,0.20448048140859282
170299,0.8973916126187955
170300,0.4624331313829135
170301,0.03176060466955427
170302,0.440171619981729
170303,0.2832184200599034
170304,0.13622790551810965
170305,0.9378422968716623
170306,0.43378586589461915
170307,0.5098558773935216
170308,0.25814354084382857
170309,0.39647124592652516
170310,0.7719308611450725
170311,0.5439026274764682
170312,0.7718217806482109
170313,0.1653660332422814
170314,0.9908190581808101
170315,0.8764572472627613
170316,0.7698037914562701
170317,0.43877175360533766
170318,0.7558733030028952
170319,0.14249094404625012
170320,0.09350016589325563
170321,0.7510646710995769
170322,0.40747019602674284
170323,0.010139941187432108
170324,0.5950477454424805
170325,0.28134587153044477
170326,0.31679703301048534
170327,0.8616359347516829
170328,0.2900586762172701
170329,0.4891442180519132
170330,0.22277873475713683
170331,0.031019766295035476
170332,0.17333799955458798
170333,0.7422382408951873
170334,0.10845328400470863
170335,0.8138677671676795
170336,0.5560923730007591
170337,0.5471750423823181
170338,0.7237081914908122
170339,0.6181955358806659
170340,0.7016239358970281
170341,0.5326946064239323
170342,0.4747183223419582
170343,0.2721876548147677
170344,0.11978856563691646
170345,0.10359920189436463
170346,0.9280114170920049
170347,0.6745492475718227
170348,0.9851377823025984
170349,0.858563500756746
170350,0.37802755191549897
170351,0.47722717376977647
170352,0.025820262611296194
170353,0.38529049499820467
170354,0.3624926711541171
170355,0.06481654023934079
170356,0.21473859313429172
170357,0.321792010762609
170358,0.2845501111257562
170359,0.0037450970589171036
170360,0.276014562246331
170361,0.9152399089177852
170362,0.4935528881334054
170363,0.07831070670526903
170364,0.9783657014557702
170365,0.5498520595761314
170366,0.2019534498979643
170367,0.9267978965644189
170368,0.36120643029529
170369,0.24916712495625418
170370,0.7261534126287946
170371,0.1815508519641307
170372,0.1567077688038869
170373,0.9691074942846365
170374,0.4405761268242576
170375,0.7480058721667477
170376,0.12859227073779322
170377,0.46794624149513
170378,0.5027474650147031
170379,0.48318569591084487
170380,0.06261675021929723
170381,0.1859322519214075
170382,0.18579590130033044
170383,0.04459574313360998
170384,0.3657832661427773
170385,0.1714245458388063
170386,0.818621858822567
170387,0.8855836488335205
170388,0.3295321810190845
170389,0.744574381536308
170390,0.05432663245781085
170391,0.20737565959612947
170392,0.31506083510210386
170393,0.20305334490798607
170394,0.9166943155426073
170395,0.5806354847946332
170396,0.5393167015875757
170397,0.8277846205589466
170398,0.8771117302439313
170399,0.861254153012667
170400,0.8117861476859027
170401,0.5358261256880026
170402,0.759927461469587
170403,0.627935515246272
170404,0.8003054253912127
170405,0.6886569918325978
170406,0.5611055308356929
170407,0.35209366378663853
170408,0.7889065134691688
170409,0.3766322305598102
170410,0.11635252998577408
170411,0.7656950927411474
170412,0.41181523581839913
170413,0.5494293726507925
170414,0.4673962939901191
170415,0.9829561723653651
170416,0.10324923530026679
170417,0.1401729834879398
170418,0.6390026406570283
170419,0.9085905436299263
170420,0.30559355697865204
170421,0.405084060157894
170422,0.8043686738993097
170423,0.8000463592111663
170424,0.8341930997495695
170425,0.8183491575804128
170426,0.334613514164557
170427,0.08616904750001136
170428,0.3417991918953191
170429,0.9807881974902396
170430,0.9049999772748964
170431,0.6125233500438595
170432,0.2244831175206003
170433,0.22191518082364867
170434,0.7894655510155849
170435,0.967339481231337
170436,0.9418782752555438
170437,0.7733534526249768
170438,0.30326196135823397
170439,0.6982060803286959
170440,0.6295853577613045
170441,0.059526136141550126
170442,0.1456633684966435
170443,0.5849941596483973
170444,0.857613591429909
170445,0.709200485408211
170446,0.08852791324464482
170447,0.3727326027970057
170448,0.28384563291685794
170449,0.813049663441217
170450,0.3337545052517714
170451,0.9290885869985138
170452,0.017880111443907627
170453,0.8236804668645267
170454,0.6338713122838275
170455,0.7000877188995596
170456,0.6328486826257493
170457,0.8783797910199481
170458,0.246235586603097
170459,0.016662045895619055
170460,0.6997786574917849
170461,0.3504665463751187
170462,0.8147858613495985
170463,0.9479458778934738
170464,0.0396325805264043
170465,0.4220188072956672
170466,0.5683457488148859
170467,0.007176587689356925
170468,0.04460937819571768
170469,0.34268547093232005
170470,0.08089227846432841
170471,0.9153308093318365
170472,0.6337485967248582
170473,0.24438576317715127
170474,0.1305648097227083
170475,0.020020816194817766
170476,0.5558696669863331
170477,0.6600551765513293
170478,0.2866544557110457
170479,0.3073706600733566
170480,0.27371023675012834
170481,0.6278991550806514
170482,0.8121042991350826
170483,0.39501229428100043
170484,0.5783675194640512
170485,0.14529976684043797
170486,0.9682848455374715
170487,0.8051504174601516
170488,0.309034137650497
170489,0.05924434485799083
170490,0.7359252071393185
170491,0.0483226601097168
170492,0.35380713659150714
170493,0.05260861463223965
170494,0.07354297998827383
170495,0.7256261902272965
170496,0.6796987560278338
170497,0.684402852454993
170498,0.08110134941664658
170499,0.6121733834497617
170500,0.6729766704087337
170501,0.8566182318960464
170502,0.10020861645024792
170503,0.5933206375755042
170504,0.7575640507042509
170505,0.19515409892692062
170506,0.4823448670808695
170507,0.21254334813495077
170508,0.07155226092054849
170509,0.13863676649047135
170510,0.13622336049740708
170511,0.4811313465532835
170512,0.615218547320483
170513,0.8464873807500194
170514,0.7370160121079352
170515,0.29364015253089476
170516,0.13796410342649112
170517,0.30399825471205016
170518,0.9978002099799566
170519,0.5171279105176325
170520,0.581630844328496
170521,0.9748978506597097
170522,0.5869439735297994
170523,0.6590189118311434
170524,0.9748614904940892
170525,0.7494693688329751
170526,0.3114384536021561
170527,0.7481467678085274
170528,0.2206062148613087
170529,0.3211329827607365
170530,0.6358983915171734
170531,0.6512060212434269
170532,0.3326409751796419
170533,0.2889269660623304
170534,0.9164034342176429
170535,0.0624167693083842
170536,0.7246308306934338
170537,0.6868844337585959
170538,0.7978511142118253
170539,0.5464523840906096
170540,0.17860113352816323
170541,0.005817626499288704
170542,0.17350616532058305
170543,0.9492412087937061
170544,0.5913935487976149
170545,0.26318396880297784
170546,0.18986369482912996
170547,0.2623295049108948
170548,0.30705705364487934
170549,0.7887019875375532
170550,0.08132405543107249
170551,0.08555092468446193
170552,0.32041032446902795
170553,0.9081087714354539
170554,0.771830870689616
170555,0.2589889146945064
170556,0.42465946432386
170557,0.977638498143359
170558,0.5540107535189823
170559,0.3568386654001209
170560,0.5109830425277587
170561,0.5858849837061008
170562,0.43657650860599667
170563,0.4979979183805182
170564,0.8881152253648515
170565,0.5933433626790171
170566,0.7482649383467942
170567,0.2667290849509819
170568,0.18627312847410019
170569,0.018539139445780176
170570,0.9846969152944491
170571,0.26273401175342354
170572,0.2475081923998164
170573,0.12646974606969336
170574,0.11282104889987772
170575,0.8918057821753379
170576,0.7236445612009763
170577,0.9226891978492961
170578,0.3672240377054917
170579,0.8169447461833189
170580,0.92671154117107
170581,0.13503256507333392
170582,0.08156494152830866
170583,0.9986274037478241
170584,0.07324300862190428
170585,0.38829929870330554
170586,0.7162361774557883
170587,0.19244981160889188
170588,0.5713363724371765
170589,0.6609232755055199
170590,0.202885179141991
170591,0.6634003117884202
170592,0.03747824071338645
170593,0.9057044554837947
170594,0.8640538857654497
170595,0.8891105848987143
170596,0.5331036582871636
170597,0.7322391953495349
170598,0.16245721999263707
170599,0.004640466137323255
170600,0.8263756641411503
170601,0.1610937137818663
170602,0.8795387712991033
170603,0.14321360233795866
170604,0.9032137841387867
170605,0.2515396257629953
170606,0.6928611359824743
170607,0.31675612782416224
170608,0.4758682125797083
170609,0.7874293817408339
170610,0.5745996973016212
170611,0.5721499311429363
170612,0.3565477840751564
170613,0.26802441585121417
170614,0.4245003885992701
170615,0.804818630948864
170616,0.16518877743488122
170617,0.9123174606060331
170618,0.9330518450511542
170619,0.6657409974502435
170620,0.8795342262784007
170621,0.22096981651751424
170622,0.41158798478327063
170623,0.8126451565986884
170624,0.9421055262906722
170625,0.3741415592148022
170626,0.9727707809709074
170627,0.8776253175833216
170628,0.8331250198844655
170629,0.719890374100654
170630,0.5441026083873813
170631,0.17239263524845358
170632,0.20090809513637334
170633,0.8533049118038732
170634,0.9183214329541272
170635,0.44552565436935565
170636,0.5096286263583931
170637,0.9963048981688112
170638,0.6870935047109139
170639,0.32127387840251614
170640,0.4927484194690507
170641,0.9272887588002964
170642,0.3943078160721022
170643,0.2324232686879889
170644,0.9271569531999219
170645,0.5967430381645389
170646,0.4980797287531644
170647,0.32422359683848356
170648,0.18092363910717615
170649,0.13286913521891092
170650,0.1423773185286859
170651,0.5992927947786802
170652,0.16465246499197803
170653,0.18890015044018527
170654,0.6058512596524878
170655,0.8571590893596521
170656,0.6470518723212785
170657,0.06243949441189705
170658,0.8615904845446571
170659,0.046000154530703885
170660,0.12264738365883256
170661,0.7171542716377073
170662,0.9113402811549807
170663,0.7955058835292995
170664,0.5104240049813428
170665,0.6132051031492449
170666,0.46955063380313694
170667,0.8036142004626832
170668,0.9864967434926666
170669,0.15715772585344126
170670,0.8158312161111895
170671,0.20997086641729654
170672,0.5618145540652938
170673,0.10685798173810682
170674,0.44166238677217173
170675,0.2977352161839097
170676,0.15066289126946975
170677,0.7003922352866317
170678,0.43288140677480785
170679,0.5556696860754201
170680,0.9103585566832257
170681,0.29102676562691737
170682,0.4842128705896255
170683,0.4676462701287604
170684,0.0025315765313311
170685,0.18604587743897175
170686,0.8401243517664223
170687,0.25377577594865947
170688,0.6586098599679121
170689,0.21360688297935196
170690,0.8197535689775067
170691,0.20176255902845638
170692,0.6529967594002392
170693,0.5681366778625677
170694,0.9251389640079811
170695,0.8219215438526323
170696,0.13291458542593662
170697,0.48933510892142107
170698,0.9745115238999914
170699,0.9257979920098537
170700,0.88768799341881
170701,0.3592157112275646
170702,0.8326023425036702
170703,0.9281886728994051
170704,0.9109584994159649
170705,0.5561514582698924
170706,0.4228823612291554
170707,0.3590975406892978
170708,0.3531208384654192
170709,0.49141218338249526
170710,0.16006199408238306
170711,0.7677403520573036
170712,0.8655082923902718
170713,0.5219183623381405
170714,0.5358034005844897
170715,0.24101335781584485
170716,0.8445921071170479
170717,0.5006203953259007
170718,0.42343230873416626
170719,0.8443194058748937
170720,0.8021507037964558
170721,0.7170906413478714
170722,0.9831970584626013
170723,0.0346285127328755
170724,0.9552133659968821
170725,0.9602628839974366
170726,0.6650274291999401
170727,0.7411292558437604
170728,0.8029960776471337
170729,0.3655696501697565
170730,0.9709345926070694
170731,0.05395394076020016
170732,0.5215820308061504
170733,0.7420791651705974
170734,0.511192113480077
170735,0.6648456283718374
170736,0.11139391239927098
170737,0.06342576390435459
170738,0.2735966112325641
170739,0.12031124301771194
170740,0.023284141059262523
170741,0.5235318446875525
170742,0.9279205166779535
170743,0.45058880743201785
170744,0.13370087400748112
170745,0.7891428545457024
170746,0.5011657978102091
170747,0.3182696197181178
170748,0.993805136782398
170749,0.9573404356856846
170750,0.8850655164734276
170751,0.2508669626990151
170752,0.08054231187023057
170753,0.35571604528658624
170754,0.46817803755096105
170755,0.07551097395248635
170756,0.7259170715522609
170757,0.34864399307338845
170758,0.7303530117579685
170759,0.21313874584698733
170760,0.46776898568772973
170761,0.3844996613959576
170762,0.5603010621713382
170763,0.5566332304643649
170764,0.3340499315974384
170765,0.5758859381604484
170766,0.8349975684139243
170767,0.5113875493702874
170768,0.6355529699437781
170769,0.7838933556342349
170770,0.9415101285786357
170771,0.21625663004894988
170772,0.8485962703560115
170773,0.33881765831443356
170774,0.6758445784720549
170775,0.5775630507996964
170776,0.9939687575276906
170777,0.19941278332522805
170778,0.8939010367192223
170779,0.6241813281459497
170780,0.38684943709918596
170781,0.08004690461365051
170782,0.23557751305557198
170783,0.9441916907931516
170784,0.41338781298148813
170785,0.7339526681544034
170786,0.2572890769517455
170787,0.2854000299971366
170788,0.18705032701423957
170789,0.9931142936356075
170790,0.22264238413605975
170791,0.8838565409665441
170792,0.6009653623972258
170793,0.7862476763581658
170794,0.83603383313411
170795,0.9161625481204067
170796,0.7677494420987088
170797,0.7646497379795566
170798,0.7661359597492967
170799,0.5948659446143777
170800,0.908181491766695
170801,0.9958549411192568
170802,0.35494339176714945
170803,0.3860313333727235
170804,0.5525245317492422
170805,0.9952186382208972
170806,0.6149594811404366
170807,0.4478254348448557
170808,0.31358370337376884
170809,0.7487558005826718
170810,0.7557505874439259
170811,0.6089236936474246
170812,0.040109807700174076
170813,0.29094950027497374
170814,0.10357193177014921
170815,0.3749278477963467
170816,0.06601642570481908
170817,0.43007712900132256
170818,0.5932660973270734
170819,0.05983974257002741
170820,0.2656064648374473
170821,0.23602292508442374
170822,0.17222901450316105
170823,0.6710723067343571
170824,0.5630598897377979
170825,0.6257584503297413
170826,0.7294940028451831
170827,0.17104276409979047
170828,0.9779702846546466
170829,0.13889583267051783
170830,0.16088009780884552
170831,0.5141236518332342
170832,0.48572181746287857
170833,0.11114848128133223
170834,0.45985155962385404
170835,0.64517932379182
170836,0.9944096245358398
170837,0.8801568941146527
170838,0.9935097104367311
170839,0.6153867130864781
170840,0.8259893373814318
170841,0.3340999268251667
170842,0.960849191668068
170843,0.31017493784684186
170844,0.10134941664659282
170845,0.5497020738929467
170846,0.5922934628967236
170847,0.11116211634343993
170848,0.761859095268179
170849,0.42668199853650335
170850,0.11703428309115947
170851,0.7443244053976666
170852,0.3557751305557197
170853,0.9479458778934738
170854,0.011012585162325415
170855,0.018807295667231765
170856,0.5332127387840252
170857,0.651374187009422
170858,0.28906786170411003
170859,0.94638239077179
170860,0.7708400561764559
170861,0.48470827784620557
170862,0.6019834470346013
170863,0.28526822439676214
170864,0.5312538348612179
170865,0.11650251566895886
170866,0.2569663804818631
170867,0.31715608964598835
170868,0.8806795714954483
170869,0.482013080569582
170870,0.035414801314419986
170871,0.30405733998118356
170872,0.3587384840537948
170873,0.24858081728562273
170874,0.9264024797632954
170875,0.8936646956426887
170876,0.6762399952731785
170877,0.20530767517646042
170878,0.8952554528885879
170879,0.9300703114702688
170880,0.16831120665754634
170881,0.9396693951940951
170882,0.8812658791660796
170883,0.2902813822316961
170884,0.6978106635275724
170885,0.6824757636771036
170886,0.0819149081224065
170887,0.021397957467696266
170888,0.6888069775157826
170889,0.8551683702919267
170890,0.15398984642375046
170891,0.12292462992168929
170892,0.4479572404452302
170893,0.051740515678048916
170894,0.828857245444753
170895,0.9392285281859459
170896,0.4295999018275528
170897,0.9131855595602238
170898,0.264079337881384
170899,0.943469032501443
170900,0.3394630512541984
170901,0.24491298557864932
170902,0.5669640625213048
170903,0.7942832729603083
170904,0.3493621063443944
170905,0.10364465210139032
170906,0.42710923048254484
170907,0.27294667327209676
170908,0.09965866894523705
170909,0.4346176046831893
170910,0.5895937205993974
170911,0.8527140591125393
170912,0.9252116843392222
170913,0.8942282782098072
170914,0.5642734102653838
170915,0.5010249021684293
170916,0.8249167124956255
170917,0.8680671390458183
170918,0.44979797382977077
170919,0.8237759122992805
170920,0.2522759191168116
170921,0.025556651410547176
170922,0.21766558646674636
170923,0.37457788120224883
170924,0.8696578962917176
170925,0.30939319428599993
170926,0.7787256670954137
170927,0.5083832906858892
170928,0.43681284968253026
170929,0.7972011762513579
170930,0.19379059271614982
170931,0.7001877093550162
170932,0.6265765540562037
170933,0.14204553201739836
170934,0.5308584180600944
170935,0.11614800405415847
170936,0.9187668449829789
170937,0.9835379350152941
170938,0.8011826143868086
170939,0.7698901468496189
170940,0.3565932342821821
170941,0.1615482158521232
170942,0.5523290958590317
170943,0.855122920084901
170944,0.7399975456888207
170945,0.4968980233704964
170946,0.8046141050172484
170947,0.9715845305675368
170948,0.11738879470595988
170949,0.1778557501329419
170950,0.8025279405147691
170951,0.9373832497807028
170952,0.3362633566795897
170953,0.14773135291631254
170954,0.7122865544652557
170955,0.48934419896282627
170956,0.8866517286986243
170957,0.6652455901936634
170958,0.3461169615627599
170959,0.38761754559792017
170960,0.3267324482663018
170961,0.9105903527390568
170962,0.7711263924807178
170963,0.647383658832566
170964,0.4146695088196126
170965,0.7513419173624336
170966,0.1734379900100445
170967,0.6069284295589967
170968,0.025683911990219115
170969,0.42289599629126307
170970,0.2817503783729735
170971,0.5622190609078225
170972,0.6706223496848028
170973,0.31768331204748634
170974,0.7473832043304958
170975,0.48494916394344173
170976,0.9394966844073975
170977,0.3108930511178478
170978,0.68027597365706
170979,0.3985528654083019
170980,0.3013757777666677
170981,0.9980865462842183
170982,0.7501738470418733
170983,0.2745828807250216
170984,0.9444780270974135
170985,0.5500747655905573
170986,0.17996009471823146
170987,0.2711877502602024
170988,0.0843419491775785
170989,0.34208552819958093
170990,0.21706109871330465
170991,0.5722135614327724
170992,0.461519582221697
170993,0.6688088864244777
170994,0.9471732243740371
170995,0.49466641820553486
170996,0.02195244999340972
170997,0.33158198535594324
170998,0.2508078774298817
170999,0.1418773662514033
171000,0.3369496548056776
171001,0.1277196267628999
171002,0.8918694124651738
171003,0.43579476504515474
171004,0.9831970584626013
171005,0.23987710264020254
171006,0.10040859736116098
171007,0.9124992614341358
171008,0.7504556383254326
171009,0.907495193640607
171010,0.07826071147754078
171011,0.20897550688343386
171012,0.9988773798864654
171013,0.5432435994745957
171014,0.8623176878570682
171015,0.7041646024697643
171016,0.08649628899059635
171017,0.6937610500815832
171018,0.7271033219556315
171019,0.6705132691879412
171020,0.6472973034392172
171021,0.6264811086214498
171022,0.2015671231382459
171023,0.32076483608382833
171024,0.29873057571777234
171025,0.7682721194795042
171026,0.14238640857009105
171027,0.736216088464283
171028,0.5610464455665596
171029,0.778552956308716
171030,0.026192954308906877
171031,0.9168306661636844
171032,0.40428413651424183
171033,0.35098013371450903
171034,0.26613368723894537
171035,0.09876784488753346
171036,0.04379127446925521
171037,0.289458733484531
171038,0.7960012907858796
171039,0.3205421300694024
171040,0.4046568282118525
171041,0.047909063225783
171042,0.8825203048799888
171043,0.8772253557614955
171044,0.9794383263415765
171045,0.4924348130405734
171046,0.10802605205866712
171047,0.6864026615641234
171048,0.339140354784316
171049,0.058162629930779336
171050,0.2922721012994214
171051,0.14871307738806752
171052,0.6453383995164098
171053,0.25060335149826607
171054,0.8646992787052146
171055,0.22542848182673472
171056,0.15804854991114486
171057,0.2747146863253962
171058,0.3046981879002459
171059,0.18815931206566647
171060,0.4411715245362942
171061,0.893292003945078
171062,0.05834443075888211
171063,0.28644538475872755
171064,0.9804336858754392
171065,0.4202644293044755
171066,0.36214270456001924
171067,0.1973493439262616
171068,0.8038550865599193
171069,0.8019052726785171
171070,0.909067770803696
171071,0.014653146745083423
171072,0.17320619395421347
171073,0.05255407438380882
171074,0.6568418469146127
171075,0.9357697674312907
171076,0.5524609014594062
171077,0.8021734288999686
171078,0.46476018198262886
171079,0.0948227669177033
171080,0.6044150331104758
171081,0.008617359252071391
171082,0.5332763690738611
171083,0.6634275819126356
171084,0.17260170620077175
171085,0.0014453165834170374
171086,0.3425036701042173
171087,0.8164538839474414
171088,0.5357306802532487
171089,0.19697210720794836
171090,0.4307407020238977
171091,0.27624635830216204
171092,0.9848287208948238
171093,0.9930097581594485
171094,0.5910254021207066
171095,0.25145781539034906
171096,0.8541139254889306
171097,0.9627899155080651
171098,0.25422573299821377
171099,0.6980606396662137
171100,0.8687761622754192
171101,0.5498293344726185
171102,0.38594952300007723
171103,0.4281954904304589
171104,0.3159743842633203
171105,0.17881020448048143
171106,0.49783429763522574
171107,0.39345335218001914
171108,0.27320119443144064
171109,0.8532367364933348
171110,0.34258548047686355
171111,0.1849414374082474
171112,0.4865671913135564
171113,0.20343967166770446
171114,0.22353320819376332
171115,0.5645370214661328
171116,0.9526726994241459
171117,0.42718195081378596
171118,0.47703173787956604
171119,0.9384195145008886
171120,0.18403697828843613
171121,0.9126628821794283
171122,0.197344798905559
171123,0.40036178364792446
171124,0.22555574240640666
171125,0.6495061835006659
171126,0.8518459601583486
171127,0.9847560005635827
171128,0.1258561682748465
171129,0.8966144140786562
171130,0.310088582453493
171131,0.4289681439498957
171132,0.7239172624431304
171133,0.8087091686702633
171134,0.5260316060739657
171135,0.5999790929047681
171136,0.9284704641829644
171137,0.027420109898600588
171138,0.7504874534703506
171139,0.8357429518091455
171140,0.32792324369037495
171141,0.29439462596752125
171142,0.7405156780489135
171143,0.29999409147308664
171144,0.46179228346385115
171145,0.11298921466587279
171146,0.392494352811777
171147,0.11819780839101722
171148,0.6450884233777685
171149,0.20852100481317692
171150,0.32035123919989456
171151,0.3899900464046614
171152,0.10566718631403366
171153,0.09137764122515576
171154,0.4740638393607883
171155,0.6218360974634239
171156,0.30702523849996133
171157,0.5497338890378647
171158,0.7606773898855109
171159,0.8539139445780176
171160,0.7156044195781313
171161,0.4558064911985674
171162,0.8387972057212721
171163,0.23538662218606407
171164,0.3784047886338122
171165,0.06529831243381314
171166,0.3429945323400948
171167,0.004158693942850909
171168,0.8096045377486695
171169,0.5505701728471373
171170,0.7810481726744266
171171,0.5615963930715705
171172,0.7613500529494912
171173,0.6005472204925894
171174,0.33163198058367155
171175,0.715131737425064
171176,0.8989869148853973
171177,0.8147267760804651
171178,0.1136982378954736
171179,0.5417028374564247
171180,0.8120497588866518
171181,0.760318333250008
171182,0.8815703955531518
171183,0.8690443184968708
171184,0.7372796233086842
171185,0.47049145308856877
171186,0.06873434808495552
171187,0.9441598756482336
171188,0.8837701855731953
171189,0.9688802432495079
171190,0.6912703787365752
171191,0.7790120033996755
171192,0.21943359952004582
171193,0.7153317183359771
171194,0.9900554947027783
171195,0.9693847405474932
171196,0.7281077715308993
171197,0.5658732575526881
171198,0.05249953413537799
171199,0.6818894560064721
171200,0.08283754732502806
171201,0.6404115970748248
171202,0.5326537012376091
171203,0.5420209889056045
171204,0.19198167447652725
171205,0.6370255566514106
171206,0.114970843692193
171207,0.06879343335408893
171208,0.8642765917798756
171209,0.02378409333654515
171210,0.7903518300525859
171211,0.6974834220369873
171212,0.4053385813172379
171213,0.22756918657764488
171214,0.212361547306848
171215,0.7035146645092969
171216,0.4082201244426668
171217,0.16003926897887022
171218,0.26575645052063207
171219,0.22440130714795406
171220,0.9431690611350735
171221,0.37964557928561365
171222,0.7959831107030693
171223,0.2719604037796392
171224,0.202262511305739
171225,0.2038305434481254
171226,0.9808063775730499
171227,0.27058780752746325
171228,0.013457806300307698
171229,0.9287568004872263
171230,0.5050836056558238
171231,0.477981647206403
171232,0.47237763668013505
171233,0.6435840215252181
171234,0.840169801973448
171235,0.40765654187554823
171236,0.7658496234450348
171237,0.19962639929824882
171238,0.43075888210670793
171239,0.5837897291622163
171240,0.02825184868717077
171241,0.4362310870326014
171242,0.44987978420241703
171243,0.7130864781089078
171244,0.7262579481049537
171245,0.569232027851887
171246,0.14558610314469983
171247,0.9868376200453594
171248,0.4781589030138032
171249,0.2719376786761264
171250,0.2550892869317019
171251,0.4289499638670854
171252,0.8713668240758837
171253,0.037428245485658186
171254,0.10519904918166902
171255,0.9321337508692352
171256,0.9323882720285791
171257,0.9373514346357849
171258,0.8059367060416961
171259,0.033410447184586925
171260,0.7658223533208194
171261,0.8690397734761682
171262,0.3265733725417119
171263,0.8225305766267765
171264,0.3669058862563119
171265,0.9900009544543475
171266,0.8963053526708815
171267,0.9710300380418233
171268,0.14494071020493499
171269,0.16362074529249482
171270,0.048763527117866017
171271,0.39993909672258554
171272,0.8499961367324028
171273,0.6108689625081243
171274,0.3922716467973511
171275,0.575204185055063
171276,0.29729889419646305
171277,0.5202866999059181
171278,0.4690824966707723
171279,0.3557933106385299
171280,0.995009567268579
171281,0.819739933915399
171282,0.6978424786724904
171283,0.9471868594361448
171284,0.9372559892010308
171285,0.4005026792897041
171286,0.05186323123701829
171287,0.62009535453434
171288,0.6392798869198849
171289,0.8315069925143509
171290,0.20972089027865523
171291,0.7499193258825294
171292,0.6536557874021116
171293,0.3749823880447775
171294,0.9592811595256816
171295,0.7461969539271252
171296,0.5311811145299767
171297,0.2178201171706337
171298,0.7748260393326092
171299,0.4041796010380827
171300,0.9540725658005372
171301,0.058526231586984875
171302,0.8983187968421196
171303,0.5782720740292971
171304,0.6865299221437955
171305,0.20773926125233502
171306,0.9339790292744784
171307,0.33485894528249577
171308,0.14324996250357921
171309,0.9215893028392744
171310,0.8263756641411503
171311,0.8495007294758228
171312,0.7793165197867477
171313,0.5400666300034996
171314,0.4568473009394558
171315,0.5550015680321425
171316,0.7188586544011708
171317,0.1006131232927766
171318,0.7344935256180092
171319,0.7347480467773531
171320,0.6499561405502202
171321,0.6516877934378991
171322,0.7621408865517383
171323,0.9526545193413356
171324,0.26210225387576636
171325,0.5047790892687517
171326,0.17165634189463733
171327,0.15165370578262985
171328,0.04380945455206548
171329,0.2992487080778653
171330,0.594420532585526
171331,0.39708482372137205
171332,0.5458660764199781
171333,0.24867171769967414
171334,0.6741856459156171
171335,0.1123801818917285
171336,0.7223855904663646
171337,0.9150308379654669
171338,0.028992687061689566
171339,0.6687225310311289
171340,0.5859622490580445
171341,0.5238318160539222
171342,0.658337158725758
171343,0.8860290608623723
171344,0.27674176555874214
171345,0.7103412856045559
171346,0.9594629603537844
171347,0.9032274192008946
171348,0.19495411801600757
171349,0.6641775103285597
171350,0.11044854809313655
171351,0.5267315392621613
171352,0.5183323410038133
171353,0.426727448743529
171354,0.9465778266620005
171355,0.415351261924998
171356,0.8683852904949982
171357,0.7548597633862222
171358,0.3682739374877852
171359,0.15909844969343834
171360,0.8183673376632231
171361,0.9648897150726522
171362,0.7007876520877553
171363,0.08149676621777012
171364,0.2173792501624845
171365,0.7174178828384564
171366,0.1130482999350062
171367,0.5255861940451139
171368,0.9858013553251735
171369,0.920084900986724
171370,0.44029888056140093
171371,0.76339985728635
171372,0.7573095295449072
171373,0.8161175524154513
171374,0.11033492257557233
171375,0.7974193372450812
171376,0.2955536062466764
171377,0.11650251566895886
171378,0.09108675990019134
171379,0.8032051485994518
171380,0.5071425000340877
171381,0.08445102967444017
171382,0.21952904495479977
171383,0.2954218006463019
171384,0.3106021697928834
171385,0.22609205484930983
171386,0.7225628462737648
171387,0.2346230587080324
171388,0.5836761036446521
171389,0.884829175396894
171390,0.18120997541143802
171391,0.4950163847996327
171392,0.22560119261343237
171393,0.5856168274846493
171394,0.2846319214984024
171395,0.13251007858340794
171396,0.9927234218551866
171397,0.15294903668286208
171398,0.9346971425454843
171399,0.8717531508356021
171400,0.4428486371755423
171401,0.11945223410492635
171402,0.6771717245172053
171403,0.5677367160407416
171404,0.44570291017675584
171405,0.32659609764522474
171406,0.05952159112084756
171407,0.22946900523131886
171408,0.3801318965007885
171409,0.5571150026588372
171410,0.14703141972811687
171411,0.7830434367628545
171412,0.8689034228550911
171413,0.3048118134178101
171414,0.19455415619418148
171415,0.9950550174756047
171416,0.9177169452006855
171417,0.6570236477427155
171418,0.15911208475554606
171419,0.29927143318137817
171420,0.6293217465605556
171421,0.1773194376900387
171422,0.9193349725708001
171423,0.8333477258988915
171424,0.09671349552997213
171425,0.6436658318978643
171426,0.5701228519095904
171427,0.8810749882965717
171428,0.6051467814435895
171429,0.0442957717672404
171430,0.04618650037950923
171431,0.5533335454342995
171432,0.44835265724635376
171433,0.22062893996482155
171434,0.9448143586294036
171435,0.06745719726753355
171436,0.10350830148031324
171437,0.7524736275173733
171438,0.24036341985537746
171439,0.4276909931324737
171440,0.02936083373859768
171441,0.42248694442803186
171442,0.064666554556156
171443,0.13390539993909673
171444,0.5046154685234591
171445,0.7619772658064459
171446,0.038837201903454674
171447,0.35326627912790143
171448,0.256830029860786
171449,0.1500356784125152
171450,0.6283809272751237
171451,0.9481913090114126
171452,0.6600597215720317
171453,0.7572231741515583
171454,0.7574140650210662
171455,0.8204762272692152
171456,0.24694460983269778
171457,0.6802077983465216
171458,0.14579971911772058
171459,0.5342671835870212
171460,0.601110803059708
171461,0.34350357465878256
171462,0.22124706278037098
171463,0.9896146276946292
171464,0.11225292131205657
171465,0.4217915562605387
171466,0.9648351748242213
171467,0.9610991678067095
171468,0.24732184655101103
171469,0.794951391003586
171470,0.458438058185355
171471,0.7045509292294827
171472,0.8580544584380583
171473,0.8213352361820009
171474,0.730243931261107
171475,0.08744165329673076
171476,0.026961062807641087
171477,0.6123869994227824
171478,0.010235386622186062
171479,0.7842251421455225
171480,0.41574213370541896
171481,0.1916498879652397
171482,0.7683039346244223
171483,0.40147985874075653
171484,0.6775262361320056
171485,0.45886529013139654
171486,0.330909322291963
171487,0.05049063498484235
171488,0.6809168215761223
171489,0.32661427772803503
171490,0.10454911122120161
171491,0.6135323446398299
171492,0.8091909408647356
171493,0.8511233018666401
171494,0.02986987605728544
171495,0.2322141977356707
171496,0.06116688861517764
171497,0.04520023088705169
171498,0.48378563864358404
171499,0.3786638548138586
171500,0.7339663032165111
171501,0.7369614718595043
171502,0.8647129137673222
171503,0.01195340444775726
171504,0.08579635580240066
171505,0.9486003608746437
171506,0.7858068093500167
171507,0.49333472713968207
171508,0.7256261902272965
171509,0.49318019643579475
171510,0.42526395207730167
171511,0.31694701869367015
171512,0.09393648788070229
171513,0.3481894910031315
171514,0.6440476136368801
171515,0.7887292576617687
171516,0.9441053353998028
171517,0.5521291149481187
171518,0.12988760163802548
171519,0.6947927697810664
171520,0.2203244235777494
171521,0.7170133759959277
171522,0.5220365328764073
171523,0.36435158462146794
171524,0.7991782602569755
171525,0.01709382286236314
171526,0.6676817212902405
171527,0.9510319469505184
171528,0.698806023061435
171529,0.4671281377686675
171530,0.298216988378382
171531,0.38023188695624505
171532,0.611705246317397
171533,0.9553860767835798
171534,0.7739988455647416
171535,0.645970157394067
171536,0.4057339981183614
171537,0.08446920975725043
171538,0.6774535158007644
171539,0.5013475986383118
171540,0.9141809190940865
171541,0.4746001518036914
171542,0.04883624744910713
171543,0.8140495679957823
171544,0.8667036328350476
171545,0.1732016489335109
171546,0.08921875639143535
171547,0.9377877566232314
171548,0.8379700119534045
171549,0.554542520941183
171550,0.6176592234377628
171551,0.38467691720335784
171552,0.36852845864712913
171553,0.640725203503302
171554,0.8236713768231214
171555,0.36785125056244633
171556,0.45071152299098716
171557,0.24252230468909786
171558,0.04115516246176502
171559,0.6115189004685917
171560,0.762290872234923
171561,0.36534694415533064
171562,0.11932042850455184
171563,0.38759936551510993
171564,0.4999704573654333
171565,0.599147354116198
171566,0.5251907772439903
171567,0.9507410656255539
171568,0.642129614900396
171569,0.9111357552233651
171570,0.3086932610978043
171571,0.6693270187845706
171572,0.8810749882965717
171573,0.7625317583321592
171574,0.47751805509474093
171575,0.586789442825912
171576,0.5604646829166308
171577,0.29728071411365276
171578,0.7740352057303621
171579,0.7290349557542235
171580,0.979474686507197
171581,0.531103849178033
171582,0.5101876639048091
171583,0.12785597738397697
171584,0.16412524259048
171585,0.19248617177451244
171586,0.46656001018084636
171587,0.6497197994736866
171588,0.1411637980010999
171589,0.3304866353666241
171590,0.2958126724267229
171591,0.7243990346376028
171592,0.5843760368328478
171593,0.4177828480008726
171594,0.6356438703578294
171595,0.3806954790679071
171596,0.9798155630598897
171597,0.769172033578613
171598,0.9151035582967081
171599,0.8961417319255889
171600,0.9554133469077952
171601,0.09184123333681785
171602,0.47824525840715204
171603,0.8081228609996319
171604,0.6615050381554488
171605,0.7540280245976521
171606,0.9891010403552388
171607,0.6240404325041701
171608,0.5839806200317242
171609,0.09735434344903442
171610,0.22404679553315365
171611,0.9748069502456583
171612,0.11891137664132059
171613,0.25188050231568804
171614,0.13757777666677273
171615,0.5099331427454653
171616,0.44323496393526074
171617,0.028479099722299235
171618,0.5234409442735012
171619,0.19855831943314503
171620,0.9904736366074147
171621,0.36741038355429706
171622,0.4856627321937451
171623,0.8323478213443263
171624,0.8473100294971844
171625,0.6819212711513901
171626,0.193081569486549
171627,0.8537003286049968
171628,0.8820339876648138
171629,0.012348821248880789
171630,0.25328036869207937
171631,0.8174128833156835
171632,0.32195108648719895
171633,0.7074824675826399
171634,0.9355243363133519
171635,0.9232436903750096
171636,0.16204816812940584
171637,0.30505269951504627
171638,0.7848432649610719
171639,0.3239508955963294
171640,0.409706346212407
171641,0.6829711709336835
171642,0.9550406552101846
171643,0.6807713809136401
171644,0.4106698906013517
171645,0.10488544275319173
171646,0.16037105549015776
171647,0.12405179505592646
171648,0.6663954804314134
171649,0.6542920903004713
171650,0.6102826548374929
171651,0.47279577858477145
171652,0.24576744947073234
171653,0.168420287154408
171654,0.025320310334013572
171655,0.5376941291967585
171656,0.2593752414542248
171657,0.3425945705182687
171658,0.05496748037687312
171659,0.7061871366824075
171660,0.44984342403679645
171661,0.7123592747964967
171662,0.40030269837879107
171663,0.1029947141409229
171664,0.8306934338085911
171665,0.16523422764190693
171666,0.36297898836929204
171667,0.2697060735111648
171668,0.7646997332072848
171669,0.8005281314056386
171670,0.9840924275410075
171671,0.5729953049936143
171672,0.3729643988528367
171673,0.5977565777812118
171674,0.835411165297858
171675,0.09375014203189695
171676,0.8932965489657806
171677,0.6665818262802188
171678,0.9576994923211875
171679,0.5982656200998996
171680,0.8798341976447703
171681,0.46573736143368133
171682,0.9205303130155759
171683,0.15184914167284033
171684,0.7648224487662542
171685,0.8812613341453771
171686,0.9974275182823458
171687,0.8121815644870263
171688,0.5528790433640425
171689,0.2061848641720563
171690,0.3166652274101108
171691,0.030415278541593756
171692,0.9779384695097286
171693,0.5183187059417056
171694,0.2990669072497625
171695,0.5483112975579604
171696,0.23245962885360943
171697,0.3857949922961899
171698,0.9884374673326637
171699,0.17135637052826777
171700,0.6306125324400853
171701,0.6828666354575246
171702,0.15764858808931878
171703,0.63879356970471
171704,0.7147454106653456
171705,0.415183096159003
171706,0.9688029778975643
171707,0.925625281223156
171708,0.5675185550470182
171709,0.8969871057762668
171710,0.2592207107503375
171711,0.8427831888774254
171712,0.9222983260688753
171713,0.6417705582648929
171714,0.780325514382718
171715,0.608919148626722
171716,0.22457401793465168
171717,0.6840983360679208
171718,0.9843469487003513
171719,0.8452829502638385
171720,0.3553569886510833
171721,0.38169538362247235
171722,0.5845805627644634
171723,0.9933960849191669
171724,0.7559278432513261
171725,0.7405293131110213
171726,0.7166861345053427
171727,0.7447152771780876
171728,0.22187427563732554
171729,0.21990173665241047
171730,0.8365110603078797
171731,0.9796019470868691
171732,0.37413246917339704
171733,0.023879538771299103
171734,0.6110007681084988
171735,0.8846246494652784
171736,0.11165752360001999
171737,0.4911122120161257
171738,0.7157407701992083
171739,0.4562291781239063
171740,0.6118461419591766
171741,0.1966857709036865
171742,0.26371573622517847
171743,0.8851655069288841
171744,0.31846960062903085
171745,0.2980942728194127
171746,0.2092073029392649
171747,0.6172956217815573
171748,0.2660291517627863
171749,0.7997782029897147
171750,0.9250071584076066
171751,0.7713945487021694
171752,0.5901163979801929
171753,0.272933038209989
171754,0.48355384258775297
171755,0.5083151153753506
171756,0.5948568545729725
171757,0.5587557551324647
171758,0.8557183177969375
171759,0.2665109239572586
171760,0.25719363151699154
171761,0.4437667313574613
171762,0.22488762436312898
171763,0.6713722781007269
171764,0.1762195426800169
171765,0.8812567891246744
171766,0.8945282495761768
171767,0.9620218070093309
171768,0.8199171897227993
171769,0.6525377123092796
171770,0.7828070956863209
171771,0.905195413165107
171772,0.6041741470132397
171773,0.8308479645124783
171774,0.3696874389262843
171775,0.6530694797314802
171776,0.750346557828571
171777,0.34210825330309375
171778,0.4626831075215548
171779,0.6856436431067944
171780,0.10468546184227868
171781,0.20746656001018085
171782,0.6254675690047768
171783,0.1882729375832307
171784,0.9645306584371491
171785,0.4367673994755046
171786,0.10420368964780634
171787,0.585080515041746
171788,0.9724571745424301
171789,0.44266683634743953
171790,0.4194281454952027
171791,0.8882879361515492
171792,0.8401743469941505
171793,0.12267919880375054
171794,0.5947932242831366
171795,0.728248667172679
171796,0.03226510196753947
171797,0.41076988105680823
171798,0.4061021447952695
171799,0.03308320569400194
171800,0.8074547429563542
171801,0.3223055981019993
171802,0.8360383781548125
171803,0.1932815503974621
171804,0.6259993364269775
171805,0.14218188263847542
171806,0.9997409338199535
171807,0.3692738420423505
171808,0.25774812404270503
171809,0.017125638007281122
171810,0.016866571827234677
171811,0.8164629739888466
171812,0.9327200585398667
171813,0.842987714809041
171814,0.8662627658268983
171815,0.027061053263097615
171816,0.12326096145367942
171817,0.026647456379163808
171818,0.12676971743606294
171819,0.4653646697360706
171820,0.9038909922234696
171821,0.34593516073465713
171822,0.9678303434672145
171823,0.9232755055199277
171824,0.6971652705878075
171825,0.8489962321778376
171826,0.8450466091873049
171827,0.277882565755087
171828,0.6052376818576408
171829,0.30757973102567476
171830,0.7832843228600906
171831,0.09700892187563914
171832,0.7357752214561337
171833,0.9242617750123852
171834,0.22399225528472283
171835,0.014484980979088359
171836,0.024420396234904853
171837,0.11892046668272573
171838,0.9542543666286399
171839,0.2253466714540885
171840,0.1176524059067089
171841,0.05556742310961227
171842,0.22200153621699747
171843,0.4350584716913385
171844,0.8755027929152218
171845,0.2859954277091732
171846,0.49766158684852807
171847,0.41739197622045165
171848,0.4959026638366338
171849,0.5989655532880953
171850,0.2919403147881338
171851,0.37249171669976955
171852,0.8319024093154744
171853,0.08714168193036118
171854,0.7095140918366883
171855,0.20997086641729654
171856,0.8517550597442972
171857,0.8395471341371961
171858,0.8779843742188246
171859,0.6532285554560701
171860,0.5198276528149586
171861,0.7964876080010546
171862,0.7741579212893316
171863,0.12827866430931595
171864,0.7927652360456502
171865,0.8491234927575095
171866,0.5082242149612992
171867,0.9282341231064308
171868,0.39953458988005686
171869,0.7567459469777885
171870,0.23411401638934465
171871,0.3946168774798769
171872,0.6870662345866986
171873,0.26101599392785235
171874,0.46933701783011617
171875,0.19961730925684365
171876,0.14861763195331354
171877,0.23320046722812823
171878,0.4775453252189563
171879,0.9993409719981275
171880,0.5930297562505398
171881,0.19149081224064976
171882,0.8064730184845992
171883,0.33139109448643533
171884,0.7005240408870063
171885,0.12498806932065575
171886,0.9863013076024562
171887,0.9859422509669532
171888,0.641179705573559
171889,0.3035437526417933
171890,0.07913790047313665
171891,0.7637452788597453
171892,0.19782657110003135
171893,0.6426477472604888
171894,0.7664495661777739
171895,0.3682284872807595
171896,0.663318501415774
171897,0.7812208834611242
171898,0.8799069179760114
171899,0.43669467914426346
171900,0.4822585116875207
171901,0.11271196840301606
171902,0.5160916457974466
171903,0.6996286718086001
171904,0.5652914949027593
171905,0.8004963162607206
171906,0.153171742697288
171907,0.22431040673390268
171908,0.9071952222742375
171909,0.9332563709827698
171910,0.9607492012126115
171911,0.32236013835043015
171912,0.9525045336581508
171913,0.6302216606596643
171914,0.8633357724944438
171915,0.2482581208157403
171916,0.20258520777562142
171917,0.8806341212884226
171918,0.1834006753900764
171919,0.6936974197917471
171920,0.6565736906931612
171921,0.5291222201517127
171922,0.14227732807322938
171923,0.6820485317310621
171924,0.7196767581276333
171925,0.5851895955386077
171926,0.33003213329636716
171927,0.2558664854718413
171928,0.6356484153785321
171929,0.4665781902636566
171930,0.025488476100008636
171931,0.5641461496857119
171932,0.8416151185568651
171933,0.2669381559033001
171934,0.7251444180328243
171935,0.6359892919312248
171936,0.7751214656782762
171937,0.5854895669049772
171938,0.6546784170601897
171939,0.6505060880552311
171940,0.16768853882129434
171941,0.005640370691888501
171942,0.3913944578017553
171943,0.7261852277737126
171944,0.18838201808009236
171945,0.9647715445343854
171946,0.3784684189236482
171947,0.7754168920239433
171948,0.8814613150562901
171949,0.23185514110016772
171950,0.4013662332231923
171951,0.9367696719858559
171952,0.9668804341403776
171953,0.015112193836042922
171954,0.37753668967962145
171955,0.4017161998172902
171956,0.5247453652151386
171957,0.2500215888483372
171958,0.9669258843474032
171959,0.9137491421273424
171960,0.9052408633721326
171961,0.660205162234514
171962,0.3922443766731358
171963,0.6522559210257203
171964,0.7600092718422333
171965,0.6342440039814382
171966,0.5594920484862809
171967,0.161370960044723
171968,0.38444057612682425
171969,0.7227310120397599
171970,0.23350952863590294
171971,0.29267660814195
171972,0.1790329104949073
171973,0.10319469505183596
171974,0.27731443816726586
171975,0.4397625681184978
171976,0.5457388158403061
171977,0.045032065121056626
171978,0.30604805904890897
171979,0.17174724230868874
171980,0.25590284563746185
171981,0.10404006890251384
171982,0.7456879116084374
171983,0.3532617341071988
171984,0.5940342058258076
171985,0.48508096954381624
171986,0.902545666095509
171987,0.7377704855445617
171988,0.47095504520023085
171989,0.48684443757641316
171990,0.27251489630535264
171991,0.9679666940882916
171992,0.7002422496034469
171993,0.971211838869926
171994,0.5703455579240164
171995,0.36656955472432173
171996,0.98360156530513
171997,0.43831270651437815
171998,0.4256639138991278
171999,0.04027797346616914
172000,0.1373732507351571
172001,0.12761054626603827
172002,0.9725889801428046
172003,0.7527236036560147
172004,0.13429172669881512
172005,0.6195499520500316
172006,0.7929334018116453
172007,0.5848396289445099
172008,0.09622263329409464
172009,0.7706582553483532
172010,0.50631530626622
172011,0.5866394571427274
172012,0.579212893314729
172013,0.9292840228887242
172014,0.12810140850191573
172015,0.5083242054167557
172016,0.43818090091400363
172017,0.3376495879938733
172018,0.5630235295721773
172019,0.3848768981142709
172020,0.216561146436022
172021,0.09012776053194922
172022,0.5101285786356757
172023,0.6480563218965463
172024,0.9525999790929047
172025,0.6265174687870704
172026,0.6173683421127983
172027,0.08151494630058038
172028,0.21524309043227693
172029,0.7062007717445153
172030,0.6846210134487163
172031,0.3174833311365733
172032,0.7716172547165953
172033,0.2345548833974939
172034,0.5024793087932516
172035,0.9096631685157327
172036,0.9877329891237655
172037,0.8172901677567141
172038,0.6921566577735762
172039,0.9779884647374569
172040,0.602492489353289
172041,0.9674576517696039
172042,0.626131142027352
172043,0.9346426022970534
172044,0.2908086046331941
172045,0.9897918835020294
172046,0.13576431340644757
172047,0.612623340499316
172048,0.888565182414406
172049,0.4841810554447076
172050,0.34353084478299795
172051,0.01683021166161412
172052,0.7017875566423205
172053,0.639216256630049
172054,0.46471927679630576
172055,0.8550411097122548
172056,0.3443716736129733
172057,0.3715827125592557
172058,0.9240890642256876
172059,0.7722444675735498
172060,0.7239945277950741
172061,0.47974057021829736
172062,0.1571804509569541
172063,0.5567332209198212
172064,0.9577903927352389
172065,0.15235363897082552
172066,0.1549352107298849
172067,0.7801255334718049
172068,0.4006572099935915
172069,0.9404465937342346
172070,0.8652265011067126
172071,0.13821407956513243
172072,0.23270960499225077
172073,0.9392421632480535
172074,0.8008599179169261
172075,0.9721253880311426
172076,0.9387149408465556
172077,0.8784979615582149
172078,0.31111121211157117
172079,0.6092736602415224
172080,0.6857981738106818
172081,0.4476572690788606
172082,0.11896591688975142
172083,0.18860017907381568
172084,0.9851968675717317
172085,0.38409969957413154
172086,0.43719917644224865
172087,0.8664036614686781
172088,0.9779066543648106
172089,0.2699378695669959
172090,0.3385904072793051
172091,0.7721626572009036
172092,0.7177860295153644
172093,0.43667195404075065
172094,0.8420878007099323
172095,0.1052444993886947
172096,0.42941810099945005
172097,0.3614336813304185
172098,0.2736920566673181
172099,0.3918489598720122
172100,0.5790310924866262
172101,0.9088905149962958
172102,0.0381963539843924
172103,0.36828757254989297
172104,0.7963830725248954
172105,0.5155735134373538
172106,0.9049817971920863
172107,0.8908967780348239
172108,0.8515868939783021
172109,0.4533703601019903
172110,0.17248353566250496
172111,0.7455152008217398
172112,0.8193354270728703
172113,0.6863072161293695
172114,0.46593279732389176
172115,0.5970611896137188
172116,0.6380118261438681
172117,0.11693883765640552
172118,0.5465023793183378
172119,0.6050831511537536
172120,0.14413624154058022
172121,0.79734661691384
172122,0.5109012321551125
172123,0.5597602047077326
172124,0.30936137914108197
172125,0.2357502238422696
172126,0.5190231841506039
172127,0.4495661777739397
172128,0.9935233454988387
172129,0.13223283232055125
172130,0.5819126356120553
172131,0.3373814317724217
172132,0.2116343439944369
172133,0.6964471573168016
172134,0.3798364701551215
172135,0.8538594043295867
172136,0.3652105935342535
172137,0.8971052763145336
172138,0.8104135514337268
172139,0.08258302616568418
172140,0.16172092663882084
172141,0.9067179951004677
172142,0.4417623772276283
172143,0.7018011917044282
172144,0.005317674222006081
172145,0.49400739020366236
172146,0.9318428695442708
172147,0.7573095295449072
172148,0.6493834679416965
172149,0.5640370691888502
172150,0.1132710059494321
172151,0.8872016762036351
172152,0.339499411419819
172153,0.1230246203771458
172154,0.9531908317842388
172155,0.5345989700983088
172156,0.7212811504356403
172157,0.37835933842678654
172158,0.9285113693692875
172159,0.5592329823062344
172160,0.7917880565945978
172161,0.8698033369541999
172162,0.3366996786670363
172163,0.061785011430727066
172164,0.9608219215438526
172165,0.4703596474881943
172166,0.39021275241908726
172167,0.6048695351807328
172168,0.33303639198076546
172169,0.039255343808091044
172170,0.43473577522145607
172171,0.7699674122015626
172172,0.3507892428450011
172173,0.14561791828961781
172174,0.6975970475545517
172175,0.7920971180023725
172176,0.4539748478554319
172177,0.4683598383790638
172178,0.39545316128914965
172179,0.9407692902041169
172180,0.43669922416496604
172181,0.5770494634603062
172182,0.9569086587189405
172183,0.6804077792574346
172184,0.23606837529144944
172185,0.3978483871994037
172186,0.46260584216961104
172187,0.0640893369269297
172188,0.5525972520804833
172189,0.6362210879870558
172190,0.33666331850141573
172191,0.845087514373628
172192,0.05673549343017257
172193,0.870466909976775
172194,0.01227155589693711
172195,0.9547225037610046
172196,0.7862022261511402
172197,0.33441807827434655
172198,0.8394653237645497
172199,0.09274114743592657
172200,0.1368869335199822
172201,0.6582098981460861
172202,0.15007203857813575
172203,0.46777807572913493
172204,0.762881724926257
172205,0.9277796210361738
172206,0.3930579353788956
172207,0.4890805877620772
172208,0.41882365774176095
172209,0.8601133528163221
172210,0.23259597947468652
172211,0.8730212116116189
172212,0.18950009317292443
172213,0.4921530217570141
172214,0.6766854073020303
172215,0.44118061457769936
172216,0.14008208307388842
172217,0.7788711077578959
172218,0.4558973916126188
172219,0.8531231109757705
172220,0.22801005358579407
172221,0.3333000031815144
172222,0.8780661845914709
172223,0.2983033437717309
172224,0.49714799950913774
172225,0.20731657432699607
172226,0.8827157407701992
172227,0.8890969498366065
172228,0.09605901254880216
172229,0.47595002295235456
172230,0.37456424614014117
172231,0.8059776112280191
172232,0.2421450679707846
172233,0.7770758245803809
172234,0.9900327695992656
172235,0.44423032346912333
172236,0.7921516582508034
172237,0.0725430754337086
172238,0.09897691583985165
172239,0.5017430154394353
172240,0.715649869785157
172241,0.528085955431527
172242,0.5507474286545375
172243,0.34458983460669657
172244,0.34117652405906707
172245,0.6616095736316079
172246,0.9718981369960141
172247,0.32912767417655586
172248,0.728575908663264
172249,0.5223501393048846
172250,0.03541934633512256
172251,0.8315978929284022
172252,0.836138368610269
172253,0.13144199871830417
172254,0.4161057353616246
172255,0.7665904618195536
172256,0.5238772662609478
172257,0.7219129083132974
172258,0.19394966844073977
172259,0.022575117829661717
172260,0.7547370478272529
172261,0.7801255334718049
172262,0.948882152158203
172263,0.16263902082073983
172264,0.37914108198762847
172265,0.4092018489144218
172266,0.11167570368283027
172267,0.3380495498156994
172268,0.5384622376954927
172269,0.11348007690175028
172270,0.8231577894837312
172271,0.9512546529649443
172272,0.19557224083155697
172273,0.3858813476895387
172274,0.3226601097167997
172275,0.7154498888742439
172276,0.9013912308370565
172277,0.19749932960944638
172278,0.6457429063589385
172279,0.12348821248880788
172280,0.5017021102531122
172281,0.9480231432454175
172282,0.4520295789947323
172283,0.16347984965071516
172284,0.28888151585530475
172285,0.8858245349307566
172286,0.3256689134219006
172287,0.28925875257361794
172288,0.2368728439558042
172289,0.8518186900341331
172290,0.07361570031951495
172291,0.8595634053113113
172292,0.45047063689375105
172293,0.1627481013176015
172294,0.7677767122229242
172295,0.47279577858477145
172296,0.17915108103317412
172297,0.8736484244685735
172298,0.33363178969280205
172299,0.8158493961939997
172300,0.14991750787424837
172301,0.9851695974475164
172302,0.03409674531067489
172303,0.08195581330872961
172304,0.6130369373832498
172305,0.35607055690138667
172306,0.2837410974406988
172307,0.051308738711304834
172308,0.4119879466050968
172309,0.8883470214206826
172310,0.1133573613427809
172311,0.7970330104853628
172312,0.9603310593079752
172313,0.060148803977802125
172314,0.7403247871794056
172315,0.9542680016907478
172316,0.9912962853545798
172317,0.6703905536289718
172318,0.45936524240867915
172319,0.3622381499947732
172320,0.04752728148676717
172321,0.2611659796110371
172322,0.9838288163402585
172323,0.2988442012353366
172324,0.4126469746069693
172325,0.6277264442939537
172326,0.6576735857031829
172327,0.8316478881561306
172328,0.4534021752469082
172329,0.9125219865376487
172330,0.9203212420632576
172331,0.411806145776994
172332,0.8480235977474877
172333,0.7891973947941333
172334,0.014771317283350226
172335,0.39351243744915254
172336,0.6270219660850556
172337,0.6615095831761514
172338,0.7484603742370047
172339,0.34384899623217785
172340,0.4406170320105808
172341,0.7414019570859146
172342,0.6881161343689921
172343,0.759895646324669
172344,0.7098458783479759
172345,0.37254171192749785
172346,0.6546193317910564
172347,0.8867335390712705
172348,0.9459460687843433
172349,0.31399275523700004
172350,0.4706914339994818
172351,0.8710032224196781
172352,0.08896878025279403
172353,0.7455197458424423
172354,0.4544838901741197
172355,0.10805332218288254
172356,0.8187082142159158
172357,0.7387567550370192
172358,0.32755055199276434
172359,0.9205848532640066
172360,0.4249458006281218
172361,0.5021066170956409
172362,0.28460010635348443
172363,0.8528867698992368
172364,0.7266851800509952
172365,0.16285718181446315
172366,0.7736352439085361
172367,0.04735911572077211
172368,0.5857622681471315
172369,0.15542607296576236
172370,0.7054690234114016
172371,0.8647538189536453
172372,0.8203989619172716
172373,0.30930683889265115
172374,0.9964367037691857
172375,0.8858790751791874
172376,0.1442316869753342
172377,0.9683348407651997
172378,0.6991241745106149
172379,0.5618918194172375
172380,0.25628462737647767
172381,0.6161502765645098
172382,0.8253348544002619
172383,0.9039091723062799
172384,0.36125188050231566
172385,0.29609900873098477
172386,0.17707400657209996
172387,0.027956422341503768
172388,0.2068938874016571
172389,0.9537771394548702
172390,0.11766149594811404
172391,0.2103890083219329
172392,0.4642011444362129
172393,0.7620818012826048
172394,0.02137977738488599
172395,0.4176783125247135
172396,0.7608682807550189
172397,0.7873293912853773
172398,0.5871848596270356
172399,0.3300457683584748
172400,0.3988937419609946
172401,0.09851786874889214
172402,0.646233768594816
172403,0.4864626558373973
172404,0.7859567950332014
172405,0.9301112166565918
172406,0.7374568791160844
172407,0.6591279923280051
172408,0.8725712545620645
172409,0.3531981038173629
172410,0.5865758268528913
172411,0.5708818703669195
172412,0.015834852127751445
172413,0.4176783125247135
172414,0.44112607432926854
172415,0.5074697415246726
172416,0.23394130560264703
172417,0.2895905390849055
172418,0.3100294971843597
172419,0.8293981029083587
172420,0.9017502874725595
172421,0.1373914308179674
172422,0.14854945664277502
172423,0.22262874907395205
172424,0.3463987528463192
172425,0.09969502911085759
172426,0.12789688257030013
172427,0.05072697606137596
172428,0.5685366396843937
172429,0.486339940278428
172430,0.3719099540498407
172431,0.5008567364024343
172432,0.1159798382881634
172433,0.5774221551579167
172434,0.9593220647120049
172435,0.572122661018721
172436,0.7964785179596494
172437,0.7787892973852497
172438,0.8338522231968767
172439,0.7116229814426804
172440,0.8172083573840678
172441,0.22954627058326252
172442,0.01734834402170702
172443,0.5306220769835607
172444,0.9697074370173756
172445,0.15164916076192728
172446,0.27166952245467474
172447,0.18142359138445877
172448,0.08905059062544028
172449,0.681912181109985
172450,0.45873802955172455
172451,0.3693283822907813
172452,0.2675153735325264
172453,0.1898546047877248
172454,0.4245367487648906
172455,0.08615086741720109
172456,0.3607382931629253
172457,0.43508574181555393
172458,0.37304166420478047
172459,0.9737525054426622
172460,0.7253716690679527
172461,0.00825375759586585
172462,0.579203803273324
172463,0.6761581849005323
172464,0.722181064534749
172465,0.13000577217629225
172466,0.2920084900986724
172467,0.4077656223724099
172468,0.43329500365874163
172469,0.9204348675808218
172470,0.9985046881888547
172471,0.41933724508115133
172472,0.812386090418642
172473,0.8499052363183515
172474,0.6727857795392258
172475,0.2126115234454893
172476,0.6077828934510797
172477,0.77061735016203
172478,0.7256080101444863
172479,0.6007290213206922
172480,0.5258634403079706
172481,0.25243499484140147
172482,0.9167943059980639
172483,0.35488885151871863
172484,0.1185977702128433
172485,0.6057603592384364
172486,0.6274719231346099
172487,0.36992832502352047
172488,0.8203989619172716
172489,0.08799614582244422
172490,0.8583271596802124
172491,0.16365710545811538
172492,0.9955095195458616
172493,0.5331036582871636
172494,0.48842610478090726
172495,0.11226201135346171
172496,0.8262393135200732
172497,0.1464769272024034
172498,0.451715972566255
172499,0.41853277641679654
172500,0.11600710841237881
172501,0.7117093368360293
172502,0.2287054417532872
172503,0.9675985474113835
172504,0.04346857799937279
172505,0.9329200394507797
172506,0.3780957272260375
172507,0.6057694492798414
172508,0.14299089632353276
172509,0.2344185327764168
172510,0.44872080392326186
172511,0.904277318983188
172512,0.07372023579567405
172513,0.9367833070479636
172514,0.2322551029219938
172515,0.7952968125769813
172516,0.7016193908763254
172517,0.19078633403175152
172518,0.8297026192954309
172519,0.7975193277005378
172520,0.5549606628458194
172521,0.09200485408211033
172522,0.9224028615450344
172523,0.9705709909508639
172524,0.21620208980051905
172525,0.43308138768572085
172526,0.8709486821712473
172527,0.6453429445371124
172528,0.26200226342030986
172529,0.9627762804459575
172530,0.7419655396530331
172531,0.10779880102353866
172532,0.04381854459347062
172533,0.5596874843764913
172534,0.4959753841678749
172535,0.5640825193958758
172536,0.011971584530567536
172537,0.29064043886719904
172538,0.3518027824616741
172539,0.9630944318951373
172540,0.9769885601828917
172541,0.657378159357516
172542,0.09983592475263725
172543,0.264438394516887
172544,0.5263952077301712
172545,0.15088105226319307
172546,0.668395289540544
172547,0.27356934110834874
172548,0.5785402302507489
172549,0.774976025015794
172550,0.20345785175051473
172551,0.7178632948673082
172552,0.6827893701055808
172553,0.9172533530890233
172554,0.8428877243535845
172555,0.03848269028865427
172556,0.7604728639538954
172557,0.3954304361856368
172558,0.9428827248308117
172559,0.8740620213525072
172560,0.9177351252834957
172561,0.542216424795815
172562,0.9248253575795038
172563,0.627608273755687
172564,0.033987664813813226
172565,0.018880015998472874
172566,0.055562878088909695
172567,0.5249771612709697
172568,0.4225823898627858
172569,0.9337972284463756
172570,0.5711863867539917
172571,0.9039091723062799
172572,0.6959517500602216
172573,0.5584557837660951
172574,0.6574599697301622
172575,0.6309306838892651
172576,0.019102722012898768
172577,0.38746301489403284
172578,0.11353461715018111
172579,0.642593207012058
172580,0.39247617272896673
172581,0.4737956831393367
172582,0.04769090223205967
172583,0.5631598801932544
172584,0.8852291372187201
172585,0.4172374455165643
172586,0.7015103103794639
172587,0.507424291317647
172588,0.30884324678098907
172589,0.0879234254912031
172590,0.2052531349280296
172591,0.3984665100149531
172592,0.33405447661814097
172593,0.060566945882438494
172594,0.44716186182228057
172595,0.7386658546229679
172596,0.1920180346421478
172597,0.7215038564500661
172598,0.4730230296198999
172599,0.8763572568073048
172600,0.5324673553888039
172601,0.570391008131042
172602,0.26630639802564293
172603,0.2722103799182805
172604,0.2910994859581585
172605,0.5181959903827362
172606,0.4531885592738875
172607,0.42868635266633637
172608,0.904572745328855
172609,0.6444793906036242
172610,0.3687647997236627
172611,0.6808441012448813
172612,0.03690556810486272
172613,0.40382054440257975
172614,0.39823925897982465
172615,0.2677289895055472
172616,0.2313415537607774
172617,0.6308488735166189
172618,0.6315715318083275
172619,0.5697910653983029
172620,0.07079778748392199
172621,0.4014480435958385
172622,0.6073147563187151
172623,0.06802077983465214
172624,0.6638411787965695
172625,0.2597752032760509
172626,0.22450584262411316
172627,0.6660000636302899
172628,0.13380540948364023
172629,0.03817362888087955
172630,0.16728857699946825
172631,0.4631466996332168
172632,0.8725712545620645
172633,0.7983556115098104
172634,0.9490548629449007
172635,0.5089695983565206
172636,0.2069711527536008
172637,0.09593629698983278
172638,0.40144349857513595
172639,0.8074365628735439
172640,0.37482785734089014
172641,0.7595093195649507
172642,0.0333695419982638
172643,0.20425777539416692
172644,0.4925802537030556
172645,0.014316815213093295
172646,0.1766058694397353
172647,0.08056049195304084
172648,0.8557819480867735
172649,0.17238809022775098
172650,0.87505738088637
172651,0.7391521718381427
172652,0.27248762618113725
172653,0.6330032133296367
172654,0.20709841333327275
172655,0.493325637098277
172656,0.22262420405324948
172657,0.9649124401761651
172658,0.22089255116557058
172659,0.5552606342121889
172660,0.4650147031419728
172661,0.3322637384613287
172662,0.17997827480104173
172663,0.5854895669049772
172664,0.32027397384795087
172665,0.975625053972121
172666,0.5968748437649133
172667,0.8369428372746238
172668,0.5202321596574873
172669,0.5823625926616095
172670,0.9413237827298303
172671,0.05420391689884147
172672,0.9612309734070839
172673,0.9891283104794543
172674,0.044227596456701865
172675,0.4389217392885224
172676,0.8007735625235773
172677,0.20021725198958282
172678,0.6820030815240363
172679,0.38457692674790134
172680,0.5718408697351617
172681,0.8914739956640503
172682,0.20604851355097922
172683,0.1467859886101781
172684,0.8807886519923098
172685,0.8546002427041056
172686,0.6627821889728708
172687,0.358124906258948
172688,0.733757232264193
172689,0.8331522900086811
172690,0.542216424795815
172691,0.23220510769426556
172692,0.6754718867744443
172693,0.5036473791138119
172694,0.5038246349212121
172695,0.004613196013107839
172696,0.03161970902777462
172697,0.7184995977656679
172698,0.7363024438576319
172699,0.8797932924584472
172700,0.6007472014035025
172701,0.13159652942219152
172702,0.7584685098240623
172703,0.6812531531081124
172704,0.18432785961340056
172705,0.9672713059207985
172706,0.48678080728657713
172707,0.6392480717749669
172708,0.6671135937024194
172709,0.420596215815763
172710,0.004226869253389449
172711,0.05105876257266352
172712,0.47599547315938023
172713,0.731266560919185
172714,0.6452384090609533
172715,0.8083728371382732
172716,0.6556555965112421
172717,0.5529426736538785
172718,0.3975575058744392
172719,0.03774185191413547
172720,0.590125488021598
172721,0.5796992105299039
172722,0.5750087491648525
172723,0.9442735011657978
172724,0.628758163993437
172725,0.5095468159857469
172726,0.5637370978224807
172727,0.690565900527677
172728,0.03561932724603561
172729,0.4711004858627131
172730,0.08901423045981974
172731,0.7244717549688439
172732,0.625317583321592
172733,0.045818353702601115
172734,0.9462960353784412
172735,0.11343008167402202
172736,0.9970548265847351
172737,0.01961176433158653
172738,0.3603019711754787
172739,0.26473382086255404
172740,0.6891433090477728
172741,0.4463619381786284
172742,0.6871389549179396
172743,0.28371382731648337
172744,0.4145876984469664
172745,0.06359392967034963
172746,0.739793019757205
172747,0.18788206580280972
172748,0.09392285281859458
172749,0.4281091350371101
172750,0.6808759163897992
172751,0.07057508146949609
172752,0.38063184877807116
172753,0.7503192877043555
172754,0.33876766308670536
172755,0.6212497897927926
172756,0.049963412583344316
172757,0.6973152562709923
172758,0.5642006899341426
172759,0.3920534858036278
172760,0.5197412974216098
172761,0.5775448707168861
172762,0.7837615500338604
172763,0.606882979351971
172764,0.18790479090632256
172765,0.5056562782643474
172766,0.6553919853104931
172767,0.2600342694560973
172768,0.22057894473709327
172769,0.35979292885679093
172770,0.3328182309870421
172771,0.8579181078169812
172772,0.6729948504915441
172773,0.5300221342508216
172774,0.3815272178564773
172775,0.713854586607642
172776,0.2744601651660523
172777,0.08829157216811122
172778,0.23530026679271523
172779,0.8519595856759128
172780,0.8050322469218848
172781,0.6084146513287368
172782,0.08214670417823752
172783,0.6235541152889952
172784,0.43080887733443624
172785,0.47974057021829736
172786,0.9043045891074034
172787,0.4589425554833402
172788,0.406529376741311
172789,0.3885947250489726
172790,0.06368483008440104
172791,0.2225742088255212
172792,0.5920934819858105
172793,0.24722185609555453
172794,0.11551624617650133
172795,0.9373059844287591
172796,0.3740642938628585
172797,0.7144863444852991
172798,0.3594202371591802
172799,0.9748478554319815
172800,0.08855518336886023
172801,0.27562369046591007
172802,0.47794528704078243
172803,0.20210798060185164
172804,0.7511601165343309
172805,0.7552597252080484
172806,0.09107766985878621
172807,0.7768985687729808
172808,0.8334658964371583
172809,0.5221910635802947
172810,0.7304575472341277
172811,0.031010676253630336
172812,0.9188441103349226
172813,0.9409420009908145
172814,0.9742479126992424
172815,0.852464082973898
172816,0.728407742897269
172817,0.18336431522445584
172818,0.4536839665304675
172819,0.9919144081701292
172820,0.2633794046931884
172821,0.8347021420682571
172822,0.8513778230259839
172823,0.38137268715258993
172824,0.5865394666872707
172825,0.8042505033610429
172826,0.6486698996913931
172827,0.7567777621227065
172828,0.252471355007022
172829,0.7110957590411825
172830,0.37910926684271046
172831,0.5628553638061822
172832,0.21450225205775814
172833,0.21695201821644297
172834,0.5728907695174551
172835,0.4562655382895269
172836,0.07011148935783401
172837,0.698278800659937
172838,0.054453893037482784
172839,0.7703128337749579
172840,0.7275850941501039
172841,0.2613977756668681
172842,0.9635489339653943
172843,0.8700396780307335
172844,0.792492534803496
172845,0.4596288536094282
172846,0.2221742470036951
172847,0.5047245490203208
172848,0.6011698883288413
172849,0.5355306993423355
172850,0.9614900395871303
172851,0.6284400125442571
172852,0.48519005004067794
172853,0.9295158189445554
172854,0.1361006449384377
172855,0.31732880043268596
172856,0.8902786552192746
172857,0.1261834097654315
172858,0.7371387276669045
172859,0.46444657555415164
172860,0.9550997404793179
172861,0.1535807945605192
172862,0.5839897100731294
172863,0.7783075251907773
172864,0.8915330809331836
172865,0.3594156921384776
172866,0.6278627949150308
172867,0.005204048704441848
172868,0.4681553124474482
172869,0.3142881815826671
172870,0.5483931079306066
172871,0.14095927206948428
172872,0.9547997691129484
172873,0.586789442825912
172874,0.04376400434503979
172875,0.6488380654573882
172876,0.9172488080683208
172877,0.6397480240522495
172878,0.1429545361579122
172879,0.7509783157062281
172880,0.9807063871175933
172881,0.7379022911449362
172882,0.26355666050058857
172883,0.3456442794096927
172884,0.4744274410169938
172885,0.8963280777743943
172886,0.061912272010399005
172887,0.6772126297035284
172888,0.8577772121752014
172889,0.7337345071606801
172890,0.6323396403070617
172891,0.06768444830266201
172892,0.6194635966566828
172893,0.3134109925870712
172894,0.4815676685407302
172895,0.21206157594047842
172896,0.08323750914685417
172897,0.7800209979956458
172898,0.8663173060753292
172899,0.6440839738025007
172900,0.9400693570159212
172901,0.6682498488780617
172902,0.17966012335186188
172903,0.19852195926752447
172904,0.7303075615509429
172905,0.1608982778916558
172906,0.8194808677353526
172907,0.6705132691879412
172908,0.3429036319260434
172909,0.818758209443644
172910,0.19694483708373292
172911,0.026697451606892072
172912,0.6738765845078425
172913,0.0561991809872694
172914,0.8965462387681176
172915,0.9301157616772945
172916,0.5396439430781608
172917,0.9416510242204154
172918,0.8172038123633654
172919,0.6660227887338027
172920,0.9304611832506897
172921,0.04066430022588753
172922,0.9126583371587258
172923,0.7711218474600152
172924,0.7268488007962877
172925,0.2618250076129096
172926,0.6048649901600303
172927,0.912699242345049
172928,0.994459619763568
172929,0.593406992968853
172930,0.956249630717068
172931,0.9183214329541272
172932,0.878043459487958
172933,0.984719640397962
172934,0.363242599570041
172935,0.12172019943550842
172936,0.2663836633775867
172937,0.9542089164216143
172938,0.7193358815749405
172939,0.7507010694433713
172940,0.8862290417732853
172941,0.4841628753618972
172942,0.8412287917971467
172943,0.13506892523895447
172944,0.3190240931547443
172945,0.4390489998681944
172946,0.9518955008840065
172947,0.7047963603474214
172948,0.17153817135637053
172949,0.7946832347821344
172950,0.15789401920725749
172951,0.08878243440398871
172952,0.4288772435358443
172953,0.3190922684652828
172954,0.3234100381327237
172955,0.7001877093550162
172956,0.1243290413187832
172957,0.8038278164357039
172958,0.9115493521072988
172959,0.6709541361960905
172960,0.07332936401525308
172961,0.7020375327809618
172962,0.01643479486049059
172963,0.690406824803087
172964,0.5646233768594816
172965,0.40434776680407775
172966,0.6940564764272502
172967,0.7753078115270815
172968,0.3584157875839124
172969,0.4741638298162448
172970,0.3400129987592093
172971,0.5216320260338786
172972,0.6355529699437781
172973,0.4795633144108971
172974,0.9502456583689739
172975,0.45450207025693
172976,0.19454052113207376
172977,0.30020316242540485
172978,0.5543243599474597
172979,0.39009003686011784
172980,0.51024220415324
172981,0.9171170024679464
172982,0.14003208784616014
172983,0.18141450134305362
172984,0.8423150517450607
172985,0.590030042586844
172986,0.6554783407038419
172987,0.49754796133096385
172988,0.35316174365174235
172989,0.4710232205107694
172990,0.030765245135691593
172991,0.3492348457647224
172992,0.130610259929734
172993,0.8628721803827817
172994,0.37897291622163337
172995,0.8233395903118339
172996,0.7730671163207148
172997,0.033464987433017755
172998,0.24029069952413634
172999,0.9392467082687562
173000,0.38769481094986386
173001,0.16360256520968455
173002,0.30617531962858086
173003,0.8086955336081556
173004,0.6931474722867363
173005,0.7146045150235659
173006,0.7786438567227675
173007,0.012226105689911415
173008,0.9783020711659342
173009,0.9206166684089245
173010,0.5791583530662983
173011,0.19039546225133056
173012,0.8981688111589349
173013,0.9617127456015563
173014,0.7168997504783634
173015,0.46530558446693726
173016,0.4744683462033169
173017,0.7377750305652642
173018,0.45051608710077673
173019,0.8833884038341795
173020,0.9220574399716391
173021,0.9253525799810018
173022,0.986914885397303
173023,0.34558973916126184
173024,0.09794065111966585
173025,0.9841515128101409
173026,0.34916667045418387
173027,0.8470691433999482
173028,0.5102012989669168
173029,0.9635943841724199
173030,0.8489644170329196
173031,0.5518382336231541
173032,0.7485967248580818
173033,0.9120402143431763
173034,0.12273373905218138
173035,0.20853009485458207
173036,0.153171742697288
173037,0.562414496798033
173038,0.878043459487958
173039,0.2357547688629722
173040,0.39217620136259723
173041,0.6384163329863968
173042,0.6414796769399285
173043,0.9781611755241545
173044,0.1527717808754619
173045,0.24833993118838657
173046,0.6386390390008228
173047,0.4555246999150081
173048,0.719985819535408
173049,0.9025638461783193
173050,0.30492089391467175
173051,0.4065339217620136
173052,0.846260129714891
173053,0.17241536035196642
173054,0.07906518014189555
173055,0.47520463955713316
173056,0.09515455342899086
173057,0.35519336790579076
173058,0.2222787824798542
173059,0.8481281332236468
173060,0.36652864953799863
173061,0.28596815758495775
173062,0.5107512464719277
173063,0.5355397893837407
173064,0.23650015225819354
173065,0.5157780393689694
173066,0.27868703441944176
173067,0.967339481231337
173068,0.30497088914240006
173069,0.8993959667486285
173070,0.25707546097872475
173071,0.63568023052345
173072,0.8543911717517874
173073,0.19922189245572014
173074,0.9573404356856846
173075,0.23091432181473587
173076,0.863744824357675
173077,0.15924843537662314
173078,0.5152780870916867
173079,0.6717540598397426
173080,0.4711913862767645
173081,0.3114339085814536
173082,0.4663282141250153
173083,0.2665563741642843
173084,0.6165684184691462
173085,0.24111789329200395
173086,0.8965780539130356
173087,0.34950300198617407
173088,0.8038959917462424
173089,0.6762263602110707
173090,0.8692033942214608
173091,0.07603365133328181
173092,0.28933601792556163
173093,0.4353811681612209
173094,0.029983501574849674
173095,0.5291040400689025
173096,0.9459869739706664
173097,0.3881674931029311
173098,0.3140700205889438
173099,0.3199694574608787
173100,0.7751169206575735
173101,0.058544411669795154
173102,0.7112275646415569
173103,0.6798169265661005
173104,0.7949468459828836
173105,0.8323796364892442
173106,0.1285650006135778
173107,0.026924702642020536
173108,0.662200426322942
173109,0.381013630517087
173110,0.40478408879152444
173111,0.9779521045718363
173112,0.21734288999686394
173113,0.07751078306161684
173114,0.18740029360833738
173115,0.11495720863008531
173116,0.5021293421991537
173117,0.8057094550065677
173118,0.46867798982824366
173119,0.7830843419491776
173120,0.24933074570154667
173121,0.6121097531599257
173122,0.5921389321928361
173123,0.9851377823025984
173124,0.9100313151926407
173125,0.683293867403566
173126,0.1618618222806005
173127,0.5345171597256626
173128,0.39125356215997564
173129,0.8275391894410079
173130,0.4818176446793715
173131,0.6720994814131379
173132,0.7495057289985956
173133,0.23754550701978447
173134,0.9629262661291422
173135,0.9489821426136597
173136,0.808786434022207
173137,0.03157425882074893
173138,0.9239845287495285
173139,0.6910113125565287
173140,0.30110307652451357
173141,0.9534362629021775
173142,0.0804195963112612
173143,0.27881884001981627
173144,0.43084978252075934
173145,0.1199021911544807
173146,0.20678026188409288
173147,0.8289754159830198
173148,0.6057058189900055
173149,0.37505056335531606
173150,0.9251571440907913
173151,0.6359256616413888
173152,0.3651560532858227
173153,0.04443212238831748
173154,0.46277400793560614
173155,0.7069097949741161
173156,0.9134309906781626
173157,0.4466255493793774
173158,0.7722399225528472
173159,0.36161093713781867
173160,0.45978792933401813
173161,0.895191822598752
173162,0.03116975197822026
173163,0.2947900427686448
173164,0.08955054290272291
173165,0.648924420850737
173166,0.8601178978370247
173167,0.01285331854686598
173168,0.26720176710404914
173169,0.7228400925366215
173170,0.08297844296680772
173171,0.5643824907622456
173172,0.0236431976947655
173173,0.8710395825852988
173174,0.26970152849046225
173175,0.16559782929811245
173176,0.34049477095368164
173177,0.187013966848619
173178,0.9021320692115753
173179,0.9262524940801106
173180,0.8829339017639226
173181,0.14500434049477096
173182,0.37029647170042856
173183,0.9568586634912122
173184,0.4181555396984833
173185,0.6063784820539858
173186,0.7645588375655051
173187,0.7818299162352685
173188,0.3208057412701515
173189,0.05199049181669023
173190,0.5136146095145464
173191,0.8712350184755092
173192,0.3674467437199176
173193,0.9246799169170216
173194,0.7413792319824017
173195,0.9005185868621632
173196,0.2845319310429459
173197,0.30511632980488224
173198,0.08201489857786301
173199,0.7735988837429154
173200,0.7198312888315207
173201,0.7825025792992487
173202,0.749892055758314
173203,0.8711077578958373
173204,0.7656860026997423
173205,0.03519209529999409
173206,0.859817926470655
173207,0.6920612123388222
173208,0.19529499456870028
173209,0.06634366719540406
173210,0.07914244549383921
173211,0.557433154108017
173212,0.00778562046350121
173213,0.8498506960699207
173214,0.3454352084573745
173215,0.06866162775371441
173216,0.8151358279436963
173217,0.9697483422036988
173218,0.49598447420928
173219,0.13849587084869172
173220,0.7090823148699442
173221,0.7537007831070671
173222,0.10249021684293771
173223,0.4504433667695356
173224,0.5930297562505398
173225,0.2271646797351162
173226,0.020411687975238728
173227,0.6238222715104468
173228,0.5033655878302525
173229,0.3739188532003763
173230,0.09733616336622414
173231,0.5551151935497067
173232,0.4822903268324387
173233,0.8565000613577795
173234,0.3004849537089641
173235,0.552779052908586
173236,0.7847205494021026
173237,0.539366696815304
173238,0.5061425954795225
173239,0.4379809200030906
173240,0.21124801723471853
173241,0.6554783407038419
173242,0.5567241308784162
173243,0.9597220265338309
173244,0.44297135273451166
173245,0.4311997491148572
173246,0.3096522604660464
173247,0.416723858177174
173248,0.6120370328286846
173249,0.2972170838238168
173250,0.4825539380331877
173251,0.6203453306729813
173252,0.6267129046772808
173253,0.7059053453988484
173254,0.09631353370814603
173255,0.1029356288717895
173256,0.20721203885083697
173257,0.7743488121588394
173258,0.9520182164429759
173259,0.004854082110344012
173260,0.15039928006872072
173261,0.26348848519005
173262,0.2705514473618427
173263,0.25199412783325226
173264,0.20404870444184875
173265,0.5382395316810669
173266,0.7040782470764154
173267,0.7579321973811591
173268,0.6223360497407067
173269,0.887097140727476
173270,0.5800855372896224
173271,0.27540098445148414
173272,0.8035596602142523
173273,0.5387849341653751
173274,0.1276332713695511
173275,0.2430631621527036
173276,0.9673213011485268
173277,0.7965830534358084
173278,0.19358606678453422
173279,0.6748719440417051
173280,0.2696333531799237
173281,0.7152271828598179
173282,0.43239054453893033
173283,0.04427759168443012
173284,0.12023852268647083
173285,0.9340835647506375
173286,0.7788392926129779
173287,0.36352439085360033
173288,0.2381818099181442
173289,0.16541148344930712
173290,0.2048395380440958
173291,0.42665018339158534
173292,0.8393380631848779
173293,0.061098713304639105
173294,0.785834079474232
173295,0.7217492875680049
173296,0.837742760918276
173297,0.30713431899682303
173298,0.2628612723330954
173299,0.5073424809450007
173300,0.5592011671613164
173301,0.3257416337531417
173302,0.13525981610846238
173303,0.3016621140709296
173304,0.5111239381695384
173305,0.5361079169715618
173306,0.008353748051322373
173307,0.34887578912921946
173308,0.10079492412087937
173309,0.27493739233982206
173310,0.5404711368460283
173311,0.7321937451425091
173312,0.36968289390558173
173313,0.28003690556810484
173314,0.5481613118747757
173315,0.5096104462755828
173316,0.6505833534071748
173317,0.3004713186468564
173318,0.27669177033101383
173319,0.9098631494266456
173320,0.997332072847592
173321,0.40842465037428244
173322,0.08594179646488288
173323,0.2833547706809804
173324,0.5156280536857846
173325,0.5520791197203904
173326,0.9618763663468487
173327,0.9704982706196227
173328,0.15242181428136406
173329,0.9001413501438499
173330,0.1667613545979702
173331,0.7591593529708528
173332,0.6623549570268293
173333,0.6832438721758377
173334,0.5637280077810755
173335,0.567859431599711
173336,0.3728825884801905
173337,0.2523486394480527
173338,0.4502524759000277
173339,0.42365046972788956
173340,0.3689556905931707
173341,0.8674399261888638
173342,0.47642270510542173
173343,0.635448434467619
173344,0.31507901518491416
173345,0.9571813599610947
173346,0.9345926070693252
173347,0.2939037637316438
173348,0.5551333736325169
173349,0.013666877252625885
173350,0.3340499315974384
173351,0.419287249853423
173352,0.3719826743810818
173353,0.9022865999154627
173354,0.9795428618177355
173355,0.3561705473568432
173356,0.9547588639266252
173357,0.4438576317715127
173358,0.776294081019539
173359,0.4657919016821121
173360,0.6616368437558233
173361,0.47625453933942663
173362,0.9216302080255976
173363,0.5559651124210871
173364,0.7927925061698656
173365,0.5253771230927957
173366,0.7581049081678567
173367,0.99343699010549
173368,0.48484462846728266
173369,0.865253771230928
173370,0.6813985937705948
173371,0.731371096395344
173372,0.6422386953972575
173373,0.46242858636221085
173374,0.38994459619763566
173375,0.984424214052295
173376,0.3509119584039705
173377,0.013780502770190118
173378,0.19042727739624854
173379,0.27037873657514505
173380,0.8824703096522606
173381,0.03133337272351276
173382,0.497525236227451
173383,0.7323800909913144
173384,0.24507206130323925
173385,0.4767590366374118
173386,0.21807463832997762
173387,0.7598820112625614
173388,0.6594825039428055
173389,0.5713863676649048
173390,0.4562928084137423
173391,0.22062439494411898
173392,0.29403556933201824
173393,0.32600978997459334
173394,0.8357793119747661
173395,0.5629008140132079
173396,0.13716417978283893
173397,0.4771499084178328
173398,0.23094159193895128
173399,0.6113234645783813
173400,0.29870330559355696
173401,0.26588371110030407
173402,0.030165302402952444
173403,0.08632357820389872
173404,0.7521372959853833
173405,0.3968121224792179
173406,0.42741829189031955
173407,0.14376809486367212
173408,0.6849755250635167
173409,0.1969175669595175
173410,0.5863803909626809
173411,0.12618795478613404
173412,0.353598065639189
173413,0.4778543866267311
173414,0.6369346562373592
173415,0.13228737256898207
173416,0.024270410551720065
173417,0.6455838306343487
173418,0.9873512073847497
173419,0.4964844264865626
173420,0.3035301175796855
173421,0.8541957358615768
173422,0.894241913271915
173423,0.8648674444712096
173424,0.31932406452111384
173425,0.908699624126788
173426,0.7429018139177624
173427,0.24461301421227974
173428,0.15143554478890653
173429,0.643224964889715
173430,0.8421605210411734
173431,0.9412556074192918
173432,0.9394012389726435
173433,0.2711104849082588
173434,0.8738256802759737
173435,0.4694597333890856
173436,0.4064339313065571
173437,0.4057430881597665
173438,0.05821262515850759
173439,0.5018384608741893
173440,0.4922348321296603
173441,0.42901359415692136
173442,0.47445016612050667
173443,0.28534094472800325
173444,0.5666413660514225
173445,0.8911376641320602
173446,0.684211961585485
173447,0.6620004454120288
173448,0.6307170679162444
173449,0.8257302712013854
173450,0.39387149408465555
173451,0.6947927697810664
173452,0.8171038219079088
173453,0.19532680971361827
173454,0.5754450711522991
173455,0.7118093272914858
173456,0.5042018716395253
173457,0.8840337967739443
173458,0.5762631748787616
173459,0.819930824784907
173460,0.9512864681098622
173461,0.009662714013662331
173462,0.508510551265561
173463,0.9526726994241459
173464,0.27421473404811353
173465,0.7987373932488263
173466,0.16707950604715005
173467,0.3816590234568518
173468,0.528931329282205
173469,0.9132991850777881
173470,0.9411874321087532
173471,0.6316578872016761
173472,0.7378023006894797
173473,0.12909222301507584
173474,0.7164452484081065
173475,0.019448143586294035
173476,0.40381145436117455
173477,0.5269724253593976
173478,0.4704596379436508
173479,0.27736443339499406
173480,0.906345303402857
173481,0.45283859267978965
173482,0.09867694447348206
173483,0.3985028701805736
173484,0.5658278073456625
173485,0.22814640420687118
173486,0.6610823512301098
173487,0.8014734957117731
173488,0.5022156975925026
173489,0.9485185505019975
173490,0.8174765136055195
173491,0.5654914758136723
173492,0.2555256089191486
173493,0.9007594729593994
173494,0.38239077178996544
173495,0.6982742556392345
173496,0.5334945300675844
173497,0.748901241245154
173498,0.2952490898596043
173499,0.9066498197899292
173500,0.8616541148344931
173501,0.936578781116348
173502,0.34376264083882896
173503,0.018998186536739674
173504,0.2146704178237532
173505,0.8024506751628254
173506,0.4508342385499566
173507,0.4909804064157512
173508,0.8425195776766763
173509,0.1014857672676699
173510,0.08812340640211616
173511,0.0028815431254289366
173512,0.19824925802537033
173513,0.6680589580085537
173514,0.3171151844596652
173515,0.7658541684657374
173516,0.8655310174937847
173517,0.08113316456156458
173518,0.37250535176187727
173519,0.5901936633321365
173520,0.5164552474536521
173521,0.26530649347107776
173522,0.07191131755605146
173523,0.8707850614259548
173524,0.060566945882438494
173525,0.5033792228923603
173526,0.31188386563100795
173527,0.9621536126097056
173528,0.5237545507019785
173529,0.1842733193649697
173530,0.7030556174183373
173531,0.6470700524040888
173532,0.835252089573268
173533,0.2106526195226819
173534,0.45428390926320666
173535,0.22879634216733857
173536,0.19080451411456179
173537,0.9580585489566905
173538,0.14937665041064263
173539,0.06452111389367378
173540,0.8877561687293486
173541,0.05773539798473782
173542,0.6246721903818272
173543,0.9045454752046396
173544,0.31985583194331446
173545,0.08501006722085618
173546,0.5828125497111639
173547,0.024670372373546166
173548,0.7620181709927689
173549,0.3591293558342158
173550,0.3903854632057849
173551,0.6726312488353385
173552,0.08760981906272583
173553,0.6901795737679586
173554,0.596065830079856
173555,0.5762586298580591
173556,0.8304252775871395
173557,0.1364551565532381
173558,0.07087050781516309
173559,0.3270324196326714
173560,0.7954558883015713
173561,0.5347716808850065
173562,0.2189200121806555
173563,0.7449652533167289
173564,0.31916498879652394
173565,0.9785338672217652
173566,0.8348884879170625
173567,0.14666781807191134
173568,0.7926743356315988
173569,0.8339067634453075
173570,0.1557896746219679
173571,0.9815881211338918
173572,0.36760127442380497
173573,0.7437971829961686
173574,0.6110689434190373
173575,0.7137227810072676
173576,0.5847260034269456
173577,0.6997013921398412
173578,0.26413387812981487
173579,0.20251248744438033
173580,0.42730921139345784
173581,0.6866253675785493
173582,0.6947245944705278
173583,0.5216638411787966
173584,0.4632057849023502
173585,0.12182927993237008
173586,0.3717508783252508
173587,0.4019616309352289
173588,0.4704869080678662
173589,0.9414828584544203
173590,0.33029119947641356
173591,0.8748301298512414
173592,0.9348198581044537
173593,0.5381622663291231
173594,0.09499093268369838
173595,0.0765108785070516
173596,0.7114230005317675
173597,0.18199171897227992
173598,0.9116493425627554
173599,0.6522877361706383
173600,0.7259261615936661
173601,0.10124942619113629
173602,0.8216215724862627
173603,0.8370519177714855
173604,0.15508519641306967
173605,0.48885333672694875
173606,0.8570954590698161
173607,0.3640925184414215
173608,0.7519418600951727
173609,0.9134900759472959
173610,0.8822794187827526
173611,0.32929583994255096
173612,0.004226869253389449
173613,0.6685452752237286
173614,0.8577317619681758
173615,0.35886574463346677
173616,0.14954481617663767
173617,0.8684443757641317
173618,0.020375327809618173
173619,0.49369832879588765
173620,0.3945532471900409
173621,0.5086559919280432
173622,0.9092313915489886
173623,0.08493734688961507
173624,0.30810240840647024
173625,0.2620840737929561
173626,0.9070679616945656
173627,0.29415828489098766
173628,0.9007094777316711
173629,0.47767713081933083
173630,0.03954622513305548
173631,0.5009203666922702
173632,0.01746651455997382
173633,0.43155426072965763
173634,0.9166852255012021
173635,0.8791751696428978
173636,0.15705773539798476
173637,0.14281818553683515
173638,0.9331200203616927
173639,0.7900018634584881
173640,0.18271437726398845
173641,0.4233232282373046
173642,0.781466314579063
173643,0.7886610823512301
173644,0.3680285063698465
173645,0.5679230618895469
173646,0.5640143440853373
173647,0.7290849509819517
173648,0.13240554310724886
173649,0.8884651919589495
173650,0.944018980006454
173651,0.8794433258643493
173652,0.37453243099522315
173653,0.3345544288954236
173654,0.3244417578322069
173655,0.3831225201230791
173656,0.2131296558055822
173657,0.9108539639398058
173658,0.7111003040618851
173659,0.5843124065430119
173660,0.2058030824330405
173661,0.6669954231641525
173662,0.3238645402029806
173663,0.3955167915789856
173664,0.5846987333027303
173665,0.05882165793265188
173666,0.2936492425722999
173667,0.9435508428740893
173668,0.3636107462469491
173669,0.18062366774080657
173670,0.788356565964158
173671,0.5475386440385236
173672,0.01142163702555665
173673,0.23476849937051464
173674,0.5478477054462983
173675,0.4504479117902382
173676,0.6701133073661152
173677,0.9824062248603542
173678,0.6940701114893578
173679,0.8447330027588276
173680,0.03857359070270565
173681,0.13408265574649694
173682,0.7815163098067912
173683,0.8621358870289655
173684,0.5976338622222425
173685,0.8857381795374079
173686,0.351898227896428
173687,0.3096704405488567
173688,0.4132650974225187
173689,0.897482513032847
173690,0.7275169188395654
173691,0.05606737538689489
173692,0.8086273582976171
173693,0.04490934956208726
173694,0.9205803082433041
173695,0.8397334799860015
173696,0.6622367864885624
173697,0.4321223883174788
173698,0.12127933242735921
173699,0.8071093213829589
173700,0.40115261725017154
173701,0.9900918548683989
173702,0.8271392276191818
173703,0.05202685198231078
173704,0.23933170015589422
173705,0.21683384767817618
173706,0.972879861467769
173707,0.780357329527636
173708,0.08307843342226423
173709,0.13254189372832595
173710,0.8679444234868491
173711,0.3130882961171888
173712,0.8433604065066517
173713,0.7597456606414843
173714,0.7291849414374082
173715,0.5460069720617579
173716,0.007022056985469568
173717,0.6590598170174665
173718,0.49372559892010304
173719,0.26559282977533966
173720,0.052963126247040054
173721,0.0003317865112875589
173722,0.7009785429572633
173723,0.39717117911472083
173724,0.6428613632335095
173725,0.6604869535180733
173726,0.622331504720004
173727,0.8755618781843552
173728,0.5125192595252271
173729,0.4792633430445275
173730,0.11679794201462587
173731,0.5807082051258743
173732,0.07161134618968189
173733,0.13536889660532406
173734,0.5331581985355944
173735,0.6442975897755214
173736,0.4449438917194267
173737,0.02630657982647111
173738,0.3554160739202167
173739,0.9084587380295517
173740,0.49629353561705475
173741,0.334677144454393
173742,0.32832320551220107
173743,0.4129287658905286
173744,0.861022356956836
173745,0.3658968916603415
173746,0.08743710827602819
173747,0.8184127878702488
173748,0.5196140368419379
173749,0.9137536871480451
173750,0.7340753837133729
173751,0.14385445025702093
173752,0.44843901263970254
173753,0.2802505215411256
173754,0.6890024134059931
173755,0.12635612055212914
173756,0.2373455261088714
173757,0.5806900250430641
173758,0.4200508133314547
173759,0.40369782884361033
173760,0.42043714009117306
173761,0.9352789051954132
173762,0.4490707705173597
173763,0.13034664872898497
173764,0.5382122615568514
173765,0.05392667063598475
173766,0.34240367964876073
173767,0.3297730671163207
173768,0.2756327805073152
173769,0.10253112202926085
173770,0.556156003290595
173771,0.989932779143809
173772,0.4770771880865917
173773,0.3079342426404752
173774,0.43699919553133565
173775,0.6038650856054649
173776,0.23691829416282992
173777,0.3725962521759286
173778,0.45590193663332135
173779,0.5411256198271983
173780,0.3725235318446875
173781,0.1907590639075361
173782,0.24372219015457616
173783,0.017743760822830548
173784,0.8468827975511429
173785,0.7059780657300895
173786,0.3417901018539139
173787,0.1010858054458438
173788,0.014703141972811687
173789,0.7856386435840216
173790,0.2151749151217384
173791,0.2815685775448707
173792,0.4208507369751069
173793,0.10381736288808795
173794,0.15502611114393627
173795,0.42069620627121956
173796,0.2941537398702851
173797,0.9262297689765977
173798,0.1127074233823135
173799,0.3653605792174383
173800,0.04572290826784717
173801,0.10309470459637943
173802,0.7833206830257111
173803,0.9316383436126552
173804,0.6704450938774027
173805,0.3679512410179028
173806,0.5470250566991334
173807,0.7017784666009154
173808,0.008553728962235423
173809,0.14933120020361693
173810,0.8548865790083674
173811,0.08126497016193908
173812,0.26658818930920225
173813,0.7056917294258276
173814,0.4124424486753537
173815,0.5278450693342909
173816,0.37499147808618266
173817,0.27351025583921534
173818,0.2946536921475677
173819,0.04510933047300031
173820,0.23999981819917188
173821,0.7047963603474214
173822,0.15352170929138584
173823,0.22182882543029983
173824,0.7066416387526646
173825,0.28742256420977996
173826,0.5904890896778036
173827,0.7017148363110794
173828,0.9892692061212339
173829,0.0635121192977034
173830,0.13416901113984575
173831,0.741533762686289
173832,0.8701260334240822
173833,0.07729716708859607
173834,0.64682462128615
173835,0.3671694974570609
173836,0.7547006876616322
173837,0.3671694974570609
173838,0.10396280355057017
173839,0.7552097299803201
173840,0.5669640625213048
173841,0.13887310756700497
173842,0.003358770299198713
173843,0.3229873512073847
173844,0.18821839733479986
173845,0.9021093441080624
173846,0.4237368251212384
173847,0.7435562968989324
173848,0.036660136986923976
173849,0.17131092032124207
173850,0.015684866444566656
173851,0.3007940151167388
173852,0.3769276569054772
173853,0.4535067107230673
173854,0.5761949995682231
173855,0.77718036005654
173856,0.4661509583176151
173857,0.6975016021197977
173858,0.2895905390849055
173859,0.7384067884429214
173860,0.09821789738252257
173861,0.14069566086873525
173862,0.19209529999409147
173863,0.4449847969057499
173864,0.6615050381554488
173865,0.9665077424427668
173866,0.4980706387117593
173867,0.9786111325737089
173868,0.4361674567427654
173869,0.5752269101585759
173870,0.01122620113534617
173871,0.4518705032701424
173872,0.12631067034510343
173873,0.40104808177401247
173874,0.7416019379968276
173875,0.30497088914240006
173876,0.8716940655664687
173877,0.8111725698910559
173878,0.4519432236013835
173879,0.27990509996773033
173880,0.008212852409542724
173881,0.2828729984865081
173882,0.4979979183805182
173883,0.6668636175637781
173884,0.3097386158593952
173885,0.18020098081546762
173886,0.10167211311647524
173887,0.39629853513982755
173888,0.6517423336863299
173889,0.23507756077828937
173890,0.8166811349825699
173891,0.13553251735061653
173892,0.35104376400434506
173893,0.3507756077828934
173894,0.17228809977229448
173895,0.3759822925993428
173896,0.48367201312601976
173897,0.7532235559332973
173898,0.8115225364851537
173899,0.5281768558455784
173900,0.06912521986537648
173901,0.4738638584498752
173902,0.7673722053803955
173903,0.21054808404652284
173904,0.009317292440267064
173905,0.762354502524759
173906,0.3785093241099713
173907,0.26783352498170626
173908,0.6302807459287978
173909,0.28201853459442505
173910,0.8766026879252435
173911,0.4723730916594325
173912,0.8395880393235192
173913,0.3548206762081801
173914,0.23868630721612938
173915,0.5424573108930512
173916,0.05507656087373478
173917,0.009512728330477544
173918,0.2879952368183037
173919,0.42202789733707236
173920,0.7186177683039346
173921,0.589471005040428
173922,0.23190968134859855
173923,0.7997236627412838
173924,0.6417932833684058
173925,0.5108694170101945
173926,0.13510983042527758
173927,0.37345071606801167
173928,0.43957622226969245
173929,0.5085196413069661
173930,0.6261993173378906
173931,0.5597283895628146
173932,0.12789233754959753
173933,0.04200508133314547
173934,0.6954472527622364
173935,0.2554256184636921
173936,0.9395103194695053
173937,0.8524731730153031
173938,0.6601142618204626
173939,0.6087555278814295
173940,0.22436494698233353
173941,0.6810849873421174
173942,0.7468923420946183
173943,0.9173669786065877
173944,0.6890751337372342
173945,0.3676967198585589
173946,0.9911553897128002
173947,0.8801296239904373
173948,0.4921166615913935
173949,0.8970734611696156
173950,0.2156930474818313
173951,0.3525618009190032
173952,0.19757204994068747
173953,0.3982256239177169
173954,0.845941978265711
173955,0.9798382881634026
173956,0.04098245167506738
173957,0.6579962821730653
173958,0.9332063757550416
173959,0.7883065707364297
173960,0.9306793442444131
173961,0.2026942882724831
173962,0.6801214429531727
173963,0.11021220701660295
173964,0.5777448516277992
173965,0.3771049127128774
173966,0.9883692920221251
173967,0.15668504370037406
173968,0.21506583462487674
173969,0.8274391989855514
173970,0.06198499234164012
173971,0.5299448688988778
173972,0.6884933710873054
173973,0.19143627199221894
173974,0.11389821880638666
173975,0.2675244635739315
173976,0.6962335413437809
173977,0.22954627058326252
173978,0.43001349871148664
173979,0.4293908308752346
173980,0.8477645315674412
173981,0.9923007349298476
173982,0.16758400334513524
173983,0.08029688075229181
173984,0.5429299930461183
173985,0.26508833247735436
173986,0.926447929970321
173987,0.2699605946705087
173988,0.27062416769308384
173989,0.7374114289090586
173990,0.9080724112698333
173991,0.6342803641470587
173992,0.3799001004449575
173993,0.6715722590116397
173994,0.4616650228841792
173995,0.18178719304066432
173996,0.2693833770412824
173997,0.0939637580049177
173998,0.2568527549642989
173999,0.02631112484717368
174000,0.6285218229169035
174001,0.9595038655401076
174002,0.6388753800773562
174003,0.18872289463278505
174004,0.27232855045654736
174005,0.1710064039341699
174006,0.8856472791233564
174007,0.7581912635612055
174008,0.6776580417323801
174009,0.7453288549729344
174010,0.17708309661350508
174011,0.63387585730453
174012,0.14475890937683222
174013,0.6858572590798151
174014,0.7301484858263529
174015,0.2614614059567041
174016,0.5508928693170198
174017,0.1886410842601388
174018,0.6856936383345227
174019,0.24438576317715127
174020,0.9237754577972103
174021,0.7004513205557651
174022,0.699037819117266
174023,0.8260620577126729
174024,0.419805382213516
174025,0.016066648183582475
174026,0.9014048658991642
174027,0.40799287340753837
174028,0.2605478567954877
174029,0.2692652065030156
174030,0.8875061925907073
174031,0.9110766699542316
174032,0.18272801232609615
174033,0.03385585921343872
174034,0.9130219388149313
174035,0.8662309506819803
174036,0.7630907958785753
174037,0.5174506069875149
174038,0.8864881079533318
174039,0.9463187604819541
174040,0.38327250580626393
174041,0.9147990419096359
174042,0.5663822998713759
174043,0.11717972375364169
174044,0.9182896178092091
174045,0.3048118134178101
174046,0.16671590439094452
174047,0.7314574517886929
174048,0.32048758982097164
174049,0.4134378082092164
174050,0.07358843019529952
174051,0.79570131941951
174052,0.2257693583794274
174053,0.11314829039046273
174054,0.30630258020825285
174055,0.3013757777666677
174056,0.6158275800946273
174057,0.0024315860758745756
174058,0.18197808391017223
174059,0.5385349580267338
174060,0.2406543011803419
174061,0.6822757827661905
174062,0.4533612700605851
174063,0.28560001090804965
174064,0.4945482476672681
174065,0.7480422323323683
174066,0.1784420578035733
174067,0.7524327223310502
174068,0.7810436276537239
174069,0.18076456338258623
174070,0.4169783793365179
174071,0.3335227091959404
174072,0.7662950354738867
174073,0.27201039900736745
174074,0.7087732534621696
174075,0.7392748873971121
174076,0.35054835674776497
174077,0.9181259970639167
174078,0.7284304680007818
174079,0.1377868476190909
174080,0.13415537607773803
174081,0.09390012771508174
174082,0.5936751491903046
174083,0.5779675576422252
174084,0.26235677503511023
174085,0.6376209543634472
174086,0.10531721971993582
174087,0.11509355925116238
174088,0.41511946586916704
174089,0.46833256825484837
174090,0.2072711241199704
174091,0.5477977102185702
174092,0.9954458892560256
174093,0.4582926175228728
174094,0.7791574440621577
174095,0.7357797664768363
174096,0.44916621595211365
174097,0.9613355088832429
174098,0.9483867449016231
174099,0.5708955054290272
174100,0.9496775307811527
174101,0.2843501302148431
174102,0.47262761281877635
174103,0.9609400920821194
174104,0.15461251426000247
174105,0.40602033442262325
174106,0.13575522336504242
174107,0.28854518432331455
174108,0.46112416542057344
174109,0.5755768767526737
174110,0.5853486712631977
174111,0.2771235472977579
174112,0.8077274441985084
174113,0.6241404229596266
174114,0.27052872225832986
174115,0.2862363138064094
174116,0.07736988741983719
174117,0.40286154503433763
174118,0.9810518086909886
174119,0.6344530749337564
174120,0.34684416487517095
174121,0.01863458488053413
174122,0.442503215602147
174123,0.2758645765631462
174124,0.55878302525668
174125,0.3395994018752755
174126,0.11020311697519782
174127,0.6193408810977133
174128,0.6208271028674536
174129,0.2905313583703374
174130,0.43370860054267546
174131,0.3857040918821385
174132,0.7113911853868495
174133,0.8654446621004359
174134,0.6617641043354954
174135,0.911853868494371
174136,0.010358102181155435
174137,0.7683493848314479
174138,0.024084064702914725
174139,0.1869094313724599
174140,0.8107044327586912
174141,0.39349425736634225
174142,0.9662168611178024
174143,0.0546447839069907
174144,0.803796001290786
174145,0.5797128455920117
174146,0.551565532381
174147,0.7339526681544034
174148,0.6938883106612551
174149,0.10597624772180836
174150,0.09320473954758862
174151,0.5650596988469282
174152,0.23081433135927937
174153,0.6654546611459815
174154,0.7243853995754951
174155,0.865253771230928
174156,0.06412569709255025
174157,0.3557842205971248
174158,0.7536007926516105
174159,0.4332131932860954
174160,0.36733766322305594
174161,0.7807345662459493
174162,0.545138873107567
174163,0.916412524259048
174164,0.17949650260656938
174165,0.5489930506633458
174166,0.8891424000436322
174167,0.080210525358943
174168,0.4940164802450675
174169,0.46214225005794896
174170,0.9179987364842447
174171,0.8508960508315115
174172,0.6137186904886353
174173,0.3433626790170029
174174,0.8057639952549984
174175,0.9023184150603806
174176,0.48776707677903475
174177,0.2085528199580949
174178,0.6405297676130914
174179,0.37058280800469046
174180,0.3002940628394562
174181,0.7116411615254908
174182,0.016671135937024194
174183,0.8438830838874471
174184,0.24354493434717595
174185,0.5890983133428173
174186,0.9882511214838584
174187,0.9249026229314475
174188,0.47553188104771815
174189,0.3048390835420255
174190,0.7187223037800937
174191,0.5494111925679822
174192,0.9332200108171493
174193,0.23512755600601762
174194,0.9665759177533054
174195,0.6116007108412379
174196,0.685066425477568
174197,0.7963194422350595
174198,0.10554447075506429
174199,0.16781579940096628
174200,0.2725421664295681
174201,0.8845110239477142
174202,0.5409165488748802
174203,0.17717399702755646
174204,0.7494739138536777
174205,0.6043014075929116
174206,0.809345471568623
174207,0.8349748433104114
174208,0.5162961717290622
174209,0.341662841274242
174210,0.3011394366901341
174211,0.5502747465014703
174212,0.04873171197294804
174213,0.38155448798069275
174214,0.4078610678071638
174215,0.17196540330241206
174216,0.01839369878329796
174217,0.3586248585362306
174218,0.38354066202771553
174219,0.1739106721631117
174220,0.30214843128610447
174221,0.34688052504079153
174222,0.579962821730653
174223,0.5444480299607765
174224,0.803382404406852
174225,0.6747083232964126
174226,0.5587784802359775
174227,0.7164679735116194
174228,0.9351789147399567
174229,0.023484121970175575
174230,0.7711900227705538
174231,0.33374541521036627
174232,0.23496393526072512
174233,0.050063403038800844
174234,0.7484012889678713
174235,0.47279577858477145
174236,0.31137027829161756
174237,0.7277805300403143
174238,0.42917266988151126
174239,0.7797937469605174
174240,0.04623649560723749
174241,0.08028779071088668
174242,0.9952095481794919
174243,0.9765613282368502
174244,0.9409329109494095
174245,0.9586584916894296
174246,0.32518259620672574
174247,0.8860654210279928
174248,0.07851523263688465
174249,0.3582203516937019
174250,0.6157184995977657
174251,0.3254098472418542
174252,0.5971475450070675
174253,0.4072429449916144
174254,0.5109557724035433
174255,0.7790619986274038
174256,0.4769590175483249
174257,0.6623276869026138
174258,0.45883347498647853
174259,0.3280414142286418
174260,0.5756495970839147
174261,0.29425373032574165
174262,0.4708096045377486
174263,0.8418287345298857
174264,0.06093963758004917
174265,0.41341053808500094
174266,0.4402579753750778
174267,0.5751587348480373
174268,0.9005049518000554
174269,0.9352061848641721
174270,0.704769090223206
174271,0.39758477599865466
174272,0.11486176319533134
174273,0.3984801450770608
174274,0.3035801128074138
174275,0.5131737425063971
174276,0.14020934365356036
174277,0.09017775575967747
174278,0.49137582321687473
174279,0.5073197558414879
174280,0.3571477268078956
174281,0.042068711622981446
174282,0.9500093172924403
174283,0.2926357029556269
174284,0.1379686484471937
174285,0.0786288581544489
174286,0.15833034119470416
174287,0.3505256316442521
174288,0.9585175960476501
174289,0.5294358265801901
174290,0.6352620886188137
174291,0.7375386894887307
174292,0.777243990346376
174293,0.16134823494121017
174294,0.13205103149244846
174295,0.4792724330859327
174296,0.7651451452361365
174297,0.6366165047881793
174298,0.3071934042659564
174299,0.5680094172828958
174300,0.0857918107816981
174301,0.5799082814822222
174302,0.6608232850500635
174303,0.5575104194599607
174304,0.5972611705246317
174305,0.2832911403911445
174306,0.7456742765463298
174307,0.8970189209211848
174308,0.8950691070397826
174309,0.4747365024247685
174310,0.19949913871857688
174311,0.44478027097413425
174312,0.44351221019811743
174313,0.07508374200644483
174314,0.9536135187095778
174315,0.44564382490762244
174316,0.25730725703455576
174317,0.9737570504633649
174318,0.20512587434835766
174319,0.8091182205334945
174320,0.7463287595274997
174321,0.6673317546961427
174322,0.07861067807163861
174323,0.6178182991623528
174324,0.9333609064589289
174325,0.40268883424763996
174326,0.13939578494780044
174327,0.808068320751201
174328,0.8920012180655483
174329,0.299294158284891
174330,0.973734325359852
174331,0.241972357184087
174332,0.13870948682171247
174333,0.5330809331836507
174334,0.9114402716104373
174335,0.2542166429568086
174336,0.7255034746683271
174337,0.5402393407901974
174338,0.8340840192527077
174339,0.164684280136896
174340,0.7368342112798324
174341,0.6097508874152923
174342,0.9634853036755583
174343,0.6658909831334282
174344,0.6017062007717445
174345,0.5217411065307402
174346,0.14827221037991828
174347,0.7775757768576635
174348,0.247058235350262
174349,0.8420559855650144
174350,0.4173101658478054
174351,0.6447793619699939
174352,0.7713945487021694
174353,0.07382931629253571
174354,0.6523195513155563
174355,0.631903318319615
174356,0.8383108885060971
174357,0.4838310888506097
174358,0.19305884438303617
174359,0.9701801191704429
174360,0.5478204353220829
174361,0.1899455052017762
174362,0.6009199121902
174363,0.5382713468259849
174364,0.6951245562923539
174365,0.6576145004340495
174366,0.3237463696647138
174367,0.3681330418460056
174368,0.7889065134691688
174369,0.20046268310752155
174370,0.36654228460010635
174371,0.1714200008181037
174372,0.6035832943219056
174373,0.024820358056730947
174374,0.3278777934833493
174375,0.6642547756805032
174376,0.32212379727389656
174377,0.33176833120474863
174378,0.8270574172465356
174379,0.744774362447221
174380,0.340122079256071
174381,0.004649556178728394
174382,0.9502229332654611
174383,0.7624681280423232
174384,0.5047881793101568
174385,0.2620568036687407
174386,0.5932660973270734
174387,0.1313601883456579
174388,0.7030737975011477
174389,0.16861572304461847
174390,0.9218120088537004
174391,0.2511942041896001
174392,0.07532917312438359
174393,0.5002295235454798
174394,0.8385881347689539
174395,0.1800419050908777
174396,0.6956245085696365
174397,0.8782525304402762
174398,0.9049272569436554
174399,0.36319714936301534
174400,0.545888801523491
174401,0.7088732439176261
174402,0.09694074656510059
174403,0.29279477868021686
174404,0.6695406347575914
174405,0.34954390717249717
174406,0.6335031656069193
174407,0.5202957899473232
174408,0.9695483612927857
174409,0.4722367410383554
174410,0.7192404361401867
174411,0.7737352343639925
174412,0.7598638311797511
174413,0.3289095131828325
174414,0.1795964930620259
174415,0.31553351725517104
174416,0.647383658832566
174417,0.4270365101513037
174418,0.0008408288299753205
174419,0.6713222828729984
174420,0.8124997159362062
174421,0.9027592820685298
174422,0.09611809781793557
174423,0.5849350743792638
174424,0.034592152567254945
174425,0.04153239918007827
174426,0.5944750728339568
174427,0.6525513473713872
174428,0.24739456688225214
174429,0.6222815094922758
174430,0.44914803586930335
174431,0.4446348303116521
174432,0.8368973870675981
174433,0.19891283104794544
174434,0.08334658964371583
174435,0.14809949959322063
174436,0.10266292762963534
174437,0.7879384240595216
174438,0.3818726394298726
174439,0.5075651869594267
174440,0.15401711654796588
174441,0.49441644206689356
174442,0.3353043573113475
174443,0.17548324932620069
174444,0.04287318028733621
174445,0.37081914908122404
174446,0.24214052295008204
174447,0.26561555487885247
174448,0.847219129083133
174449,0.2370364647010967
174450,0.15973475259179806
174451,0.7546416023924989
174452,0.4940710204934983
174453,0.40903822816912927
174454,0.22344685280041449
174455,0.2711332100117716
174456,0.5642461401411684
174457,0.32603706009880873
174458,0.1180387326664273
174459,0.8327841433317729
174460,0.7832297826116598
174461,0.35259361606392114
174462,0.10321287513464623
174463,0.7587866612732421
174464,0.8177310347648634
174465,0.8820658028097318
174466,0.7498511505719908
174467,0.6450111580258249
174468,0.047977238536321534
174469,0.4531840142531849
174470,0.9293658332613706
174471,0.7361297330709341
174472,0.9989228300934911
174473,0.2931174751500993
174474,0.2513941851005131
174475,0.5903209239118085
174476,0.522441039718936
174477,0.7666631821507947
174478,0.8123360951909135
174479,0.3908217851932315
174480,0.7391930770244659
174481,0.2431676976288627
174482,0.8536366983151609
174483,0.6783943350861963
174484,0.21658841656023745
174485,0.701919362242695
174486,0.39572131751060124
174487,0.659582494398262
174488,0.30243931261106893
174489,0.5018293708327841
174490,0.6849437099185988
174491,0.39254889306020785
174492,0.8994505069970594
174493,0.05636734675326446
174494,0.5316083464760183
174495,0.27694174646965514
174496,0.948409470005136
174497,0.7108412378818385
174498,0.814854036660137
174499,0.6287536189727344
174500,0.8677898927829617
174501,0.1961040082537576
174502,0.7988919239527137
174503,0.09766794987751169
174504,0.35520245794719596
174505,0.49296203544207146
174506,0.3364769726526104
174507,0.17929197667495378
174508,0.21427954604333224
174509,0.0529267660814195
174510,0.7354570700069539
174511,0.9060316969743797
174512,0.5425209411828871
174513,0.5510655801037174
174514,0.3092841137891383
174515,0.5562423586839438
174516,0.982219879011549
174517,0.11800237250080674
174518,0.28963598929193124
174519,0.003763277141727381
174520,0.31038855381986263
174521,0.5065334672599434
174522,0.394394171465451
174523,0.38109998591043576
174524,0.2642338685852714
174525,0.4714231823325955
174526,0.9994591425363942
174527,0.11092577526690633
174528,0.3217102003899628
174529,0.3790274564700642
174530,0.8029369923780003
174531,0.5327627817344709
174532,0.6945927888701533
174533,0.6530740247521828
174534,0.05126328850427914
174535,0.6837710945773359
174536,0.8998413787774804
174537,0.875743679012458
174538,0.8423241417864659
174539,0.7302257511782966
174540,0.8246758263983893
174541,0.9666122779189259
174542,0.8196626685634554
174543,0.7300575854123016
174544,0.9596811213475077
174545,0.03976438612677881
174546,0.12478354338904013
174547,0.1502402043441308
174548,0.24244958435785674
174549,0.18649128946782353
174550,0.6124460846919159
174551,0.43211784329677616
174552,0.10960771926316125
174553,0.7736625140327514
174554,0.6160139259434327
174555,0.2144022616023016
174556,0.7519282250330651
174557,0.3359133900854918
174558,0.10209480004181419
174559,0.17922834638511778
174560,0.6824757636771036
174561,0.5162325414392264
174562,0.8076456338258621
174563,0.9644988432922312
174564,0.47837706400752655
174565,0.8894787315756223
174566,0.20226705632644157
174567,0.4578608405561287
174568,0.06451202385226865
174569,0.8500324968980234
174570,0.26389753705328123
174571,0.9125219865376487
174572,0.5341717381522673
174573,0.9870739611218929
174574,0.09120038541775558
174575,0.42175974111562076
174576,0.21316147095050017
174577,0.08979142899995908
174578,0.46968243940351145
174579,0.8329886692633885
174580,0.6101372141750107
174581,0.40207071143209056
174582,0.07668813431445179
174583,0.3517391521718381
174584,0.6578872016762036
174585,0.19124083610200845
174586,0.007862885815444889
174587,0.8828020961635481
174588,0.6712132023761369
174589,0.059039818926375214
174590,0.19691302193881494
174591,0.14266819985365034
174592,0.0642529576722222
174593,0.7451425091241292
174594,0.07809254571154571
174595,0.7703991891683067
174596,0.9326018880015998
174597,0.2562119070452366
174598,0.2959581130892051
174599,0.8249076224542203
174600,0.7102503851905045
174601,0.9410374464255685
174602,0.8454602060712387
174603,0.45354307088868784
174604,0.1454588425650279
174605,0.15900754927938696
174606,0.42513214647692715
174607,0.5549652078665218
174608,0.1238699942278237
174609,0.42531394730502997
174610,0.6243767640361603
174611,0.6955745133419083
174612,0.6404752273646607
174613,0.21140254793860586
174614,0.49321655660141533
174615,0.2352957217720127
174616,0.5656505515382623
174617,0.34585789538271344
174618,0.40155712409270017
174619,0.4741456497334345
174620,0.3375768676626322
174621,0.9015412165202413
174622,0.5729271296830758
174623,0.536012471536808
174624,0.04995886756264175
174625,0.3200921730198481
174626,0.045050245203866905
174627,0.44901623026892884
174628,0.19631762422677837
174629,0.5760541039264434
174630,0.4449666168229396
174631,0.5234454892942038
174632,0.2803277868930693
174633,0.85473204830448
174634,0.40111171206384844
174635,0.5883665650097036
174636,0.5729362197244808
174637,0.8182537121456589
174638,0.9318883197512965
174639,0.08989141945541561
174640,0.82701196703951
174641,0.3257416337531417
174642,0.426727448743529
174643,0.6073283913808227
174644,0.6197862931265653
174645,0.5511155753314457
174646,0.47134137195994924
174647,0.9612264283863814
174648,0.9813335999745478
174649,0.22607841978720214
174650,0.14911758423059618
174651,0.040473409356379615
174652,0.38394971389094673
174653,0.2719785838624495
174654,0.6377800300880371
174655,0.04294135559787474
174656,0.8712259284341041
174657,0.048699896828030054
174658,0.4710323105521746
174659,0.3676921748378563
174660,0.7663086705359943
174661,0.12075211002586117
174662,0.08058321705655368
174663,0.8184127878702488
174664,0.9193531526536104
174665,0.9348880334149923
174666,0.7222628749073952
174667,0.8787570277382614
174668,0.41841460587852974
174669,0.41257879929643076
174670,0.8966189590993587
174671,0.24539475777312167
174672,0.10545811536171547
174673,0.9865194685961794
174674,0.46677362615386714
174675,0.396980288245213
174676,0.6577144908895061
174677,0.18990914503615564
174678,0.7198494689143309
174679,0.32295099104176417
174680,0.8020552583617019
174681,0.11491630344376218
174682,0.27054690234114015
174683,0.5439344426213862
174684,0.16537966830438913
174685,0.6008108316933384
174686,0.6619959003913263
174687,0.70912776507697
174688,0.14853127655996476
174689,0.8001781648115407
174690,0.8420150803786911
174691,0.6112916494334633
174692,0.7618500052267738
174693,0.7488921512037487
174694,0.6618731848323569
174695,0.5850350648347203
174696,0.8147404111425728
174697,0.5029110857599957
174698,0.15522154703414676
174699,0.20678026188409288
174700,0.5622508760527404
174701,0.7160407415655778
174702,0.08335113466441839
174703,0.7365296948927603
174704,0.1166161411865231
174705,0.25923434581244514
174706,0.36926020698024276
174707,0.7508056049195305
174708,0.7750260202435222
174709,0.5315719863103977
174710,0.7970648256302808
174711,0.47963148972143566
174712,0.7900473136655137
174713,0.1794465073788411
174714,0.2221742470036951
174715,0.5662141341053809
174716,0.6463292140295699
174717,0.09330927502374772
174718,0.14689961412774236
174719,0.2689061498675126
174720,0.9902327505101786
174721,0.9336790579081088
174722,0.0009862694924575382
174723,0.9811018039187169
174724,0.7819708118770481
174725,0.5690684071065943
174726,0.5296176274082929
174727,0.6178228441830552
174728,0.5031792419814473
174729,0.6805623099613219
174730,0.018120997541143803
174731,0.7730989314656328
174732,0.4353129928506824
174733,0.3115475340990178
174734,0.8123042800459956
174735,0.297330709341381
174736,0.15848032687788893
174737,0.48678080728657713
174738,0.7829707164316134
174739,0.44393489712345635
174740,0.6330441185159599
174741,0.27811436181091803
174742,0.6017062007717445
174743,0.6999013730507543
174744,0.19158171265470117
174745,0.49282568482099437
174746,0.28088682443948526
174747,0.012003399675485521
174748,0.617309256843665
174749,0.21615663959349338
174750,0.04694097381613573
174751,0.7156453247644543
174752,0.08944600742656382
174753,0.2610341740106626
174754,0.7287395294085565
174755,0.9559451143299958
174756,0.566191409001868
174757,0.777866658182628
174758,0.30917048827157406
174759,0.6049468005326765
174760,0.7792028942691834
174761,0.5493475622781463
174762,0.3076569963776185
174763,0.5712909222301508
174764,0.03618745483385677
174765,0.35074833765867797
174766,0.767272214924939
174767,0.9046500106807986
174768,0.36813758686670817
174769,0.1164979706482563
174770,0.3119156807759259
174771,0.4836856481881275
174772,0.9925688911512992
174773,0.3257507237945469
174774,0.9427009240027089
174775,0.46336486062694016
174776,0.40807922880088715
174777,0.8191309011412548
174778,0.6282445766540466
174779,0.2046031969675622
174780,0.2681971266379118
174781,0.019729934869853333
174782,0.2079756023288686
174783,0.45455661050536084
174784,0.887942514578154
174785,0.84160602851546
174786,0.07450652437721854
174787,0.13581430863417585
174788,0.6303352861772286
174789,0.18280527767803983
174790,0.9380513678239805
174791,0.017752850864235687
174792,0.11284831902409315
174793,0.5090332286463565
174794,0.9861104167329482
174795,0.847387294849128
174796,0.22236059285250045
174797,0.3503347407747442
174798,0.7767758532140114
174799,0.7758441239699848
174800,0.16722949173033483
174801,0.2766235950204753
174802,0.6884115607146591
174803,0.9868648901695748
174804,0.795215002204335
174805,0.13248280845919255
174806,0.36627412837865475
174807,0.10578081183159788
174808,0.8973961576394981
174809,0.3583748823975893
174810,0.6819576313170107
174811,0.4171919953095386
174812,0.13495529972139025
174813,0.4302771099122356
174814,0.14500434049477096
174815,0.7584139695756315
174816,0.9324291772149023
174817,0.8428150040223434
174818,0.3216647501829371
174819,0.18559592038941738
174820,0.47395021384322406
174821,0.7762259057090005
174822,0.5239999818199171
174823,0.005758541230155303
174824,0.9836470155121557
174825,0.2566664091154935
174826,0.09720435776584962
174827,0.9082269419737208
174828,0.3813772321732925
174829,0.0709114130014862
174830,0.8838020007181133
174831,0.6270356011471632
174832,0.278800659937006
174833,0.03546934156285082
174834,0.45012976034105834
174835,0.5876302716558873
174836,0.3757323164607015
174837,0.49346198771935407
174838,0.6386254039387149
174839,0.5351807327482376
174840,0.09133219101813007
174841,0.5955613327818708
174842,0.7034646692815686
174843,0.9584766908613269
174844,0.6058876198181083
174845,0.464242049622536
174846,0.4446530103944623
174847,0.49503456488244296
174848,0.05280405052245013
174849,0.28047777257625406
174850,0.5321446589189214
174851,0.3543161789101949
174852,0.3462714922666472
174853,0.49215756677771666
174854,0.5026474745592466
174855,0.5251453270369646
174856,0.184882352139114
174857,0.8922057439971639
174858,0.8234986660364239
174859,0.995759495684503
174860,0.7624999431872412
174861,0.5532153748960327
174862,0.2434222187882066
174863,0.7545734270819604
174864,0.09968139404874989
174865,0.8860972361729108
174866,0.4963253507619727
174867,0.5082423950441094
174868,0.8949282113980029
174869,0.811277105367215
174870,0.30700251339644846
174871,0.41016993832406906
174872,0.565855077469878
174873,0.8042777734852582
174874,0.6330395734952573
174875,0.13382813458715306
174876,0.46699178714759043
174877,0.9596084010162667
174878,0.5934660782379865
174879,0.855609237300076
174880,0.9689938687670723
174881,0.665745542470946
174882,0.34004481390412733
174883,0.07819708118770481
174884,0.4769726526104326
174885,0.9899418691852141
174886,0.2926675181005449
174887,0.6953154471618619
174888,0.2983306138959463
174889,0.6615595784038797
174890,0.5513610064493843
174891,0.006303943714463619
174892,0.5045518382336233
174893,0.1122347412292463
174894,0.4163784366037787
174895,0.6646683725644371
174896,0.7599547315938024
174897,0.5374805132237378
174898,0.13455079287886157
174899,0.1997445698365156
174900,0.2950400189072861
174901,0.17352434540339332
174902,0.36833756777762117
174903,0.8986187682084892
174904,0.6332304643647652
174905,0.7505919889465097
174906,0.7511782966171411
174907,0.148254030297108
174908,0.026220224433122295
174909,0.767894882761191
174910,0.5986155866939974
174911,0.4324905349943869
174912,0.9140445684730094
174913,0.05059971548170402
174914,0.14188645629280844
174915,0.9309656805486749
174916,0.29513546434204
174917,0.6508242395044109
174918,0.5414574063384859
174919,0.26293399266433654
174920,0.0780652755873303
174921,0.37894564609741793
174922,0.6536376073193013
174923,0.6445657459969731
174924,0.9086632639611674
174925,0.8176901295785403
174926,0.20708932329186758
174927,0.024702187518464147
174928,0.8203535117102458
174929,0.7340753837133729
174930,0.1268469827880066
174931,0.9944096245358398
174932,0.15585330491180388
174933,0.06326668817976465
174934,0.7490466819076361
174935,0.8838747210493545
174936,0.7604319587675722
174937,0.466996332168293
174938,0.510569445643825
174939,0.8960462864908351
174940,0.03238327250580626
174941,0.45702001172615336
174942,0.26816076647229126
174943,0.7425382122615569
174944,0.26050240658846197
174945,0.790224569472914
174946,0.8275755496066284
174947,0.4274955572422632
174948,0.20823466850891506
174949,0.4636239268069866
174950,0.370323741824644
174951,0.7552960853736689
174952,0.18049640716113463
174953,0.7647270033315001
174954,0.9042227787347572
174955,0.7701901182159886
174956,0.6490380463683012
174957,0.15742588207489286
174958,0.1191477177178542
174959,0.5879666031878775
174960,0.6260766017789211
174961,0.7168679353334455
174962,0.2895132737329618
174963,0.19136355166097785
174964,0.6017516509787703
174965,0.7065643734007209
174966,0.3500438594497798
174967,0.16880661391412638
174968,0.006667545370669163
174969,0.8519368605723999
174970,0.24949891146754175
174971,0.3695783584294226
174972,0.8257666313670059
174973,0.4003299685030065
174974,0.8978142995441345
174975,0.1393548797614773
174976,0.1516764308861427
174977,0.6306897977920289
174978,0.9493639243526755
174979,0.037582776189545544
174980,0.3596065830079856
174981,0.8183764277046283
174982,0.2003854177555779
174983,0.9377832116025289
174984,0.876902659291613
174985,0.5062107707900609
174986,0.8258029915326265
174987,0.6605869439735299
174988,0.7749714799950914
174989,0.2844092154839765
174990,0.21860186073147564
174991,0.4565655096558965
174992,0.534185373214375
174993,0.7782120797560234
174994,0.4511069397921107
174995,0.2617613773230737
174996,0.18086000881734016
174997,0.005535835215729407
174998,0.5651233291367642
174999,0.7009194576881298
175000,0.5732271010494453
175001,0.12901950268383472
175002,0.76946745992428
175003,0.8475918207807437
175004,0.34323541843733096
175005,0.4012616977470332
175006,0.4519114084564655
175007,0.5824625831170661
175008,0.48255848305389026
175009,0.07720172165384213
175010,0.22364683371132757
175011,0.30817967375841393
175012,0.7186177683039346
175013,0.3359724753546252
175014,0.37565050608805517
175015,0.20909367742170065
175016,0.895528154130742
175017,0.4473618427331936
175018,0.5469477913471896
175019,0.13748687625272132
175020,0.3162289054226642
175021,0.6985605919434963
175022,0.6944109880420506
175023,0.45836079283341136
175024,0.4990569082042169
175025,0.7588548365837806
175026,0.8667672631248836
175027,0.22316506151685522
175028,0.18847746351484632
175029,0.8813522345594285
175030,0.08855063834815767
175031,0.9125628917239719
175032,0.3702328414105926
175033,0.5105558105817173
175034,0.6452384090609533
175035,0.29433554069838785
175036,0.35620690752246376
175037,0.8389971866321851
175038,0.5362624476754493
175039,0.8164402488853337
175040,0.47873157562232693
175041,0.6426522922811914
175042,0.8632994123288232
175043,0.20865281041355144
175044,0.5379077451697793
175045,0.5324400852645884
175046,0.6709950413824135
175047,0.6156185091423092
175048,0.7039600765381486
175049,0.10263565750541993
175050,0.3987664813813227
175051,0.6499834106744357
175052,0.9479822380590944
175053,0.8754482526667909
175054,0.34504433667695356
175055,0.5609691802146158
175056,0.8358065820989815
175057,0.8078228896332623
175058,0.15341717381522674
175059,0.6359756568691171
175060,0.8433104112789234
175061,0.2918630494361902
175062,0.5254634784861445
175063,0.8921512037487331
175064,0.93966030515269
175065,0.8077819844469392
175066,0.23927261488676083
175067,0.6940655664686554
175068,0.4422305143599929
175069,0.9058544411669796
175070,0.07202948809431826
175071,0.4139968457556324
175072,0.23707736988741984
175073,0.8833020484408307
175074,0.6307443380404598
175075,0.652628612723331
175076,0.24677189904600016
175077,0.3524436303807364
175078,0.9847378204807723
175079,0.07677448970780061
175080,0.473486621731562
175081,0.8243804000527222
175082,0.5938342249148946
175083,0.8015916662500397
175084,0.4930620258975279
175085,0.8934374446075602
175086,0.032210561719108625
175087,0.7542780007362934
175088,0.4193008849155308
175089,0.34730321196613045
175090,0.5648778980188255
175091,0.9502911085759996
175092,0.10782607114775408
175093,0.3914899032365092
175094,0.1184523295503611
175095,0.9728435013021485
175096,0.32247830888869694
175097,0.5286722631021585
175098,0.5160643756732313
175099,0.953568068502552
175100,0.6622686016334804
175101,0.09465914617241081
175102,0.6888206125778904
175103,0.9129083132973671
175104,0.24251775966839528
175105,0.3930988405652187
175106,0.5273451170570083
175107,0.44724367219492683
175108,0.470014225914799
175109,0.15069016139368516
175110,0.9158716667954423
175111,0.7858795296812577
175112,0.7342344594379627
175113,0.9761795464978343
175114,0.020134441712382
175115,0.9696892569345654
175116,0.15525336217906474
175117,0.6225087605274042
175118,0.3499484140150258
175119,0.8750937410519906
175120,0.013166924975343263
175121,0.6967925788901969
175122,0.4079156080555947
175123,0.5735179823744098
175124,0.9792565255134738
175125,0.15233091386731268
175126,0.5750814694960936
175127,0.4536430613441444
175128,0.5500611305284495
175129,0.6110189481913091
175130,0.4285227319210439
175131,0.9671667704446394
175132,0.8688716077101731
175133,0.34233550433822224
175134,0.8464782907086142
175135,0.34476254539339424
175136,0.9494457347253217
175137,0.7054099381422683
175138,0.7284622831456998
175139,0.4437849114402716
175140,0.317496966198681
175141,0.9729025865712818
175142,0.13067389021956996
175143,0.4910304016434795
175144,0.9544588925602556
175145,0.8751619163625292
175146,0.10761245517473332
175147,0.45011158025824805
175148,0.9736525149872058
175149,0.28600906277128085
175150,0.4551383731552897
175151,0.6341576485880893
175152,0.3668558910285836
175153,0.21391139936642412
175154,0.4042341412865135
175155,0.8993777866658184
175156,0.5147735897937016
175157,0.03968257575413256
175158,0.10236295626326578
175159,0.3742779098358793
175160,0.11202567027692811
175161,0.7571640888824249
175162,0.6980606396662137
175163,0.13178287527099689
175164,0.14254548429468095
175165,0.42657291803964165
175166,0.5721499311429363
175167,0.9846014698596952
175168,0.5638370882779371
175169,0.3972166293217465
175170,0.15382622567845797
175171,0.2042486853527618
175172,0.9697847023693194
175173,0.5435481158616678
175174,0.7037373705237228
175175,0.81997172997123
175176,0.6476018198262894
175177,0.7884292862953991
175178,0.9937006013062389
175179,0.49043045891074033
175180,0.5639598038369065
175181,0.21837915471704974
175182,0.03562841728744075
175183,0.14926302489307838
175184,0.08955963294412805
175185,0.022270601442589574
175186,0.9313111021220701
175187,0.35284359220256245
175188,0.3625926616095736
175189,0.6664363856177365
175190,0.1628390017316529
175191,0.5141736470609624
175192,0.44105789901873
175193,0.08640084355584239
175194,0.8450556992287099
175195,0.17704219142718194
175196,0.9192986124051795
175197,0.7156635048472646
175198,0.675285540925639
175199,0.8886878979733752
175200,0.0476272719422237
175201,0.168420287154408
175202,0.5505928979506501
175203,0.4834174919666759
175204,0.23675921843824
175205,0.15692592979761022
175206,0.6650819694483708
175207,0.28929965775994104
175208,0.28863608473736596
175209,0.5736770580989997
175210,0.04560019270887779
175211,0.8380609123674558
175212,0.6373846132869135
175213,0.4344676190000045
175214,0.8116407070234205
175215,0.6049422555119739
175216,0.5205139509410466
175217,0.9099676849028048
175218,0.3705964430667981
175219,0.863090341376505
175220,0.9525817990100945
175221,0.7820980724567201
175222,0.9617854659327973
175223,0.44341221974266093
175224,0.12235650233386812
175225,0.267192677062644
175226,0.17499238709032322
175227,0.8194172374455165
175228,0.7991464451120575
175229,0.9672667609000959
175230,0.7905563559842015
175231,0.4852900404961344
175232,0.318510505815354
175233,0.9699801382595298
175234,0.23919534953481714
175235,0.9458415333081842
175236,0.33337272351275554
175237,0.8198399243708556
175238,0.464537475968203
175239,0.5443707646088328
175240,0.18004645011158027
175241,0.37636861935906113
175242,0.9621172524440849
175243,0.7352070938683126
175244,0.8732257375432346
175245,0.289985955886029
175246,0.5753269006140324
175247,0.48921693838315433
175248,0.5461751378277528
175249,0.343826271128665
175250,0.3963076251812327
175251,0.09687257125456206
175252,0.9203939623944988
175253,0.30677526236132
175254,0.47852704969071136
175255,0.007326573372541711
175256,0.08425104876352711
175257,0.11315738043186786
175258,0.6355938751301012
175259,0.1958540321151163
175260,0.161698201535308
175261,0.31670613259643393
175262,0.8182037169179306
175263,0.43128155948750346
175264,0.476768126678817
175265,0.789211029856241
175266,0.35707046145595195
175267,0.9240890642256876
175268,0.20101263061253244
175269,0.5007294758227624
175270,0.6202180700933093
175271,0.0711659341608301
175272,0.026011153480804104
175273,0.5555242454129379
175274,0.08710077674403807
175275,0.9584266956335987
175276,0.9634898486962609
175277,0.8225396666681817
175278,0.49387103958258527
175279,0.49960685570922775
175280,0.9911735697956104
175281,0.47757259534317176
175282,0.2571845414755864
175283,0.03574658782570755
175284,0.8503506483472033
175285,0.797146636002927
175286,0.0230068947964058
175287,0.4923802727921425
175288,0.4750228387290304
175289,0.14068202580662756
175290,0.3473622972352639
175291,0.4390899050545175
175292,0.24301771194567792
175293,0.8038505415392166
175294,0.8187036691952132
175295,0.3161743651742333
175296,0.9516773398902832
175297,0.4735411619799928
175298,0.741070170574627
175299,0.5677276259993365
175300,0.7639134446257404
175301,0.4523931806509378
175302,0.5075015566695906
175303,0.5077151726426115
175304,0.046359211166206865
175305,0.4469846060148804
175306,0.08203762368137586
175307,0.8065048336295172
175308,0.771167297667041
175309,0.9168533912671972
175310,0.6194817767394931
175311,0.12800141804645923
175312,0.4156421432499625
175313,0.1337463242145068
175314,0.7919880375055108
175315,0.5499611400729931
175316,0.5688457010921685
175317,0.8772253557614955
175318,0.3573022575117829
175319,0.40653846678271616
175320,0.14749046681907635
175321,0.9135991564441576
175322,0.04239140809286387
175323,0.9448870789606447
175324,0.05058153539889374
175325,0.9261797737488694
175326,0.6735357079551498
175327,0.26966516832484166
175328,0.9834288545184323
175329,0.3374177919380422
175330,0.015748496734402626
175331,0.9921552942673655
175332,0.6808031960585581
175333,0.4476481790374555
175334,0.908117861476859
175335,0.4600469955140645
175336,0.46287399839106264
175337,0.05322219242708651
175338,0.9451006949336654
175339,0.6996014016843847
175340,0.7473741142890906
175341,0.31217020193526984
175342,0.8098499688666082
175343,0.9350516541602848
175344,0.5519745842442312
175345,0.8790569991046309
175346,0.8095272723967257
175347,0.7632816867480832
175348,0.5750769244753909
175349,0.7512828320933003
175350,0.6978652037760033
175351,0.4056930929320383
175352,0.026524740820194438
175353,0.24143604474118383
175354,0.4323587293940124
175355,0.87178496598052
175356,0.5268815249453462
175357,0.08518732302825638
175358,0.6764717913290096
175359,0.19531771967221312
175360,0.8441285150053858
175361,0.36160639211711604
175362,0.07809254571154571
175363,0.47610909867694445
175364,0.31042036896478065
175365,0.23405947614091382
175366,0.2694424623104158
175367,0.6654546611459815
175368,0.9904418214624967
175369,0.1756286899886829
175370,0.7221946995968567
175371,0.950022952354548
175372,0.01331691065852805
175373,0.9393830588898333
175374,0.925202594297817
175375,0.5720953908945056
175376,0.9826380209161854
175377,0.9606673908399652
175378,0.14020479863285779
175379,0.01879366060512406
175380,0.24567654905668096
175381,0.29726253403084246
175382,0.16728857699946825
175383,0.2199562769008413
175384,0.09930415733043663
175385,0.7321892001218065
175386,0.8453920307607001
175387,0.22608750982860729
175388,0.10906686179955549
175389,0.11618890924048159
175390,0.14789042864090246
175391,0.4837174633330455
175392,0.4488435194822312
175393,0.5534744410760791
175394,0.7862385863167607
175395,0.22888724258138995
175396,0.7197676585416847
175397,0.13104658191718066
175398,0.8760845555651506
175399,0.5422073347544099
175400,0.330613895946296
175401,0.8696079010639893
175402,0.10936228814522249
175403,0.8295617236536513
175404,0.34363992527985965
175405,0.030097127092413908
175406,0.8558683034801224
175407,0.8030824330404825
175408,0.03463305775357807
175409,0.7744942528213216
175410,0.18596861208702806
175411,0.7070506906158959
175412,0.008258302616568418
175413,0.6074647420018998
175414,0.8228759982001719
175415,0.4082973897946105
175416,0.4078747028692716
175417,0.8715077197176634
175418,0.8820658028097318
175419,0.25620736202453404
175420,0.6677726217042919
175421,0.01594847764531568
175422,0.7663904809086406
175423,0.016475700046813715
175424,0.377932106480745
175425,0.5249498911467542
175426,0.7886656273719327
175427,0.6148322205607647
175428,0.41244699369605625
175429,0.5728544093518346
175430,0.33644970252839496
175431,0.1811508901423046
175432,0.745828807250217
175433,0.7564050704250959
175434,0.9617763758913922
175435,0.43271778602951533
175436,0.19759023002349776
175437,0.7510964862444949
175438,0.33216829302657475
175439,0.4899941369232937
175440,0.23913171924498117
175441,0.43223146881434044
175442,0.2821594302362047
175443,0.2969216574781498
175444,0.8291208566455021
175445,0.06658909831334281
175446,0.8190945409756342
175447,0.3515255361988174
175448,0.21190704523659104
175449,0.36493789229209933
175450,0.850723340044814
175451,0.8493416537512329
175452,0.40931092941128344
175453,0.08332386454020298
175454,0.7533735416164821
175455,0.9233573158925739
175456,0.25445752905404484
175457,0.4700051358733939
175458,0.0655982838001827
175459,0.7918289617809209
175460,0.7645542925448026
175461,0.4699006003972348
175462,0.12580162802641567
175463,0.29818517323346405
175464,0.5630735247999055
175465,0.663518482326687
175466,0.6139823016893842
175467,0.8846291944859809
175468,0.2879043364042523
175469,0.013535071652251375
175470,0.9241481494948209
175471,0.7807936515150826
175472,0.9706982515305358
175473,0.6691679430599806
175474,0.7331254743865359
175475,0.8219624490389554
175476,0.9119402238877199
175477,0.7858158993914218
175478,0.6091236745583376
175479,0.9733707237036465
175480,0.12346094236459246
175481,0.5277223537753215
175482,0.42993623335954295
175483,0.5187323028256393
175484,0.3394176010471727
175485,0.7413383267960786
175486,0.9941414683143882
175487,0.26334758954827037
175488,0.7786620368055777
175489,0.44786179501047624
175490,0.49525272587616637
175491,0.30178482962989894
175492,0.9544179873739326
175493,0.470077856204635
175494,0.19079996909385924
175495,0.809113675512792
175496,0.5866576372255377
175497,0.0877461696838029
175498,0.49450279746024245
175499,0.5485067334481708
175500,0.23715463523936353
175501,0.8792206198499235
175502,0.3085250953318092
175503,0.6807532008308299
175504,0.8055549243026803
175505,0.4293181105439935
175506,0.8427150135668868
175507,0.0818694579153808
175508,0.3498666036423796
175509,0.4298953281732198
175510,0.47882702105708086
175511,0.5078287981601757
175512,0.08619631762422678
175513,0.7722444675735498
175514,0.8808568273028484
175515,0.6504151876411798
175516,0.26583371587257576
175517,0.20441230609805427
175518,0.8502370228296391
175519,0.6780852736784216
175520,0.37091004949527545
175521,0.7437562778098454
175522,0.802655201094441
175523,0.2515987110321287
175524,0.2105980792742511
175525,0.3831179751023766
175526,0.47666813622336046
175527,0.5967339481231337
175528,0.9003958713031939
175529,0.41017902836547415
175530,0.8136132460083356
175531,0.8941737379613764
175532,0.3711645706546193
175533,0.018980006453929398
175534,0.7440653392176202
175535,0.6979879193349726
175536,0.5661550488362475
175537,0.26258402607023873
175538,0.9274251094213734
175539,0.18357338617677404
175540,0.29174033387722076
175541,0.053567614000481774
175542,0.49267569913780956
175543,0.6441657841751469
175544,0.3757232264192963
175545,0.6436249267115413
175546,0.23257325437117368
175547,0.3248689897782484
175548,0.4534703505574467
175549,0.4019434508524186
175550,0.44966616822939626
175551,0.5447934515341718
175552,0.7241717836024744
175553,0.7357025011248927
175554,0.37674585607737443
175555,0.9705982610750792
175556,0.5237045554742502
175557,0.30308925057153635
175558,0.44530294835492973
175559,0.4852809504547293
175560,0.7932242831366098
175561,0.4689006958426695
175562,0.8861926816076647
175563,0.25776630412551527
175564,0.28748619449961593
175565,0.4868080774107926
175566,0.6380709114130014
175567,0.7091050399734571
175568,0.00915821671567714
175569,0.16571599983637927
175570,0.612455174733321
175571,0.5404756818667309
175572,0.4503161061898637
175573,0.18815931206566647
175574,0.5450252475900028
175575,0.5805354943391767
175576,0.21321146617822845
175577,0.28788615632144204
175578,0.8286799896373528
175579,0.7643452215924844
175580,0.873684784634194
175581,0.16116643411310738
175582,0.834820312606524
175583,0.43983528844973885
175584,0.9206575735952477
175585,0.3231646070147849
175586,0.6958699396875753
175587,0.7955149735707047
175588,0.02014807677448971
175589,0.9811881593120657
175590,0.6469700619486323
175591,0.5090059585221411
175592,0.1612073392994305
175593,0.9410192663427582
175594,0.3348134950754701
175595,0.6144231686975334
175596,0.21041627844614832
175597,0.28015053108566906
175598,0.7901109439553498
175599,0.6501015812127025
175600,0.23182332595524974
175601,0.3290458638039096
175602,0.3964985160507406
175603,0.5416164820630758
175604,0.5027429199940006
175605,0.6922066530013045
175606,0.9685302766554101
175607,0.7072006762990806
175608,0.7985874075656415
175609,0.554742501852096
175610,0.9873193922398317
175611,0.6703723735461615
175612,0.18452329550361105
175613,0.7250853327636907
175614,0.32322369228391834
175615,0.7555642415951206
175616,0.3606564827902791
175617,0.7276987196676681
175618,0.7480604124151785
175619,0.8583726098872381
175620,0.08926420659846104
175621,0.7912017489239663
175622,0.7829934415351263
175623,0.37577776666772716
175624,0.17208811886138142
175625,0.9990228205489476
175626,0.14793587884792814
175627,0.18629130855691048
175628,0.33927216038469055
175629,0.9796973925216229
175630,0.23698646947336846
175631,0.015489430554356174
175632,0.7694401898000646
175633,0.16884297407974694
175634,0.5470068766163231
175635,0.1509628626358393
175636,0.019089086950791062
175637,0.13135564332495536
175638,0.13955486067239037
175639,0.7284441030628895
175640,0.33594066020970725
175641,0.13075115557151362
175642,0.43567659450688795
175643,0.9270933229100858
175644,0.5583103431036129
175645,0.3326091600347239
175646,0.16492062121342962
175647,0.6148276755400621
175648,0.28371382731648337
175649,0.9145854259366152
175650,0.9493093841042446
175651,0.2703832815958476
175652,0.386817621954268
175653,0.6679771476359075
175654,0.10912594706868889
175655,0.021402502488398836
175656,0.4132969125674367
175657,0.43566295944478023
175658,0.9051772330822967
175659,0.3506438021825189
175660,0.7459833379541044
175661,0.3043391312647429
175662,0.9780293699237801
175663,0.40381145436117455
175664,0.20339422146067876
175665,0.8116134368992052
175666,0.9400329968503006
175667,0.5839033546797805
175668,0.7209811790692706
175669,0.21019357243172243
175670,0.46002881543125423
175671,0.515687138954918
175672,0.5948568545729725
175673,0.059771567259488866
175674,0.9386604005981247
175675,0.31374732411906137
175676,0.05385849532544621
175677,0.9215120374873307
175678,0.01897091641252426
175679,0.9837424609469096
175680,0.8268665263770277
175681,0.7694765499656852
175682,0.11105758086728083
175683,0.29947141409229117
175684,0.8295617236536513
175685,0.34974843310411274
175686,0.7215084014707688
175687,0.45361579121992895
175688,0.028997232082392136
175689,0.9822062439494411
175690,0.8626085691820327
175691,0.7345889710527631
175692,0.11710245840169801
175693,0.8813113293731053
175694,0.2334004481390413
175695,0.9260252430449821
175696,0.6205771267288123
175697,0.6686089055135647
175698,0.6994695960840103
175699,0.8477554415260362
175700,0.6789215574876943
175701,0.5972929856695497
175702,0.08311933860858735
175703,0.1219156353257189
175704,0.16019834470346014
175705,0.4278364337949559
175706,0.34106289854150285
175707,0.3786820348966689
175708,0.3618790933592702
175709,0.8010689888692444
175710,0.4087109866785443
175711,0.47325028065502833
175712,0.34695324537203265
175713,0.8605133146381483
175714,0.5486976243176788
175715,0.5098422423314138
175716,0.15576694951845504
175717,0.4287545279768749
175718,0.32785052335913384
175719,0.6569645624735821
175720,0.5971157298621496
175721,0.8563273505710819
175722,0.9581812645156599
175723,0.3255234727594184
175724,0.5588193854223007
175725,0.37043282232150565
175726,0.0857918107816981
175727,0.5648733529981229
175728,0.42085528199580946
175729,0.584298771480904
175730,0.04091882138523141
175731,0.01713927306938883
175732,0.7381977174906033
175733,0.3951350098399698
175734,0.3563023529572177
175735,0.37690947682266696
175736,0.3368042141431954
175737,0.05025429390830875
175738,0.4626285672731239
175739,0.059762477218083726
175740,0.4667918062366774
175741,0.5206503015621237
175742,0.31242926811531624
175743,0.3377541234700324
175744,0.3554706141686475
175745,0.5603283322955537
175746,0.23450034314906304
175747,0.8467464469300658
175748,0.7403293322001082
175749,0.08170583717008831
175750,0.4798723758186718
175751,0.5630826148413106
175752,0.24193599701846644
175753,0.06280309606810258
175754,0.8056640047995419
175755,0.13625972066302763
175756,0.9975320537585048
175757,0.10377645770176483
175758,0.6600097263443035
175759,0.7721853823044165
175760,0.19378604769544727
175761,0.5650006135777949
175762,0.475586421296149
175763,0.140382054440258
175764,0.12035669322473763
175765,0.8762799914553611
175766,0.4795996745765177
175767,0.6569100222251513
175768,0.39302612023397765
175769,0.9165352398180173
175770,0.8435831125210775
175771,0.4774635148463101
175772,0.476768126678817
175773,0.6189181941723745
175774,0.034719413146926885
175775,0.6198181082714832
175776,0.23378222987805708
175777,0.015112193836042922
175778,0.4557337708673263
175779,0.22193336090645893
175780,0.9345835170279201
175781,0.4490707705173597
175782,0.4542339140354784
175783,0.7118684125606193
175784,0.2920221251607801
175785,0.17502874725594378
175786,0.8649856150094763
175787,0.21902000263611202
175788,0.4488344294408261
175789,0.052526804259593406
175790,0.13705964430667983
175791,0.6848391744424396
175792,0.44052158657582685
175793,0.6547238672672154
175794,0.3212920584853264
175795,0.5942569118402334
175796,0.13546434204007798
175797,0.6755627871884957
175798,0.2701151253743961
175799,0.13498711486630824
175800,0.3378813840497043
175801,0.2721012994214188
175802,0.21197522054712958
175803,0.2717058826202953
175804,0.889555996927566
175805,0.5410165393303367
175806,0.4562564482481217
175807,0.0950318378700215
175808,0.8923557296803487
175809,0.924020888915149
175810,0.3064843810363556
175811,0.03729643988528368
175812,0.2152885406393026
175813,0.19911735697956104
175814,0.664277500784016
175815,0.6075920025815718
175816,0.3947350480181437
175817,0.5004204144149876
175818,0.15229000868098955
175819,0.07666540921093895
175820,0.2529304020979815
175821,0.4088973325273496
175822,0.6056740038450875
175823,0.5629235391167208
175824,0.8414560428322752
175825,0.0949273023938624
175826,0.04418669127037873
175827,0.020525313492802958
175828,0.729725798901014
175829,0.6029197212993306
175830,0.6372164475209184
175831,0.294671872230378
175832,0.9251480540493862
175833,0.9754614332268283
175834,0.7741715563514392
175835,0.44281227700992176
175836,0.44383490666799985
175837,0.09297748851246017
175838,0.7195585875893665
175839,0.9333200012726058
175840,0.8755346080601397
175841,0.25818444603015167
175842,0.5478340703841906
175843,0.07576549511183023
175844,0.1963857995373169
175845,0.20168983869721527
175846,0.40334331722880995
175847,0.9654396625776631
175848,0.7347253216738402
175849,0.2979397421155253
175850,0.4326632457810845
175851,0.00869916962471764
175852,0.6643274960117443
175853,0.3316410706250767
175854,0.8426831984219688
175855,0.9373105294494617
175856,0.1352870862326778
175857,0.8105635371169116
175858,0.6534285363669832
175859,0.3364906077147181
175860,0.4936892387544825
175861,0.6461837733670877
175862,0.34523977256716404
175863,0.15720772108116954
175864,0.9902236604687734
175865,0.53532617341072
175866,0.67993964212507
175867,0.8369973775230546
175868,0.37225537562323596
175869,0.042259602492489355
175870,0.3475077378977461
175871,0.9128855881938542
175872,0.8049777066734539
175873,0.5863622108798706
175874,0.9786565827807345
175875,0.8401516218906376
175876,0.034473982028988145
175877,0.4274637420973453
175878,0.4562791733516346
175879,0.09295476340894732
175880,0.3822362410860781
175881,0.7515009930870236
175882,0.3396630321651115
175883,0.95917207902882
175884,0.021257061825916617
175885,0.03252416814758591
175886,0.11029856240995177
175887,0.513555524245413
175888,0.25119874921030266
175889,0.9569404738638584
175890,0.04559110266747265
175891,0.7305666277309893
175892,0.1418182809822699
175893,0.9524636284718276
175894,0.07658814385899528
175895,0.8762981715381714
175896,0.746483290231387
175897,0.24297226173865222
175898,0.42827275578240254
175899,0.277196267628999
175900,0.5192686152685426
175901,0.20085355488794251
175902,0.5582376227723718
175903,0.40662936719676757
175904,0.8948418560046542
175905,0.9383558842110525
175906,0.1377413974120652
175907,0.15509428645447482
175908,0.5509564996068558
175909,0.5753723508210581
175910,0.11080760472863954
175911,0.9760795560423778
175912,0.09679076088191582
175913,0.9220619849923417
175914,0.1758968462101345
175915,0.9826880161439135
175916,0.20660755109739523
175917,0.25216229359924736
175918,0.7440698842383228
175919,0.6384799632762328
175920,0.14909485912708334
175921,0.8243531299285068
175922,0.8885606373937034
175923,0.17059735207093868
175924,0.6744992523440945
175925,0.47230491634889393
175926,0.27541916453429444
175927,0.16169365651460543
175928,0.505619918098727
175929,0.2782507124319951
175930,0.6570827330118488
175931,0.1565895982656201
175932,0.015930297562505396
175933,0.02526122506488017
175934,0.3556387799346426
175935,0.5819717208811886
175936,0.14813131473813862
175937,0.3107657905381759
175938,0.6270037860022453
175939,0.5049518000554493
175940,0.11414819494502797
175941,0.8618722758282165
175942,0.8440057994464165
175943,0.8182855272905769
175944,0.9636398343794457
175945,0.040891551261016
175946,0.47526372482626655
175947,0.42314142740920185
175948,0.15266270037860022
175949,0.45320673935669775
175950,0.3897082551211021
175951,0.7999190986314942
175952,0.5021657023647743
175953,0.4344585289585994
175954,0.9048908967780348
175955,0.658991641706928
175956,0.769699255980111
175957,0.9363333499984093
175958,0.10047222765099695
175959,0.957694947300485
175960,0.842924084519205
175961,0.29136309715890757
175962,0.06043514028206399
175963,0.24034523977256717
175964,0.38367246762809
175965,0.5313083751096486
175966,0.713695510883052
175967,0.8795751314647239
175968,0.5238409060953273
175969,0.9544588925602556
175970,0.27416928384108785
175971,0.8497916108007872
175972,0.12823321410229022
175973,0.20028997232082393
175974,0.5164825175778677
175975,0.15542152794505978
175976,0.17100185891346736
175977,0.6257493602883362
175978,0.0846964607923789
175979,0.012007944696188091
175980,0.6372482626658365
175981,0.8735075288267938
175982,0.9371741788283846
175983,0.9175669595175006
175984,0.8506824348584908
175985,0.37927743260870556
175986,0.46712359274796494
175987,0.950877416246631
175988,0.059185259588857425
175989,0.5430936137914109
175990,0.478963371678158
175991,0.8796296717131546
175992,0.9463233055026565
175993,0.40901550306561646
175994,0.9739888465191959
175995,0.9556269628808159
175996,0.023906808895514522
175997,0.4467709900418596
175998,0.7085323673649333
175999,0.7963512573799775
176000,0.699915008112862
176001,0.5977611228019144
176002,0.7703991891683067
176003,0.3849723435490249
176004,0.8518277800755383
176005,0.21062989441916907
176006,0.3405084060157894
176007,0.4762181791738061
176008,0.5986064966525922
176009,0.5967248580817286
176010,0.498179719208621
176011,0.21614300453138566
176012,0.4633739506683453
176013,0.3527754168920239
176014,0.09323655469250662
176015,0.1944768908422378
176016,0.5185095968112136
176017,0.18211897955195186
176018,0.8326659727935062
176019,0.08703260143349952
176020,0.1744015343989892
176021,0.7055099285977249
176022,0.3597792937946832
176023,0.7917153362633567
176024,0.18455965566923158
176025,0.033978574772408086
176026,0.08600997177542143
176027,0.2813140563855268
176028,0.8575954113470987
176029,0.6308125133509984
176030,0.42961353688966053
176031,0.1426727448743529
176032,0.5617418337340526
176033,0.9981319964912441
176034,0.4411715245362942
176035,0.9356561419137265
176036,0.8391289922325597
176037,0.04301407592911586
176038,0.34164466119143166
176039,0.2912267465378305
176040,0.2550892869317019
176041,0.6431976947654997
176042,0.0411278923375496
176043,0.8077501693020213
176044,0.8354611605255862
176045,0.7137591411728881
176046,0.37419609946323307
176047,0.04550474727412383
176048,0.7097049827061963
176049,0.7578185718635949
176050,0.02487944332586435
176051,0.1669249753432627
176052,0.7807345662459493
176053,0.052195017748305844
176054,0.2789097404338676
176055,0.6698769662895815
176056,0.4831720608487371
176057,0.4156421432499625
176058,0.9822153339908464
176059,0.14310906686179956
176060,0.16853391267197224
176061,0.16556601415319447
176062,0.938255893755596
176063,0.3705373577976648
176064,0.16299353243554027
176065,0.47503647379113806
176066,0.893882856636412
176067,0.5175324173601611
176068,0.384031524263593
176069,0.456338258620768
176070,0.6538239531681067
176071,0.46759627490103217
176072,0.9351425545743361
176073,0.23382313506438024
176074,0.6274446530103945
176075,0.6639866194590517
176076,0.5058062639475323
176077,0.6255221092532077
176078,0.1984719640397962
176079,0.04796360347421383
176080,0.6967971239108994
176081,0.4666281854913849
176082,0.5322310143122703
176083,0.9937187813890493
176084,0.11237563687102595
176085,0.7956513241917818
176086,0.6799214620422596
176087,0.2771553624426759
176088,0.6035378441148799
176089,0.5144281682203062
176090,0.29936687861613204
176091,0.0844283045709273
176092,0.40180255521063896
176093,0.69863785729544
176094,0.5740270246930975
176095,0.9773521618390972
176096,0.4425123056435522
176097,0.20906640729748524
176098,0.024134059930642986
176099,0.26467928061412316
176100,0.2581662659473414
176101,0.5057653587612092
176102,0.5524563564387036
176103,0.9635989291931225
176104,0.4379400148167675
176105,0.18462783097977012
176106,0.002708832338731303
176107,0.06082146704178238
176108,0.20290790424550384
176109,0.3399720935728862
176110,0.6017789211029856
176111,0.39653033119565856
176112,0.04367310393098841
176113,0.09220483499302339
176114,0.7272533076388163
176115,0.828170947318665
176116,0.4506251675976384
176117,0.06679362424495844
176118,0.8550229296294445
176119,0.32356456883661106
176120,0.49419828107317026
176121,0.9194395080469592
176122,0.4265001977084006
176123,0.13150562900814014
176124,0.8826293853768504
176125,0.7239808927329664
176126,0.1273242099617764
176127,0.5466750901050355
176128,0.9125219865376487
176129,0.21871094122833729
176130,0.6194681416773853
176131,0.033842224151331014
176132,0.07981510855781947
176133,0.6110053131292014
176134,0.9822471491357643
176135,0.023761368233032303
176136,0.3433763140791106
176137,0.21300694024661285
176138,0.8929465823716827
176139,0.5043291322191973
176140,0.1845369305657187
176141,0.7797437517327892
176142,0.7024693097477059
176143,0.8435013021484313
176144,0.19465414664963798
176145,0.788092954763409
176146,0.10060403325137145
176147,0.310447639088996
176148,0.32730512087482555
176149,0.33716327077869834
176150,0.3109794065111966
176151,0.1839188077501693
176152,0.18945918798660127
176153,0.8563864358402152
176154,0.8243985801355326
176155,0.046631912408361016
176156,0.5956113280095992
176157,0.7484285590920867
176158,0.24708550547447744
176159,0.9454597515691684
176160,0.5001158980279156
176161,0.774680598670127
176162,0.06454383899718662
176163,0.9041864185691366
176164,0.5354443439489867
176165,0.2876952654519341
176166,0.952345457933561
176167,0.7214493162016353
176168,0.4231323373677967
176169,0.8584407851977767
176170,0.9418873652969489
176171,0.6270219660850556
176172,0.007240217979192895
176173,0.8690897687038965
176174,0.3043300412233378
176175,0.4178646583735189
176176,0.17143363588021143
176177,0.13726417023829546
176178,0.06710723067343571
176179,0.568850246112871
176180,0.7795210457183632
176181,0.03787820253521255
176182,0.19990364556110554
176183,0.8978370246476474
176184,0.5027747351389186
176185,0.27137864112971033
176186,0.5048518095999928
176187,0.023993164288863337
176188,0.04287772530803878
176189,0.8926920612123389
176190,0.49196667590820875
176191,0.6541193795137737
176192,0.6945882438494508
176193,0.9820789833697693
176194,0.6116325259861559
176195,0.9237709127765077
176196,0.9515773494348266
176197,0.8803886901704838
176198,0.11333918125997063
176199,0.2405906708905059
176200,0.07433835861122347
176201,0.4781361779102904
176202,0.980942728194127
176203,0.24566291399457327
176204,0.1599483685648188
176205,0.10388553819862649
176206,0.3815772130842056
176207,0.27041055172006306
176208,0.5561423682284873
176209,0.6995105012703333
176210,0.17096095372714423
176211,0.36617868294390077
176212,0.6464292044850265
176213,0.41443316774307903
176214,0.7391294467346299
176215,0.7181859913371906
176216,0.2919221347053235
176217,0.8037278259802474
176218,0.30722976443157696
176219,0.6805486748992142
176220,0.7513282823003259
176221,0.9731480176892207
176222,0.05308584180600943
176223,0.9562996259447962
176224,0.1887183496120825
176225,0.030374373355270635
176226,0.7086141777375796
176227,0.6429249935233455
176228,0.3832634157648588
176229,0.11401184432395088
176230,0.1510992132569164
176231,0.8396562146340577
176232,0.6776307716081647
176233,0.3349271205930343
176234,0.591179932824594
176235,0.34609423645924703
176236,0.33956304170965496
176237,0.42602297053463073
176238,0.33004122333777225
176239,0.825471205021339
176240,0.549402102526577
176241,0.862308597815663
176242,0.8273528435922026
176243,0.19143172697151636
176244,0.34668508915058105
176245,0.3788865608282846
176246,0.5477749851150573
176247,0.5618372791688067
176248,0.21310238568136677
176249,0.5095377259443418
176250,0.4159921098440603
176251,0.10004499570495543
176252,0.8053231282468492
176253,0.8682034896668954
176254,0.030715249907963333
176255,0.4903895537244172
176256,0.20143986255857396
176257,0.8157857659041637
176258,0.6505106330759336
176259,0.550352011853414
176260,0.5811308920512134
176261,0.6601597120274884
176262,0.11004404125060789
176263,0.7903700101353962
176264,0.11844323950895595
176265,0.3690556810486271
176266,0.5344626194772317
176267,0.5007794710504907
176268,0.12634248549002142
176269,0.6158048549911145
176270,0.4703596474881943
176271,0.1418773662514033
176272,0.23655014748592182
176273,0.38107726080692295
176274,0.9154080746837803
176275,0.9895464523840906
176276,0.9941823735007114
176277,0.5474113834588518
176278,0.2181609937233264
176279,0.07352479990546357
176280,0.8436467428109136
176281,0.742674562882634
176282,0.04961344598924648
176283,0.1728744074429259
176284,0.5434163102612932
176285,0.9375968657537235
176286,0.4370310106762536
176287,0.25856622776916743
176288,0.8829702619295432
176289,0.9854741138345886
176290,0.19853104930892962
176291,0.41146981424500384
176292,0.9892237559142082
176293,0.51270106035333
176294,0.0353102658382609
176295,0.26763808909149583
176296,0.8842610478090729
176297,0.961694565518746
176298,0.3442625931161116
176299,0.671717699674122
176300,0.6048695351807328
176301,0.7692947491375823
176302,0.45628371837233717
176303,0.9377104912712877
176304,0.8875698228805433
176305,0.05663550297471605
176306,0.7893928306843437
176307,0.869548815794856
176308,0.5640461592302554
176309,0.7688175219638125
176310,0.2946491471268652
176311,0.00233614064112062
176312,0.8424786724903532
176313,0.9769976502242969
176314,0.6771853595793129
176315,0.7268306207134775
176316,0.8917330618440967
176317,0.6138005008612815
176318,0.21185705000886282
176319,0.4092745692456629
176320,0.10925775266906339
176321,0.2591979856468246
176322,0.372487171679067
176323,0.9643170424641285
176324,0.43404493207466555
176325,0.04281409501820281
176326,0.7669813335999746
176327,0.6296717131546534
176328,0.020848009962685383
176329,0.09410010862599479
176330,0.4710595806763899
176331,0.707364297044373
176332,0.3925761631844233
176333,0.39268524368128493
176334,0.5801809827243763
176335,0.4442485035519337
176336,0.31096577144908893
176337,0.6112416542057348
176338,0.7977556687770714
176339,0.8706168956599597
176340,0.1908772344458029
176341,0.5778084819176352
176342,0.5614191372641703
176343,0.06320305788992868
176344,0.5110739429418101
176345,0.5660914185464114
176346,0.9215438526322487
176347,0.8057185450479727
176348,0.2151294649147127
176349,0.32281918544138966
176350,0.44237141000177255
176351,0.41196067648088136
176352,0.8294344630739794
176353,0.36551510992132563
176354,0.7800209979956458
176355,0.669481549488458
176356,0.6570645529290386
176357,0.036623776821303425
176358,0.9675258270801425
176359,0.7024556746855982
176360,0.6863708464192054
176361,0.7350071129573995
176362,0.7547506828893606
176363,0.10605351307375205
176364,0.11873866585462296
176365,0.8896423523209149
176366,0.5906799805473115
176367,0.3846632821412501
176368,0.518777753032665
176369,0.022329686711722974
176370,0.4673962939901191
176371,0.7674403806909341
176372,0.10558083092068483
176373,0.8511914771771786
176374,0.41667840797014827
176375,0.07459287977056735
176376,0.9540134805314038
176377,0.8169402011626163
176378,0.08349203030619803
176379,0.21338872198562864
176380,0.04481844914803587
176381,0.3037755486976243
176382,0.7500556765036065
176383,0.14213643243144974
176384,0.8952963580749111
176385,0.4092745692456629
176386,0.3610882597570232
176387,0.7046054694779135
176388,0.6800214524977162
176389,0.22617841024265867
176390,0.5984701460315152
176391,0.5928297753396267
176392,0.9197303893719236
176393,0.4594788679262434
176394,0.8486599006458474
176395,0.3384676917203358
176396,0.6120097627044692
176397,0.10560810104490025
176398,0.8787252125933434
176399,0.09731343826271129
176400,0.21704746365119693
176401,0.5562650837874566
176402,0.9440553401720745
176403,0.048236304716367986
176404,0.6856300080446867
176405,0.9962139977547598
176406,0.9729207666540921
176407,0.40594761409138214
176408,0.7233718599588221
176409,0.9147354116197999
176410,0.9097767940332969
176411,0.7180905459024366
176412,0.09297748851246017
176413,0.6319714936301535
176414,0.32493716508878695
176415,0.5067925334399899
176416,0.6813713236463792
176417,0.0878052549529363
176418,0.4905486294490071
176419,0.26887433472259464
176420,0.24838083637470967
176421,0.791797146636003
176422,0.8031733334545339
176423,0.12130205753087205
176424,0.6694679144263503
176425,0.6680998631948769
176426,0.6620868008053777
176427,0.1537035101194886
176428,0.9939096722585571
176429,0.5827261943178152
176430,0.5523563659832471
176431,0.4847491830325287
176432,0.5572877134455347
176433,0.9491275832761419
176434,0.9548543093613792
176435,0.8215488521550216
176436,0.4345267042691379
176437,0.025315765313311003
176438,0.4929484003799637
176439,0.5033110475818218
176440,0.8867471741333782
176441,0.013403266051876866
176442,0.7856840937910472
176443,0.7136000654482981
176444,0.7000013635062109
176445,0.5950022952354548
176446,0.4076201817099277
176447,0.500184073338454
176448,0.13073752050940593
176449,0.0613805045881984
176450,0.029351743697192543
176451,0.9713118293253826
176452,0.060303334681689476
176453,0.7512555619690847
176454,0.06028969961958177
176455,0.22863272142204608
176456,0.7060916912476537
176457,0.27714627240127077
176458,0.6638139086723541
176459,0.5914889942323688
176460,0.1989037410065403
176461,0.6737538689488731
176462,0.7991691702155703
176463,0.2596979379241072
176464,0.15803945986973972
176465,0.08595088650628803
176466,0.08325114420896186
176467,0.586284945527927
176468,0.9943050890596806
176469,0.8571000040905187
176470,0.08611450725158053
176471,0.29108130587534825
176472,0.9583630653437627
176473,0.7451106939792111
176474,0.4745819717208812
176475,0.78979279250617
176476,0.33882220333513613
176477,0.6957926743356316
176478,0.8937874112016579
176479,0.4407488376109553
176480,0.9522500124988069
176481,0.2284100154076202
176482,0.4203825998427423
176483,0.8390789970048315
176484,0.7512419269069771
176485,0.011348916694315541
176486,0.4413715054472073
176487,0.04740911094850037
176488,0.10577626681089532
176489,0.30596170365556014
176490,0.3368860245158416
176491,0.7358888469736979
176492,0.20264429304475481
176493,0.868853427627363
176494,0.15989837333709056
176495,0.22785097786120415
176496,0.6379209257298167
176497,0.08327841433317729
176498,0.8043686738993097
176499,0.8062412224287682
176500,0.7511283013894129
176501,0.25673458442603203
176502,0.3178014825857532
176503,0.4288317933288186
176504,0.04997704764545202
176505,0.25952522713740955
176506,0.49003958713031937
176507,0.4291590348194036
176508,0.3718099635943841
176509,0.5359306611641615
176510,0.8814794951391004
176511,0.19448143586294037
176512,0.22946446021061626
176513,0.4456347348662173
176514,0.00973543434490344
176515,0.8607223855904664
176516,0.48706259857013645
176517,0.952377273078479
176518,0.9813154198917377
176519,0.10315378986551282
176520,0.11716154367083141
176521,0.6874389262843092
176522,0.35089832334186283
176523,0.16882933901763925
176524,0.325368942055531
176525,0.4415033110475818
176526,0.5402075256452794
176527,0.6113916398889198
176528,0.829775339626672
176529,0.7165043336772399
176530,0.6999740933819953
176531,0.13356906840710658
176532,0.22588298389699166
176533,0.6135596147640453
176534,0.8269347016875662
176535,0.44028070047859064
176536,0.17717399702755646
176537,0.2252375909572268
176538,0.3363951622799642
176539,0.40330241204248685
176540,0.7231400639029911
176541,0.7647270033315001
176542,0.8980915458069911
176543,0.6984924166329578
176544,0.0319333154562519
176545,0.5615600329059499
176546,0.5459115266270038
176547,0.09424100426777443
176548,0.712282009444553
176549,0.9134309906781626
176550,0.8312888315206276
176551,0.6387163043527663
176552,0.8313388267483559
176553,0.1190159121174797
176554,0.1928134132650974
176555,0.45794265092877495
176556,0.6240040723385496
176557,0.6578417514691779
176558,0.4742501852095936
176559,0.5021247971784513
176560,0.3525390758154903
176561,0.455451979583767
176562,0.7160134714413625
176563,0.8640538857654497
176564,0.3021029810790788
176565,0.9816744765272406
176566,0.8711941132891861
176567,0.6550511087578004
176568,0.5046154685234591
176569,0.7302484762818094
176570,0.6698269710618532
176571,0.7204539566677727
176572,0.3257189086496289
176573,0.9967321301148527
176574,0.2640884279227892
176575,0.15051290558628494
176576,0.8790070038769027
176577,0.1293512891951223
176578,0.46870980497316167
176579,0.5616827484649193
176580,0.19988546547829525
176581,0.5897709764067975
176582,0.6328577726671545
176583,0.7363069888783343
176584,0.029660805104967256
176585,0.5632916857936288
176586,0.36546056967289486
176587,0.4590561810009044
176588,0.999600038178174
176589,0.06174410624440395
176590,0.11030765245135692
176591,0.24209507274305633
176592,0.5803446034696688
176593,0.7607728353202649
176594,0.4981615391258107
176595,0.4872898496052649
176596,0.6869162489035139
176597,0.28351384640557037
176598,0.19968093954667965
176599,0.8243804000527222
176600,0.09867694447348206
176601,0.7267442653201286
176602,0.24374037023738643
176603,0.3800773562523577
176604,0.5348216761127347
176605,0.92982488035233
176606,0.19629035410256296
176607,0.2939583039800746
176608,0.5822626022061531
176609,0.23560023815908482
176610,0.9937596865753724
176611,0.45490203207875607
176612,0.24704005526745174
176613,0.761922725558015
176614,0.13188741074715596
176615,0.11175296903477394
176616,0.2561800919003186
176617,0.8639402602478854
176618,0.8754255275632781
176619,0.1829870785061426
176620,0.3837860931456542
176621,0.38673126656091916
176622,0.518082364865172
176623,0.03593747869521546
176624,0.1677839842560483
176625,0.3477168088500643
176626,0.8230941591938952
176627,0.8168447557278623
176628,0.5964112516532513
176629,0.435349353016303
176630,0.9700574036114734
176631,0.7761440953363543
176632,0.8292435722044714
176633,0.7467559914735412
176634,0.8125451661432318
176635,0.8033369541998264
176636,0.571109121402048
176637,0.8256984560564674
176638,0.14431804236868298
176639,0.20499406874798315
176640,0.6896159912008399
176641,0.48062230423459573
176642,0.8350702887451653
176643,0.889196940292063
176644,0.46544193508801435
176645,0.9958140359329337
176646,0.9811018039187169
176647,0.11555260634212187
176648,0.15726226132960036
176649,0.8837565505110876
176650,0.7651178751119212
176651,0.3077115366260493
176652,0.18071002313415538
176653,0.7274123833634063
176654,0.511223928624995
176655,0.7692311188477464
176656,0.39845741997354794
176657,0.80406870253294
176658,0.7928652265011068
176659,0.7953195376804941
176660,0.6446339213075116
176661,0.11382549847514555
176662,0.4781316328895878
176663,0.09502274782861635
176664,0.3935578876561782
176665,0.6477790756336895
176666,0.7346662364047069
176667,0.4530840237977284
176668,0.5962703560114717
176669,0.5160598306525286
176670,0.43038619040909726
176671,0.7848159948368565
176672,0.6015971202748829
176673,0.19695392712513807
176674,0.3230237113730053
176675,0.633212284281955
176676,0.4830084401034447
176677,0.1946677817117457
176678,0.6800623576840393
176679,0.36593325182596204
176680,0.5002567936696952
176681,0.44689825062153155
176682,0.8665945523381859
176683,0.15673503892810234
176684,0.37697765213320544
176685,0.657378159357516
176686,0.7168588452920402
176687,0.829648079047
176688,0.9307384295135465
176689,0.021670658709850424
176690,0.5905527199676395
176691,0.8286663545752452
176692,0.33196831211566163
176693,0.4164784270592352
176694,0.7745578831111576
176695,0.9820198981006358
176696,0.41467405384031525
176697,0.3808727348753073
176698,0.9243663104885442
176699,0.6885024611287105
176700,0.6680271428636357
176701,0.05286313579158353
176702,0.7572140841101531
176703,0.9060998722849183
176704,0.3480758654855673
176705,0.12850591534444442
176706,0.13725962521759286
176707,0.3333181832643248
176708,0.4303225601192613
176709,0.7438289981410866
176710,0.4465073788411106
176711,0.7477149908417833
176712,0.29562178155721497
176713,0.6520923002804279
176714,0.11665704637284623
176715,0.7040282518486872
176716,0.606005790356375
176717,0.02332959126628822
176718,0.6160048359020276
176719,0.850500634030388
176720,0.4474118379609219
176721,0.373668877061735
176722,0.7846932792778872
176723,0.8777343980801833
176724,0.5580467319028638
176725,0.6425568468464373
176726,0.6305579921916544
176727,0.39400784470573263
176728,0.16977470332377365
176729,0.8922875543698102
176730,0.8053913035573876
176731,0.8006008517368798
176732,0.3265688275210093
176733,0.7218947282304872
176734,0.037273714781770835
176735,0.28984960526495196
176736,0.6240904277318983
176737,0.8032915039928007
176738,0.16858390789970049
176739,0.9890601351689157
176740,0.7571186386753992
176741,0.7244626649274388
176742,0.2153385358670309
176743,0.3572022670563264
176744,0.24713095568150314
176745,0.9242572299916827
176746,0.06278037096458974
176747,0.4667145408847337
176748,0.5334945300675844
176749,0.6058103544661646
176750,0.9748842155976021
176751,0.5870530540266611
176752,0.03765095150008408
176753,0.15723953622608752
176754,0.6698451511446635
176755,0.8851200567218583
176756,0.39991182659837016
176757,0.40879279705119054
176758,0.8178264801996173
176759,0.613677785302312
176760,0.709359561132801
176761,0.07072506715268088
176762,0.17010194481435864
176763,0.8807522918266893
176764,0.359433872221288
176765,0.040064357493148385
176766,0.2243376768581181
176767,0.6444430304380037
176768,0.23756823212329733
176769,0.09617263806636639
176770,0.32662791279014275
176771,0.16430249839788022
176772,0.5983201603483305
176773,0.654496616232087
176774,0.9602265238318162
176775,0.17144727094231915
176776,0.6314624513114657
176777,0.8769844696642594
176778,0.8978370246476474
176779,0.04115516246176502
176780,0.764413396903023
176781,0.6737993191558987
176782,0.921362051804146
176783,0.9500729475822762
176784,0.6148231305193596
176785,0.04917257898109726
176786,0.7017330163938896
176787,0.09720435776584962
176788,0.019843560387417566
176789,0.5347580458228988
176790,0.32944128060503314
176791,0.7295439980729113
176792,0.23315501702110253
176793,0.8383608837338253
176794,0.9002595206821168
176795,0.7228128224124061
176796,0.3377995736770581
176797,0.9278568863881176
176798,0.33334999840924273
176799,0.7427745533380905
176800,0.6653637607319302
176801,0.7409883602019808
176802,0.12023397766576827
176803,0.9685711818417333
176804,0.8265392848864427
176805,0.7467287213493258
176806,0.24709005049518
176807,0.6790988132950946
176808,0.297426154776135
176809,0.7615045836533786
176810,0.28319114993568795
176811,0.47857704491843955
176812,0.017298348793978756
176813,0.610228114589062
176814,0.7283213875039201
176815,0.4502797460242431
176816,0.8756936837847296
176817,0.5316128914967208
176818,0.9931461087805256
176819,0.8273482985714999
176820,0.6979833743142699
176821,0.24731730153030848
176822,0.4127333300003181
176823,0.7107776075920027
176824,0.5919071361370052
176825,0.28717258807113866
176826,0.8707714263638471
176827,0.4822903268324387
176828,0.4863763004440485
176829,0.38593134291726694
176830,0.49649351652796775
176831,0.19422691470359646
176832,0.8314342721831098
176833,0.13325091695792676
176834,0.20422596024924897
176835,0.4731048399925461
176836,0.8899286886251767
176837,0.4094518250530631
176838,0.14873580249158036
176839,0.35574786043150425
176840,0.4768090318651401
176841,0.6221996991196296
176842,0.43415855759222977
176843,0.8832975034201281
176844,0.3482849364378855
176845,0.3294867308120588
176846,0.3490257748124042
176847,0.8904559110266748
176848,0.01741651933224556
176849,0.5725044427577367
176850,0.25981156344167144
176851,0.1982810731702883
176852,0.15475795492248468
176853,0.4640329786702178
176854,0.47345935160734653
176855,0.497429790792697
176856,0.520118534139923
176857,0.6355347898609679
176858,0.39783475213729597
176859,0.9970502815640326
176860,0.0816467519009549
176861,0.5434344903441036
176862,0.651119665850078
176863,0.2936310624894896
176864,0.6922248330841148
176865,0.024920348512187475
176866,0.900341331054763
176867,0.6657273623881357
176868,0.17477877111730244
176869,0.9554360720113081
176870,0.29723980892732965
176871,0.6107417019284522
176872,0.7019420873462079
176873,0.20939364878807024
176874,0.6668863426672909
176875,0.8699033274096564
176876,0.24889442371410003
176877,0.09535907936060649
176878,0.3726916976106826
176879,0.14013662332231924
176880,0.3831225201230791
176881,0.9408238304525477
176882,0.350516541602847
176883,0.32735966112325643
176884,0.4937210538994005
176885,0.05673094840947
176886,0.06528013235100286
176887,0.5552606342121889
176888,0.27166952245467474
176889,0.7079369696528968
176890,0.8979961003722372
176891,0.7669222483308412
176892,0.3932851864140241
176893,0.6434385808627359
176894,0.29853059480685934
176895,0.3389312838319979
176896,0.5913980938183174
176897,0.0975179641943269
176898,0.9350152939946641
176899,0.14477254443893994
176900,0.32618704578199353
176901,0.18036460156076012
176902,0.9777566686816259
176903,0.5588284754637057
176904,0.6381163616200272
176905,0.3014212279736934
176906,0.16191636252903133
176907,0.020316242540484773
176908,0.721031174296999
176909,0.3983074342903632
176910,0.4174237913653696
176911,0.9839833470441458
176912,0.6859299794110563
176913,0.14386808531912862
176914,0.8090318651401458
176915,0.451356915930752
176916,0.2722740102081165
176917,0.9563678012553347
176918,0.46244222142431857
176919,0.8928784070611442
176920,0.8323705464478391
176921,0.07377932106480745
176922,0.44506206225769357
176923,0.9137855022929631
176924,0.41912817412883313
176925,0.2148158584862354
176926,0.8388244758454875
176927,0.8831520627576459
176928,0.4083428400016362
176929,0.5168642993168834
176930,0.544379854650238
176931,0.0952681789465551
176932,0.125397121183887
176933,0.5885074606514833
176934,0.8948145858804387
176935,0.48730802968807524
176936,0.6097327073324819
176937,0.1670113307366115
176938,0.21386594915939844
176939,0.5620599851832326
176940,0.9573268006235769
176941,0.5441980538221352
176942,0.07498375155098831
176943,0.5968339385785902
176944,0.985342308234214
176945,0.937792301643934
176946,0.640293426536558
176947,0.972089027865522
176948,0.5779130173937943
176949,0.6306034423986802
176950,0.6739947550461093
176951,0.6279809654532977
176952,0.6111234836674682
176953,0.4894169192940674
176954,0.9845423845905619
176955,0.8880015998472873
176956,0.3924716277082642
176957,0.8887515282632112
176958,0.5403029710800332
176959,0.527072415814854
176960,0.42941810099945005
176961,0.7806891160389235
176962,0.7415064925620737
176963,0.9955231546079693
176964,0.13605973975211458
176965,0.344912531076579
176966,0.4751410092672972
176967,0.06601642570481908
176968,0.275160098354248
176969,0.008735529790338195
176970,0.5943023620472592
176971,0.5977929379468323
176972,0.11262106798896468
176973,0.6125688002508852
176974,0.49159852923130065
176975,0.6953654423895901
176976,0.3893719235891119
176977,0.5140963817090187
176978,0.1666568191218111
176979,0.8640357056826394
176980,0.29420373509801334
176981,0.18247803618745487
176982,0.6895341808281937
176983,0.14862672199471869
176984,0.5041700564946073
176985,0.4104880897732489
176986,0.9295067289031501
176987,0.4176555874212007
176988,0.35213456897296164
176989,0.6446839165352398
176990,0.8251439635307539
176991,0.9483549297567051
176992,0.23417310165847804
176993,0.2822639657123638
176994,0.01551670067857159
176995,0.8070911413001486
176996,0.31666068238940825
176997,0.42976352257284534
176998,0.09819971729971229
176999,0.3148199490048677
177000,0.8788797432972307
177001,0.8710804877716218
177002,0.8779752841774194
177003,0.6740083901082169
177004,0.3629562632657791
177005,0.4693642879543316
177006,0.2798505597192995
177007,0.2343139973002577
177008,0.7825752996304899
177009,0.9862058621677022
177010,0.6419978093000214
177011,0.19642670472364002
177012,0.6249994318724122
177013,0.38155448798069275
177014,0.7544552565436936
177015,0.3700192254375718
177016,0.68535276178183
177017,0.01832097845205685
177018,0.12515623508665083
177019,0.5247453652151386
177020,0.5037155544243505
177021,0.12072483990164574
177022,0.906313488257939
177023,0.8541457406338486
177024,0.1976993105203594
177025,0.16812940582944358
177026,0.18487326209770885
177027,0.7512464719276797
177028,0.1187795710409461
177029,0.56124188145677
177030,0.6670045132055576
177031,0.6921657478149813
177032,0.9551815508519641
177033,0.09535907936060649
177034,0.17122910994859583
177035,0.5093422900541312
177036,0.058567136773308
177037,0.29515818944555294
177038,0.06917976011380732
177039,0.16795215002204336
177040,0.9271524081792193
177041,0.7280441412410634
177042,0.7022420587125774
177043,0.8712441085169144
177044,0.754682507578822
177045,0.7813845042064167
177046,0.4058203535117102
177047,0.6568373018939102
177048,0.18126906068057141
177049,0.39008094681871275
177050,0.6747492284827358
177051,0.6336440612486991
177052,0.8091409456370073
177053,0.5589057408156495
177054,0.47915426254766585
177055,0.08985505928979505
177056,0.43627653723962706
177057,0.3191695338172265
177058,0.6708814158648493
177059,0.4163238963553479
177060,0.7581503583748824
177061,0.4612468809795428
177062,0.5632962308143314
177063,0.8130860236068376
177064,0.12904222778734759
177065,0.35050745156144186
177066,0.023406856618231896
177067,0.4694188282027625
177068,0.5996654864762909
177069,0.5639734388990142
177070,0.17714672690334105
177071,0.27720535767040416
177072,0.43213147835888394
177073,0.959699301430318
177074,0.15957567686720814
177075,0.7556142368228488
177076,0.7593320637575505
177077,0.47224583107976054
177078,0.29316747037782753
177079,0.5461160525586194
177080,0.8697124365401485
177081,0.1081624026797442
177082,0.5031247017330165
177083,0.6110189481913091
177084,0.937992282554847
177085,0.017239263524845356
177086,0.786711268469828
177087,0.3050254293908308
177088,0.5703001077169907
177089,0.43958531231109754
177090,0.31299739570313745
177091,0.1553488076138187
177092,0.48854427531917405
177093,0.03728734984387854
177094,0.8766663182150795
177095,0.05444025797537508
177096,0.7245990155485159
177097,0.6861617754668873
177098,0.9104812722421951
177099,0.5207093868312571
177100,0.5632235104830903
177101,0.606005790356375
177102,0.31233836770126483
177103,0.6693270187845706
177104,0.8656582780734566
177105,0.21018448239031728
177106,0.04442303234691234
177107,0.7206039423509575
177108,0.6301489403284232
177109,0.12324278137086914
177110,0.6143322682834821
177111,0.9572177201267152
177112,0.03581021811554352
177113,0.7150226569282023
177114,0.014339540316606142
177115,0.4456210998041096
177116,0.8003645106603461
177117,0.47561369142036436
177118,0.05079060635121193
177119,0.6867526281582212
177120,0.5822489671440453
177121,0.08730984769635625
177122,0.57631317010649
177123,0.5638143631744242
177124,0.05945341581030902
177125,0.5112375636871026
177126,0.2666927247853614
177127,0.00928547729534908
177128,0.2680335058926193
177129,0.10357647679085177
177130,0.5237909108675991
177131,0.5790356375073289
177132,0.14415442162339048
177133,0.5750905595374988
177134,0.9051317828752711
177135,0.556251448725349
177136,0.08338749483003895
177137,0.3879129719435872
177138,0.5287040782470764
177139,0.753859858831657
177140,0.34726230677980735
177141,0.5036882843001351
177142,0.1829552633612246
177143,0.50712886497198
177144,0.9998136541511947
177145,0.7736125188050232
177146,0.5327673267551734
177147,0.6052876770853691
177148,0.5258089000595398
177149,0.1782693470168757
177150,0.5895528154130742
177151,0.9429736252448631
177152,0.21838369973775232
177153,0.9471959494775498
177154,0.9239208984596925
177155,0.9554133469077952
177156,0.008917330618440966
177157,0.7801255334718049
177158,0.2816140277518964
177159,0.9182941628299117
177160,0.2354002572481718
177161,0.09776794033296822
177162,0.40201617118365973
177163,0.2441448770799151
177164,0.4627194676871753
177165,0.644333949941142
177166,0.4276909931324737
177167,0.23794092382090803
177168,0.3258279891464905
177169,0.41259243435853843
177170,0.918280527767804
177171,0.6246403752369092
177172,0.8417969193849678
177173,0.5118420514405443
177174,0.051208748255848306
177175,0.6335349807518373
177176,0.2646611005313129
177177,0.5868939783020711
177178,0.4989160125624372
177179,0.42555937842296865
177180,0.9604946800532677
177181,0.5480613214193191
177182,0.81521309329564
177183,0.9995091377641225
177184,0.43758550320196704
177185,0.9201530762972626
177186,0.231905136327896
177187,0.5385713181923544
177188,0.7425109421373415
177189,0.23442307779711938
177190,0.7977647588184764
177191,0.9902463855722863
177192,0.7709673167561278
177193,0.41849187123047343
177194,0.27468741620118076
177195,0.656532785506838
177196,0.16465246499197803
177197,0.4266138232259648
177198,0.7778257529963049
177199,0.6066193681512219
177200,0.5045018430058948
177201,0.666072783961531
177202,0.6750673799319157
177203,0.6928384108789616
177204,0.09472277646224678
177205,0.3755596056740038
177206,0.6123551842778644
177207,0.6947018693670151
177208,0.9839469868785252
177209,0.9183532480990452
177210,0.18372337185995882
177211,0.41790101853913947
177212,0.5803491484903714
177213,0.5249817062916722
177214,0.3784456938201353
177215,0.8099363242599571
177216,0.06798896468973416
177217,0.13955486067239037
177218,0.3654423895900845
177219,0.9036364710641257
177220,0.3020029906236223
177221,0.1768285754541612
177222,0.9022638748119498
177223,0.5479613309638626
177224,0.49288022506942514
177225,0.41617845569286566
177226,0.4335177096731675
177227,0.22706923430036224
177228,0.9664804723185514
177229,0.13397357524963527
177230,0.14506797078460693
177231,0.14722231059762478
177232,0.7904518205080424
177233,0.7338526776989469
177234,0.2441903272869408
177235,0.5355625144872536
177236,0.8223442307779713
177237,0.5197958376700406
177238,0.6468973416173911
177239,0.5943023620472592
177240,0.1869412465173779
177241,0.045527472377636685
177242,0.350189300112262
177243,0.44493480167802163
177244,0.5386258584407853
177245,0.16767035873848407
177246,0.7049008958235805
177247,0.7701673931124757
177248,0.8298935101649388
177249,0.8415923934533522
177250,0.9462778552956309
177251,0.8205489476004563
177252,0.6169138400425415
177253,0.05215411256198273
177254,0.37591411728880425
177255,0.9157716763399858
177256,0.8793024302225697
177257,0.12944218960917367
177258,0.9239345335218002
177259,0.3918216897477968
177260,0.11215747587730261
177261,0.25432117843296775
177262,0.6403706918885015
177263,0.753891673976575
177264,0.5031746969607447
177265,0.6553192649792521
177266,0.829089041500584
177267,0.2411951586439476
177268,0.6753400811740697
177269,0.21716563418946375
177270,0.03684193781502675
177271,0.13960031087941607
177272,0.6485608191945315
177273,0.5566014153194468
177274,0.20647120047631817
177275,0.6860436049286205
177276,0.15906663454852038
177277,0.8580499134173556
177278,0.3513891855777403
177279,0.10575808672808504
177280,0.22934628967234946
177281,0.8146449657078189
177282,0.39535771585439566
177283,0.619904463664832
177284,0.7193676967198586
177285,0.9235754768862973
177286,0.6136323350952864
177287,0.21420228069138855
177288,0.6386663091250381
177289,0.7952786324941711
177290,0.4098199717299712
177291,0.05506747083232964
177292,0.7787892973852497
177293,0.588257484512842
177294,0.5395484976434068
177295,0.6002336140641121
177296,0.2206380300062267
177297,0.3738143177242172
177298,0.6023425036701042
177299,0.1974220642575027
177300,0.3400311788420196
177301,0.1190886324487208
177302,0.9129764886079056
177303,0.153467169042955
177304,0.17329709436826485
177305,0.31973311638434515
177306,0.2750055676503606
177307,0.37914108198762847
177308,0.2093391085396394
177309,0.3254098472418542
177310,0.9269433372269011
177311,0.7734079928734077
177312,0.14127287849796155
177313,0.949959322064712
177314,0.8709577722126524
177315,0.9091132210107217
177316,0.7118138723121884
177317,0.7938514959935643
177318,0.8802568845701092
177319,0.17870566900432233
177320,0.4334768044868444
177321,0.4702687470741429
177322,0.7918744119879466
177323,0.6313806409388195
177324,0.1750969225664823
177325,0.10842146885979065
177326,0.1558078547047782
177327,0.44971616345712456
177328,0.7483876539057636
177329,0.7188859245253862
177330,0.8672990305470842
177331,0.12695606328486828
177332,0.4030797060280609
177333,0.4716731584712368
177334,0.6769217483785639
177335,0.5626781079987819
177336,0.4473618427331936
177337,0.6704041886910795
177338,0.4558155812399725
177339,0.9153671694974571
177340,0.7787165770540085
177341,0.4421077988010235
177342,0.48927147863158515
177343,0.6669681530399372
177344,0.6297262534030843
177345,0.009885420028088227
177346,0.08226487471650433
177347,0.8016007562914449
177348,0.184323314592698
177349,0.6902113889128765
177350,0.6987651178751119
177351,0.724894441894183
177352,0.6135277996191273
177353,0.4106926157048645
177354,0.3523481849459824
177355,0.568577544870717
177356,0.65420118988642
177357,0.6565918707759714
177358,0.824003163334409
177359,0.8003826907431563
177360,0.15314447257307257
177361,0.678798841928725
177362,0.6074011117120638
177363,0.6082373955213366
177364,0.40359329336745126
177365,0.03506483472032215
177366,0.24223142336413342
177367,0.4734275364624285
177368,0.6624231323373678
177369,0.7699355970566446
177370,0.9456188272937583
177371,0.9383058889833243
177372,0.4985387758441239
177373,0.7303848269028865
177374,0.7559823834997569
177375,0.7969921052990396
177376,0.7327573277096278
177377,0.7878793387903883
177378,0.963308047868158
177379,0.28970870962317236
177380,0.5525836170183756
177381,0.3441489675985474
177382,0.5251907772439903
177383,0.06852527713263733
177384,0.6681589484640102
177385,0.10309470459637943
177386,0.061894091927588726
177387,0.22209243663104886
177388,0.9357424973070753
177389,0.9935687957058644
177390,0.6307488830611624
177391,0.7115502611114394
177392,0.0015816672044941164
177393,0.9027592820685298
177394,0.8322751010130851
177395,0.6173865221956086
177396,0.3399448234486708
177397,0.6842574117925108
177398,0.21352507260670575
177399,0.5109739524863537
177400,0.38486780807286575
177401,0.3327818708214216
177402,0.16212088846064693
177403,0.6546829620808924
177404,0.6052649519818564
177405,0.47060507860613304
177406,0.15243544934347175
177407,0.07312938310434003
177408,0.46910522177428515
177409,0.052249557996736674
177410,0.1881229519000459
177411,0.38164538839474416
177412,0.6123551842778644
177413,0.018270983224328588
177414,0.12613795955840582
177415,0.4394716867935333
177416,0.7902427495557242
177417,0.32934583517027916
177418,0.6164184327859613
177419,0.175374168829339
177420,0.8644992977943015
177421,0.40401143527208766
177422,0.7669722435585695
177423,0.296771671794965
177424,0.5511655705591739
177425,0.15606237586412208
177426,0.023865903709191394
177427,0.6124688097954287
177428,0.08307843342226423
177429,0.5689320564855174
177430,0.07554278909740432
177431,0.5249089859604311
177432,0.42249148944873444
177433,0.320514859945187
177434,0.4771362733557251
177435,0.06623913171924498
177436,0.06863435762949899
177437,0.2546620549856604
177438,0.8987005785811355
177439,0.3158016734766227
177440,0.40405234045841076
177441,0.5379622854182101
177442,0.30680253248553546
177443,0.11332554619786293
177444,0.6549511183023439
177445,0.876016380254612
177446,0.5364715186277674
177447,0.5804854991114485
177448,0.7189813699601403
177449,0.4288681534944392
177450,0.15458069911508446
177451,0.6765672367637635
177452,0.20987087596184
177453,0.8602497034373991
177454,0.6695042745919708
177455,0.8893514709959505
177456,0.2810504451847778
177457,0.3411492539348516
177458,0.9356106917067007
177459,0.3085114602697015
177460,0.7888428831793329
177461,0.45729271296830754
177462,0.7149544816176637
177463,0.5536335168006691
177464,0.6037514600879007
177465,0.34184918712304735
177466,0.6202226151140119
177467,0.32847319119538587
177468,0.3238690852236832
177469,0.7955331536535148
177470,0.4124878988823794
177471,0.5195549515728044
177472,0.3842996804850446
177473,0.8991232655064744
177474,0.8744165329673077
177475,0.4394126015243999
177476,0.013580521859277068
177477,0.8899423236872844
177478,0.5812308825066699
177479,0.04808177401248063
177480,0.35238454511160294
177481,0.33180923639107174
177482,0.31396548511278466
177483,0.00428140950182028
177484,0.512773780684571
177485,0.0120806650274292
177486,0.25250317015194
177487,0.007249308020598033
177488,0.027238309070497815
177489,0.6729539453052209
177490,0.454047568186673
177491,0.9952913585521382
177492,0.385045063880266
177493,0.5985792265283769
177494,0.2346139686666273
177495,0.62174065202867
177496,0.5470841419682667
177497,0.10509905872621249
177498,0.5138873107567006
177499,0.995791310829421
177500,0.9868921602937901
177501,0.11751151026492924
177502,0.9155535153462625
177503,0.09777703037437335
177504,0.3470396007653815
177505,0.9952868135314357
177506,0.7464060248794433
177507,0.456929111312102
177508,0.29640807013875947
177509,0.28673172106298944
177510,0.10076310897596137
177511,0.2182655291994855
177512,0.502011171660887
177513,0.4817540143895355
177514,0.022906904340949275
177515,0.021343417219265436
177516,0.769172033578613
177517,0.43690375009658167
177518,0.695070016043923
177519,0.8151721881093169
177520,0.5134418987278487
177521,0.06941155616963834
177522,0.15058562591752606
177523,0.27323755459706117
177524,0.9175033292276646
177525,0.9095995382258967
177526,0.05325855259270706
177527,0.41671476813576885
177528,0.4603469668804341
177529,0.9104949073043028
177530,0.45824716731584714
177531,0.8536276082737557
177532,0.9308747801346235
177533,0.05210866235495702
177534,0.03706464382945264
177535,0.5656914567245854
177536,0.1538216806577554
177537,0.5806854800223615
177538,0.036778307525190776
177539,0.5590875416437522
177540,0.7746896887115321
177541,0.6374073383904264
177542,0.6537285077333527
177543,0.46952790869962413
177544,0.9328200489953232
177545,0.06933429081769467
177546,0.15180369146581463
177547,0.7247626362938083
177548,0.41126074329268564
177549,0.13834588516550694
177550,0.667422655110194
177551,0.1785920434867581
177552,0.029974411533444534
177553,0.7260488771526356
177554,0.9693074751955495
177555,0.4270092400270883
177556,0.03376495879938733
177557,0.5737861385958614
177558,0.5702728375927753
177559,0.027697356161457316
177560,0.06301216702042077
177561,0.22062893996482155
177562,0.16592052576799488
177563,0.03202421587030329
177564,0.5554697051645071
177565,0.19302702923811818
177566,0.16817031101576668
177567,0.15227637361888186
177568,0.3487303484667372
177569,0.47551824598561043
177570,0.7330209389103768
177571,0.7779121083896537
177572,0.29175396893932853
177573,0.302216606596643
177574,0.7217992827957331
177575,0.40772017216538414
177576,0.6919248617177451
177577,0.8541184705096332
177578,0.8036096554419806
177579,0.6599824562200881
177580,0.4880670481454043
177581,0.26414296817122
177582,0.5095604510478545
177583,0.8398289254207553
177584,0.9768840247067326
177585,0.49870239658941645
177586,0.8359247526372483
177587,0.27761895455433794
177588,0.28077319892192104
177589,0.17722399225528473
177590,0.317824207689266
177591,0.36365619645397484
177592,0.40823375950477453
177593,0.34059930642984076
177594,0.8638084546475109
177595,0.4910803968712077
177596,0.2468991596256721
177597,0.49674349266660905
177598,0.881061353234464
177599,0.6806304852718604
177600,0.6784806904795452
177601,0.0836011108030597
177602,0.09640897914289999
177603,0.6693633789501912
177604,0.43790819967184946
177605,0.6411842505942614
177606,0.591370823694102
177607,0.14229550815603964
177608,0.21172069938778573
177609,0.6068602542484581
177610,0.5624326768808432
177611,0.39095359079360603
177612,0.3865312856500061
177613,0.2997168452102299
177614,0.39768931147481373
177615,0.6029106312579254
177616,0.3990846328305025
177617,0.48725348943964436
177618,0.013975938660400597
177619,0.026538375882302147
177620,0.360456501879366
177621,0.7586775807763804
177622,0.07469741524672645
177623,0.21637934560791924
177624,0.3889719617672858
177625,0.7057962649019867
177626,0.33977211266197316
177627,0.18386881252244106
177628,0.3818590043677649
177629,0.6212088846064694
177630,0.9608855518336886
177631,0.5389758250348831
177632,0.659550679253344
177633,0.28987233036846477
177634,0.97097095277269
177635,0.15958476690861328
177636,0.6046059239799838
177637,0.54845219319974
177638,0.9744751637343708
177639,0.28234577608501005
177640,0.8042868635266633
177641,0.11177114911758422
177642,0.27802800641756925
177643,0.5336354257093642
177644,0.5868258029915326
177645,0.6923611837051918
177646,0.4637102822003354
177647,0.723626381118166
177648,0.7778757482240332
177649,0.39221256152821776
177650,0.6483562932629158
177651,0.9609310020407144
177652,0.06138504960890097
177653,0.197376614050477
177654,0.3825952977215811
177655,0.9562814458619859
177656,0.3501620299880466
177657,0.523622745101604
177658,0.4556383254325723
177659,0.8973188922875543
177660,0.6085146417841933
177661,0.15838488144313498
177662,0.8532821867003604
177663,0.35809309111403
177664,0.22505124510842148
177665,0.9805473113930034
177666,0.18338249530726614
177667,0.6242949536635141
177668,0.7413928670445095
177669,0.17207448379927373
177670,0.9267615363987983
177671,0.29756705041791465
177672,0.6018789115584422
177673,0.7394294181009995
177674,0.13242826821076173
177675,0.9321973811590712
177676,0.3811636162002718
177677,0.04580017361979084
177678,0.7683766549556633
177679,0.05683093886492653
177680,0.695724499025093
177681,0.2958444875716409
177682,0.050631530626622005
177683,0.14483162970807334
177684,0.7601956176910386
177685,0.1773876130005772
177686,0.2664836538330432
177687,0.057776303171060944
177688,0.5714954481617663
177689,0.23964076156366892
177690,0.8654492071211385
177691,0.9860786015880302
177692,0.15649869785156872
177693,0.7487194404170511
177694,0.729357652224106
177695,0.17500147713172834
177696,0.4383172515350807
177697,0.37141909181396315
177698,0.9161352779961913
177699,0.5988746528740438
177700,0.6031015221274333
177701,0.6528013235100286
177702,0.1426863799364606
177703,0.800228160039269
177704,0.21223428672717606
177705,0.2350821057989919
177706,0.15244908440557947
177707,0.7133409992682517
177708,0.8167993055208367
177709,0.5315492612068848
177710,0.8348839428963599
177711,0.09871784965980519
177712,0.04525931615618509
177713,0.680339603946896
177714,0.8324841719654034
177715,0.26140232068757074
177716,0.632525986155867
177717,0.11109394103290139
177718,0.016262084073792957
177719,0.8821157980374601
177720,0.3585294131014767
177721,0.1376823121429318
177722,0.8811340735657052
177723,0.3821226155685139
177724,0.7006831166115962
177725,0.03198785570468274
177726,0.6647819980820013
177727,0.1413592338913104
177728,0.7858568045777449
177729,0.4944573472532167
177730,0.21072988487462563
177731,0.43886265401938906
177732,0.5649006231223384
177733,0.3006667545370669
177734,0.3109794065111966
177735,0.6622276964471574
177736,0.9081451316010745
177737,0.5052245012976034
177738,0.43634925757086823
177739,0.819962639929825
177740,0.5795764949709347
177741,0.9521091168570273
177742,0.7864431122483763
177743,0.7990010044495752
177744,0.015743951713700056
177745,0.1741061080533222
177746,0.13001940723839997
177747,0.841974175192368
177748,0.5289086041786921
177749,0.1967266760900096
177750,0.19553133564523387
177751,0.10534903486485381
177752,0.22926902432040577
177753,0.5276632685061882
177754,0.039787111230291654
177755,0.5531517446061966
177756,0.856463701192159
177757,0.8534821676112735
177758,0.7027601910726704
177759,0.2084482844819358
177760,0.9752932674608332
177761,0.4211734334449893
177762,0.6769172033578613
177763,0.07626544738911285
177764,0.7905290858599862
177765,0.9512773780684571
177766,0.8117225173960667
177767,0.4806904795451343
177768,0.12616068466191865
177769,0.35297539780293696
177770,0.31496538966734994
177771,0.3609519091359461
177772,0.17006558464873808
177773,0.9026820167165862
177774,0.9943005440389782
177775,0.029565359670213297
177776,0.8183218874561974
177777,0.08902786552192744
177778,0.888701533035483
177779,0.7659405238590862
177780,0.09508183309774976
177781,0.02676108189672804
177782,0.9954231641525128
177783,0.5359579312883771
177784,0.6113734598061095
177785,0.7396703041982357
177786,0.6697497057099094
177787,0.2760236522877362
177788,0.6376391344462574
177789,0.7484967344026252
177790,0.21177523963621656
177791,0.8991732607342027
177792,0.2793778775662323
177793,0.6305670822330596
177794,0.04602287963421673
177795,0.6287445289313293
177796,0.061080533221828825
177797,0.5230773426172957
177798,0.557528599542771
177799,0.211411637980011
177800,0.3514073656605506
177801,0.8485371850868781
177802,0.4197690220478954
177803,0.5121465678276165
177804,0.4261229609900873
177805,0.22199244617559233
177806,0.48048140859281613
177807,0.8111043945805174
177808,0.6560555583330683
177809,0.9730025770267383
177810,0.19588584726003427
177811,0.8421832461446862
177812,0.8706305307220675
177813,0.0907958785752269
177814,0.01928452284100154
177815,0.9618718213261462
177816,0.11702064802905177
177817,0.8725121692929312
177818,0.09544088973325272
177819,0.6511423909535908
177820,0.15165370578262985
177821,0.15926207043873086
177822,0.6944655282904814
177823,0.11572077210811695
177824,0.32795505883529297
177825,0.779598311070307
177826,0.15396712132023763
177827,0.5766131414728595
177828,0.3123610928047777
177829,0.3215693047481831
177830,0.5992246194681418
177831,0.5540834738502235
177832,0.4595061380504588
177833,0.18168265756450522
177834,0.7162452674971934
177835,0.4896487153498984
177836,0.45396121279332424
177837,0.6662500397689313
177838,0.6077965285131873
177839,0.8644856627321937
177840,0.14987205766722267
177841,0.954549792974307
177842,0.6644911167570369
177843,0.5131055671958586
177844,0.9033637698219716
177845,0.6094372809868149
177846,0.7201903454670235
177847,0.6702360229250844
177848,0.9189122856454611
177849,0.22298326068875246
177850,0.1500765835988383
177851,0.22931447452743148
177852,0.5074106562555393
177853,0.2666472745783357
177854,0.4505933524527204
177855,0.5443525845260225
177856,0.9311611164388854
177857,0.7627181041809645
177858,0.03465123783638834
177859,0.066175501429409
177860,0.8261438680853191
177861,0.4858354429804428
177862,0.056908204216870206
177863,0.2687743442671381
177864,0.8561273696601689
177865,0.6340940182982533
177866,0.18570500088627906
177867,0.8023961349143945
177868,0.2010898959644761
177869,0.9169715618054641
177870,0.4715777130364829
177871,0.371769058408061
177872,0.9939278523413674
177873,0.3530617531962858
177874,0.6812713331909227
177875,0.7991873502983806
177876,0.49087132591888955
177877,0.8062684925529836
177878,0.8118725030792515
177879,0.4856627321937451
177880,0.7321664750182937
177881,0.9102312961035538
177882,0.02831547897700674
177883,0.4188918330522995
177884,0.5336217906472565
177885,0.5410074492889315
177886,0.9932642793187922
177887,0.4287908881424955
177888,0.6600415414892216
177889,0.1724471754968844
177890,0.4723867267215402
177891,0.05704000981724471
177892,0.3394176010471727
177893,0.802000718113271
177894,0.22684652828593635
177895,0.9938187718445057
177896,0.8760118352339096
177897,0.9298521504765455
177898,0.37495966294126465
177899,0.48030869780611846
177900,0.26234313997300257
177901,0.37129183123429127
177902,0.37425972975306904
177903,0.6505151780966363
177904,0.9859513410083584
177905,0.8120861190522722
177906,0.3506483472032215
177907,0.30613441444225775
177908,0.357174996932111
177909,0.4782952536348803
177910,0.7354343449034411
177911,0.2757782211697974
177912,0.5676503606473928
177913,0.6803986892160294
177914,0.07802437040100717
177915,0.14673599338244986
177916,0.8146995059562496
177917,0.8625449388921966
177918,0.37104185509564996
177919,0.2883633834952118
177920,0.11113484621922452
177921,0.4518386881252244
177922,0.8946964153421719
177923,0.01325328036869208
177924,0.10194026933792684
177925,0.23509574086109963
177926,0.3588157494057385
177927,0.15379895555424256
177928,0.4574290635893846
177929,0.5270633257734489
177930,0.06262584026070238
177931,0.1369869239754387
177932,0.7490512269283387
177933,0.2154839765295131
177934,0.9065407392930674
177935,0.4199826380209162
177936,0.3305229955322446
177937,0.8281164070702343
177938,0.5127465105603556
177939,0.1233064116607051
177940,0.7209811790692706
177941,0.4739002186154958
177942,0.4977706673453897
177943,0.6529831243381314
177944,0.5536835120283973
177945,0.7367887610728067
177946,0.7056190090945864
177947,0.02941082896632594
177948,0.8694442803186969
177949,0.9879375150553811
177950,0.6635321173887948
177951,0.1026856527331482
177952,0.5982428949963867
177953,0.3909763158971189
177954,0.6644456665500111
177955,0.6543511755696048
177956,0.5156325987064871
177957,0.6186500379509229
177958,0.03669649715254453
177959,0.3233464078428877
177960,0.43964439758023094
177961,0.8792297098913286
177962,0.05660823285050064
177963,0.9662077710763972
177964,0.6199226437476424
177965,0.4203280595943114
177966,0.45520654846582825
177967,0.5186868526186137
177968,0.6067920789379196
177969,0.5326173410719887
177970,0.6731266560919186
177971,0.6353120838465419
177972,0.9380831829688985
177973,0.3980620031724244
177974,0.6577690311379368
177975,0.2533530890233205
177976,0.40504769999227347
177977,0.813113293731053
177978,0.10678980642756827
177979,0.4082246694633694
177980,0.2096345348853064
177981,0.3923080069629717
177982,0.20304425486658093
177983,0.6874389262843092
177984,0.35116193454261185
177985,0.9011594347812254
177986,0.8176446793715145
177987,0.736088827884611
177988,0.7925379850105218
177989,0.640725203503302
177990,0.6307261579576495
177991,0.3213284186509469
177992,0.11079396966653182
177993,0.600192708877789
177994,0.2863226691997582
177995,0.26513832770508267
177996,0.3719508592361638
177997,0.18096454429349926
177998,0.5737179632853228
177999,0.5360670117852386
178000,0.5630326196135823
178001,0.23762731739243073
178002,0.17967830343467214
178003,0.949463914808132
178004,0.5744224414942211
178005,0.5365624190418188
178006,0.7803527845069334
178007,0.33229100858554406
178008,0.8743619927188768
178009,0.8033642243240419
178010,0.8944873443898537
178011,0.6252039578040278
178012,0.6969243844905714
178013,0.18887742533667243
178014,0.787765713272824
178015,0.5972157203176061
178016,0.26613368723894537
178017,0.08270119670395099
178018,0.5989519182259876
178019,0.7503374677871658
178020,0.9267978965644189
178021,0.22154703414674054
178022,0.039182623476849934
178023,0.03044254866580917
178024,0.2876952654519341
178025,0.8913331000222706
178026,0.5915298994186919
178027,0.7383976984015161
178028,0.5318855927388749
178029,0.26589280114170916
178030,0.04896350802877907
178031,0.9534362629021775
178032,0.5631235200276337
178033,0.06433931306557102
178034,0.43063162152703605
178035,0.3805863985710455
178036,0.7292076665409211
178037,0.43045436571963586
178038,0.49678894287363473
178039,0.17200630848873516
178040,0.096081737652315
178041,0.9461960449229846
178042,0.6548738529504001
178043,0.9978729303111976
178044,0.18245985610464457
178045,0.2096208998231987
178046,0.39907099776839483
178047,0.99442780461865
178048,0.5403984165147873
178049,0.4881534035387531
178050,0.25818899105085424
178051,0.2548074956481427
178052,0.3785911344826175
178053,0.691515809854514
178054,0.09604992250739701
178055,0.5419391785329583
178056,0.47587275760041087
178057,0.34059930642984076
178058,0.12919221347053236
178059,0.2594661418682762
178060,0.5872893951031947
178061,0.6355347898609679
178062,0.9899691393094296
178063,0.8007871975856851
178064,0.9574131560169257
178065,0.998459237981829
178066,0.7900291335827035
178067,0.056649138036823754
178068,0.34348993959667484
178069,0.8908104226414751
178070,0.792874316542512
178071,0.03790092763872539
178072,0.6567736716040742
178073,0.3149381195431345
178074,0.10072674881034083
178075,0.06906158957554051
178076,0.21801100804014162
178077,0.4844628467282668
178078,0.7940787470286927
178079,0.16373437081005904
178080,0.459356152367274
178081,0.9564768817521965
178082,0.316019834470346
178083,0.26034333086387207
178084,0.021125256225542108
178085,0.7225355761495493
178086,0.8456874571063672
178087,0.5582694379172898
178088,0.5731952859045273
178089,0.12551074670145124
178090,0.776453156744129
178091,0.9199894555519701
178092,0.7111230291653978
178093,0.3294094654601152
178094,0.12057939923916353
178095,0.7635998381972631
178096,0.43653560341967357
178097,0.5854259366151413
178098,0.6504515478068003
178099,0.0291653978483872
178100,0.40741565577831207
178101,0.7961876366346848
178102,0.6539193986028606
178103,0.1648660809649988
178104,0.6455565605101331
178105,0.8869835152099118
178106,0.2766826802896087
178107,0.5103194695051837
178108,0.9336336077010831
178109,0.6212225196685771
178110,0.8909740433867677
178111,0.17781029992591618
178112,0.5632280555037928
178113,0.5794310543084524
178114,0.6023243235872939
178115,0.8822248785343217
178116,0.7627362842637749
178117,0.03407402020716204
178118,0.1749787520282155
178119,0.8717576958563047
178120,0.3933260916003472
178121,0.09323655469250662
178122,0.5002158884833721
178123,0.9028365474204735
178124,0.7864749273932943
178125,0.31596529422191516
178126,0.29638080001454403
178127,0.5555197003922353
178128,0.39078997004831356
178129,0.5796401252607706
178130,0.8375791401729835
178131,0.2628839974366083
178132,0.8402470673253917
178133,0.8451693247462743
178134,0.2976034105835352
178135,0.14364537930470275
178136,0.024579471959494777
178137,0.7766440476136369
178138,0.09548179491957585
178139,0.8764527022420587
178140,0.9768385744997069
178141,0.4725594375082378
178142,0.9591311738424969
178143,0.7716490698615133
178144,0.1023584112425632
178145,0.13818680944091702
178146,0.9333790865417393
178147,0.4173965212411543
178148,0.9774839674394717
178149,0.3111157571322737
178150,0.6884479208802796
178151,0.9204575926843347
178152,0.7956149640261612
178153,0.36556056012835136
178154,0.32124206325759813
178155,0.9906645274769227
178156,0.862963080796833
178157,0.511782966171411
178158,0.030710704887260763
178159,0.017575595056835484
178160,0.04666827257398158
178161,0.05070879597856569
178162,0.6152412724239958
178163,0.8779298339703938
178164,0.3822089709618627
178165,0.03908263302139341
178166,0.3280368692079392
178167,0.586748537639589
178168,0.316147095050018
178169,0.7475377350343831
178170,0.1445680185073243
178171,0.020748019507228856
178172,0.6723812726966972
178173,0.19950368373927943
178174,0.10858963462578572
178175,0.577008558273983
178176,0.7121047536371529
178177,0.7650087946150594
178178,0.8816476609050955
178179,0.5660686934428987
178180,0.917457879020639
178181,0.7449970684616469
178182,0.6337122365592376
178183,0.2643838542684562
178184,0.5921207521100259
178185,0.7082096708950509
178186,0.2612523350043859
178187,0.5039246253766686
178188,0.7463605746724177
178189,0.3880402325232591
178190,0.8339249435281179
178191,0.3019893555615145
178192,0.5115148099499593
178193,0.9706891614891306
178194,0.40359329336745126
178195,0.02884270137850478
178196,0.1591984401488949
178197,0.9591811690702251
178198,0.41112439267160855
178199,0.5125601647115503
178200,0.9054181191795329
178201,0.12096572599888192
178202,0.20983451579621948
178203,0.8854018480054177
178204,0.5129692165747816
178205,0.13919125901618482
178206,0.15216729312202018
178207,0.1652796778489326
178208,0.8351748242213244
178209,0.7792437994555066
178210,0.27085596374891485
178211,0.6253993936942384
178212,0.8744983433399539
178213,0.735920662118616
178214,0.7275032837774577
178215,0.9932551892773872
178216,0.8858563500756745
178217,0.9978183900627667
178218,0.6190863599383696
178219,0.3294094654601152
178220,0.323660014271365
178221,0.21205703091977585
178222,0.6055512882861182
178223,0.023865903709191394
178224,0.041455133828134594
178225,0.021093441080624123
178226,0.8419469050681526
178227,0.55352898132451
178228,0.937265079242436
178229,0.105230864326587
178230,0.7444834811222566
178231,0.8794160557401339
178232,0.18730484817358345
178233,0.8547865885529109
178234,0.6165229682621205
178235,0.165961430954318
178236,0.024624922166520468
178237,0.17020648029051774
178238,0.3274869217029283
178239,0.12618795478613404
178240,0.13144654373900674
178241,0.8898650583353407
178242,0.3186332213743233
178243,0.06765717817844659
178244,0.4896350802877907
178245,0.36941019266342756
178246,0.6185091423091432
178247,0.5763177151271924
178248,0.23182787097595228
178249,0.927293303820999
178250,0.7386931247471833
178251,0.1670567809436372
178252,0.021616118461419594
178253,0.6108598724667191
178254,0.20008999140991088
178255,0.6810304470936865
178256,0.6583189786429477
178257,0.2008126497016194
178258,0.5908481463133064
178259,0.7038555410619896
178260,0.21986083146608731
178261,0.7116820667118139
178262,0.35370714613605064
178263,0.9917735125283496
178264,0.22178792024397673
178265,0.8155357897655224
178266,0.18499143263597567
178267,0.5237091004949528
178268,0.9833106839801655
178269,0.8960190163666195
178270,0.9567541280150531
178271,0.5651278741574668
178272,0.20155803309684078
178273,0.43932624613105115
178274,0.09290476818121907
178275,0.5625781175433254
178276,0.9174078837929107
178277,0.34729866694542794
178278,0.9830243476759037
178279,0.8644493025665733
178280,0.2632112389271933
178281,0.09475459160716476
178282,0.3143972620795288
178283,0.5691502174792407
178284,0.6093918307797892
178285,0.20919821289785975
178286,0.8770526449747978
178287,0.7962421768831157
178288,0.4507751532808232
178289,0.8721076624504025
178290,0.2121070261475041
178291,0.4843583112521077
178292,0.480176892205744
178293,0.04903168333931761
178294,0.2885270042405043
178295,0.8803068797978375
178296,0.2982669836061103
178297,0.8151585530472092
178298,0.5432026942882725
178299,0.37129183123429127
178300,0.7101049445280223
178301,0.9583676103644652
178302,0.9302657473604793
178303,0.7697447061871366
178304,0.01097167997600229
178305,0.9454052113207375
178306,0.22197426609278206
178307,0.14809040955181552
178308,0.29729889419646305
178309,0.002540666572736239
178310,0.5625053972120844
178311,0.567204948618541
178312,0.010430822512396543
178313,0.7723490030497089
178314,0.409347289576904
178315,0.35247544552565435
178316,0.9288886060876008
178317,0.06624367673994754
178318,0.7726671544988888
178319,0.9250526086146322
178320,0.47279577858477145
178321,0.4413033301366688
178322,0.028283663832088756
178323,0.8530413006031242
178324,0.43520845737452335
178325,0.1292785688638812
178326,0.09295930842964989
178327,0.23619563587112138
178328,0.021934269910599446
178329,0.7438653583067071
178330,0.12930129396739404
178331,0.738706759809291
178332,0.8951463723917262
178333,0.796755764222506
178334,0.5213502347503193
178335,0.7765667822616932
178336,0.7058508051504175
178337,0.8893651060580581
178338,0.6589552815413074
178339,0.42470945955158823
178340,0.6324396307625181
178341,0.12353366269583357
178342,0.8353338999459142
178343,0.6447839069906964
178344,0.758123088250667
178345,0.41733743597202083
178346,0.5221365233318638
178347,0.6113552797232992
178348,0.1303421037082824
178349,0.1927134228096409
178350,0.7652769508365111
178351,0.6921975629598993
178352,0.4148058594406897
178353,0.7059689756886842
178354,0.8987551188295663
178355,0.7560414687688903
178356,0.020429868058049007
178357,0.8952918130542085
178358,0.3999436417432881
178359,0.07771985401393502
178360,0.44346675999109175
178361,0.14139104903622837
178362,0.8182855272905769
178363,0.9770203753278097
178364,0.4170465546470564
178365,0.6561010085400939
178366,0.29464460210616256
178367,0.8923148244940255
178368,0.16551147390476362
178369,0.7555596965744179
178370,0.5350216570236478
178371,0.4982933447261852
178372,0.6998695579058363
178373,0.8578362974443349
178374,0.39410329014048656
178375,0.5058244440303425
178376,0.8737984101517583
178377,0.7652587707537007
178378,0.15279450597897476
178379,0.37245081151344644
178380,0.6249358015825762
178381,0.5930933865403758
178382,0.3893264733820862
178383,0.10777153089932325
178384,0.2409451825053063
178385,0.37749578449329835
178386,0.8526186136777854
178387,0.601701655751042
178388,0.38651310556719587
178389,0.050558810295380896
178390,0.43184514205462204
178391,0.1548124951709155
178392,0.9179396512151113
178393,0.041323328227760074
178394,0.17704219142718194
178395,0.36442430495270905
178396,0.8960871916771581
178397,0.2657837206448475
178398,0.4079156080555947
178399,0.7704764545202504
178400,0.4872853045845624
178401,0.33395448616268447
178402,0.14764045250226115
178403,0.6900932183746097
178404,0.2208834611241654
178405,0.2296099008730985
178406,0.6706587098504234
178407,0.3514709959503865
178408,0.6548147676812668
178409,0.4090745883347498
178410,0.3200739929370378
178411,0.8065411937951378
178412,0.7144227141954631
178413,0.33394994114198184
178414,0.18646856436431067
178415,0.2717058826202953
178416,0.6927611455270178
178417,0.36721949268478915
178418,0.5644052158657583
178419,0.35178005735816126
178420,0.6401707109775886
178421,0.7845023884083793
178422,0.739170351920953
178423,0.5420118988641993
178424,0.3432854136650592
178425,0.7925698001554398
178426,0.8486008153767141
178427,0.2452993123383677
178428,0.7104003708736893
178429,0.027111048490825875
178430,0.011289831425182141
178431,0.3356088736984197
178432,0.426991059944278
178433,0.810031769694711
178434,0.8185627735534335
178435,0.8831747878611588
178436,0.310774880579581
178437,0.4501615754859763
178438,0.021779739206712088
178439,0.6360756473245736
178440,0.8031642434131288
178441,0.22711468450738792
178442,0.20831193386085875
178443,0.2504851809599993
178444,0.07378841110621259
178445,0.8305025429390831
178446,0.3440444321223883
178447,0.504701823916808
178448,0.21882002172519896
178449,0.1959585675912754
178450,0.6561828189127402
178451,0.19896737129637626
178452,0.9118265983701557
178453,0.951859140718386
178454,0.46583280686843526
178455,0.06348030415278541
178456,0.21334327177860293
178457,0.1353598065639189
178458,0.7196949382104436
178459,0.009621808827339207
178460,0.37176451338735844
178461,0.0687797982919812
178462,0.049458915285359124
178463,0.8933601792556166
178464,0.4655282904813631
178465,0.8542093709236845
178466,0.07325209866330941
178467,0.20873007576549513
178468,0.03577840297062553
178469,0.7830934319905827
178470,0.43632653246735537
178471,0.26647001877093546
178472,0.7000604487753442
178473,0.7881429499911372
178474,0.9128946782352594
178475,0.846332850046132
178476,0.8422196063103068
178477,0.9719254071202295
178478,0.8385835897482513
178479,0.5581558123997256
178480,0.8028688170674618
178481,0.8164220688025234
178482,0.38609950868326204
178483,0.34529431281559486
178484,0.675094650056131
178485,0.4369401102622022
178486,0.03444216688407016
178487,0.20456229178123905
178488,0.2688606996604869
178489,0.10382645292949308
178490,0.9540725658005372
178491,0.23806818440057995
178492,0.6711404820448957
178493,0.2433131382913449
178494,0.7794619604492299
178495,0.2150112943764459
178496,0.1017675585512292
178497,0.7048054503888266
178498,0.772548983960622
178499,0.18729121311147573
178500,0.06748446739174897
178501,0.22300144077156273
178502,0.5538107726080692
178503,0.6954608878243441
178504,0.05179051090577717
178505,0.017775575967748532
178506,0.5833306820712568
178507,0.5901573031665159
178508,0.15594875034655784
178509,0.10165393303366496
178510,0.04470482363047164
178511,0.5659732480081447
178512,0.5858077183541572
178513,0.4854536612414269
178514,0.19102267510828513
178515,0.8791660796014926
178516,0.15032201471677706
178517,0.7728989505547198
178518,0.7333936306079875
178519,0.8765935978838384
178520,0.14472709423191424
178521,0.3430581626299308
178522,0.4306816167547643
178523,0.777243990346376
178524,0.4095881756741402
178525,0.14349539362151795
178526,0.4663463942078256
178527,0.20473954758863927
178528,0.4567973057117275
178529,0.8406152140022998
178530,0.9239618036460157
178531,0.17548324932620069
178532,0.44663009440007995
178533,0.08859154353448079
178534,0.4932483717463333
178535,0.2510169483821999
178536,0.7854159375695956
178537,0.5828534548974871
178538,0.8661355052472265
178539,0.20304425486658093
178540,0.17325164416123914
178541,0.7463378495689048
178542,0.23444580290063222
178543,0.5412210652619522
178544,0.3209829970775517
178545,0.1889683257507238
178546,0.7549779339244891
178547,0.2510078583407947
178548,0.5289358743029074
178549,0.15220365328764074
178550,0.25318946827802796
178551,0.8999413692329369
178552,0.06097599774566973
178553,0.7089323291867595
178554,0.17343344498934193
178555,0.7662450402461584
178556,0.21490221387958422
178557,0.686375391439908
178558,0.3072843046800078
178559,0.8856700042268693
178560,0.171533626335668
178561,0.40386144958890285
178562,0.9423918625949341
178563,0.11209384558746664
178564,0.41989628262756734
178565,0.9890055949204849
178566,0.20747110503088342
178567,0.8089591448089046
178568,0.6573372541711928
178569,0.71093213829589
178570,0.9034319451325101
178571,0.9554042568663901
178572,0.9447916335258907
178573,0.9709255025656642
178574,0.007631089759613855
178575,0.07823344135332536
178576,0.024052249557996737
178577,0.9660896005381305
178578,0.7865749178487509
178579,0.31158389426463834
178580,0.1516264356584144
178581,0.011594347812254284
178582,0.4691552170020134
178583,0.7173178923829998
178584,0.2774098836020198
178585,0.5018384608741893
178586,0.926638820839829
178587,0.7294758227623727
178588,0.6687997963830726
178589,0.11968403016075738
178590,0.6094191009040048
178591,0.5092468446193773
178592,0.26400661755014293
178593,0.0001863458488053413
178594,0.3012530622076983
178595,0.7592229832606888
178596,0.5670958681216793
178597,0.3640516132550984
178598,0.17750123851814145
178599,0.42040986996695767
178600,0.6791397184814177
178601,0.11153935306175318
178602,0.39063543934442624
178603,0.826861981356325
178604,0.10503542843637652
178605,0.929793065207412
178606,0.052954036205634915
178607,0.9565086968971144
178608,0.5104149149399375
178609,0.34388990141850095
178610,0.7081414955845124
178611,0.7384249685257317
178612,0.49864331132028306
178613,0.18120997541143802
178614,0.13860040632485082
178615,0.5582603478758846
178616,0.6298898741483767
178617,0.12540621122529214
178618,0.433744960708296
178619,0.8042050531540171
178620,0.5947341390140032
178621,0.26471564077974374
178622,0.2962489944141695
178623,0.31042036896478065
178624,0.47846341940087533
178625,0.5911163025347581
178626,0.8897377977556687
178627,0.015089468732530077
178628,0.9175715045382032
178629,0.29556269628808157
178630,0.42531394730502997
178631,0.005308584180600942
178632,0.501652115025384
178633,0.23840906095327266
178634,0.04358220351693702
178635,0.6363528935874303
178636,0.15817126547011423
178637,0.3422945991518991
178638,0.7918835020293518
178639,0.8945964248867154
178640,0.8776162275419165
178641,0.9174033387722081
178642,0.7619045454752047
178643,0.13959122083801093
178644,0.7554415260361511
178645,0.8276846301034901
178646,0.1799828198217443
178647,0.5841624208598271
178648,0.7716536148822158
178649,0.8227441925997974
178650,0.7723035528426833
178651,0.9340517496057195
178652,0.9018684580108263
178653,0.5381213611428001
178654,0.5004204144149876
178655,0.1447180041905091
178656,0.857972648065412
178657,0.8511505719908554
178658,0.07487467105412665
178659,0.23325500747655906
178660,0.7142727285122784
178661,0.6391071761331873
178662,0.25594375082378495
178663,0.8351339190350012
178664,0.47026420205344033
178665,0.9728934965298768
178666,0.45108875970930046
178667,0.0501588484735548
178668,0.47300484953708966
178669,0.7086459928824976
178670,0.8604633194104199
178671,0.7773985210502634
178672,0.023211420728021417
178673,0.6507197040282519
178674,0.38884015616691137
178675,0.4873534798951009
178676,0.17582412587889337
178677,0.2366864981069989
178678,0.1700019543589021
178679,0.21180705478113454
178680,0.9905463569386559
178681,0.24573563432581436
178682,0.09132310097672494
178683,0.31370187391203563
178684,0.8450693342908178
178685,0.1005085878166175
178686,0.07896973470714158
178687,0.2500124988069321
178688,0.8581180887278942
178689,0.6502879270615078
178690,0.4762681744015344
178691,0.35654323905445384
178692,0.4197281168615723
178693,0.31815599420055357
178694,0.6248994414169557
178695,0.06148049504365492
178696,0.8754028024597652
178697,0.8895650869689712
178698,0.49263024893078383
178699,0.9727707809709074
178700,0.774162466310034
178701,0.4884761000086355
178702,0.32008762799914553
178703,0.8533230918866835
178704,0.24674462892178475
178705,0.9101313056480973
178706,0.6471564077974375
178707,0.24237686402661565
178708,0.24079519682212153
178709,0.1148390380918185
178710,0.05201776194090564
178711,0.9727253307638817
178712,0.12079301521218427
178713,0.4285772721694747
178714,0.5481522218333705
178715,0.6175955931479268
178716,0.8801614391353553
178717,0.19156353257189088
178718,0.7807845614736776
178719,0.3392948854882034
178720,0.23610928047777258
178721,0.05644915712591071
178722,0.4142831820598943
178723,0.2818776389526454
178724,0.08772344458029005
178725,0.48795342262784
178726,0.6076829029956231
178727,0.8544775271451361
178728,0.7731489266933611
178729,0.5393030665254681
178730,0.33830861599574585
178731,0.3364042523213693
178732,0.6264492934765319
178733,0.5057744488026144
178734,0.8787388476554511
178735,0.30438458147176856
178736,0.7550551992764327
178737,0.07338844928438648
178738,0.3874221097077097
178739,0.3257325437117366
178740,0.32828230032587796
178741,0.6001972538984915
178742,0.28294117379704664
178743,0.6189181941723745
178744,0.4084110153121747
178745,0.5062834911213021
178746,0.0883097522509215
178747,0.7049463460306062
178748,0.429354470709614
178749,0.3805045881983992
178750,0.6943700828557274
178751,0.7281895819035455
178752,0.8759800200889916
178753,0.5317537871385005
178754,0.12486535376168638
178755,0.33628608178310254
178756,0.8291753968939329
178757,0.2755009749069407
178758,0.8903741006540284
178759,0.35096195363169874
178760,0.8029097222537849
178761,0.6753128110498543
178762,0.1849868876152731
178763,0.3412856045559287
178764,0.8288345203412403
178765,0.8876425432117844
178766,0.8491689429645352
178767,0.5278087091686703
178768,0.49820698933283636
178769,0.4050658800750837
178770,0.41062898541502857
178771,0.14528158675762767
178772,0.19168624813086024
178773,0.9596220360783744
178774,0.15678957917653316
178775,0.7082687561641844
178776,0.21749287568004871
178777,0.2919448598088364
178778,0.31409729071315917
178779,0.08361020084446484
178780,0.45062971261834095
178781,0.0953999845469296
178782,0.9395830398007463
178783,0.7938787661177796
178784,0.2355866030969771
178785,0.04600469955140645
178786,0.9216165729634899
178787,0.35614782225333036
178788,0.04519114084564656
178789,0.06313942760009271
178790,0.48688534276273626
178791,0.10635802946082419
178792,0.5533517255171098
178793,0.6280491407638362
178794,0.09634989387376658
178795,0.044591198112907404
178796,0.7476877207175678
178797,0.5627599183714281
178798,0.08390562719013184
178799,0.543302684743729
178800,0.4364810631712427
178801,0.0781379959185714
178802,0.2215833943123611
178803,0.42300507678812477
178804,0.7019829925325309
178805,0.2692333913580976
178806,0.2065848259938824
178807,0.6963471668613451
178808,0.49321201158071276
178809,0.24576744947073234
178810,0.10645347489557813
178811,0.7239354425259408
178812,0.7730443912172019
178813,0.5704819085450935
178814,0.9218938192263466
178815,0.2628340022088801
178816,0.08665990973588884
178817,0.781866276400889
178818,0.08455102012989668
178819,0.7821889728707715
178820,0.6863663013985029
178821,0.44731639252616795
178822,0.06561646388299298
178823,0.3082387590275474
178824,0.2101572122661019
178825,0.3198376518605042
178826,0.13934124469936962
178827,0.8850155212456993
178828,0.39891646706450745
178829,0.5407938333159108
178830,0.43586748537639586
178831,0.12128842246876434
178832,0.2882270328741347
178833,0.8808250121579304
178834,0.6031287922516487
178835,0.20872098572408998
178836,0.31566077783484303
178837,0.09413646879161533
178838,0.6104371855413802
178839,0.28367292213016027
178840,0.4684552838138178
178841,0.7394385081424045
178842,0.8924602651565078
178843,0.39774385172324456
178844,0.46298762390862686
178845,0.6938246803714191
178846,0.5653324000890824
178847,0.8779661941360143
178848,0.694342812731512
178849,0.2343730825693911
178850,0.46061512310188574
178851,0.1895591784420578
178852,0.551006494834584
178853,0.08968689352380001
178854,0.9548588543820817
178855,0.7116729766704089
178856,0.8828793615154917
178857,0.5743997163907082
178858,0.5067016330259384
178859,0.77028101863004
178860,0.341599210984406
178861,0.4232141477404429
178862,0.005949432099663214
178863,0.9526681544034433
178864,0.6807486558101272
178865,0.4104517296076284
178866,0.5007885610918958
178867,0.6333395448616269
178868,0.6318987732989124
178869,0.9571495448161766
178870,0.5349989319201349
178871,0.8810113580067358
178872,0.3546888706078056
178873,0.426727448743529
178874,0.8388244758454875
178875,0.42787733898127905
178876,0.43825362124524475
178877,0.30206662091345826
178878,0.5797855659232528
178879,0.7718217806482109
178880,0.5149144854354811
178881,0.618436421977902
178882,0.4054840219797201
178883,0.453815772130842
178884,0.17671949495729952
178885,0.4694051931406547
178886,0.6212906949791156
178887,0.5722181064534749
178888,0.42770917321528396
178889,0.7694947300484953
178890,0.29562632657791754
178891,0.8764254321178433
178892,0.6884070156939565
178893,0.6919339517591503
178894,0.676930838419969
178895,0.1402775189640989
178896,0.5869712436540149
178897,0.38183173424354944
178898,0.7732716422523306
178899,0.9968775707773349
178900,0.1160525586194045
178901,0.8083001168070321
178902,0.715754405261316
178903,0.12321551124665373
178904,0.30655710136759673
178905,0.15492157566777717
178906,0.5731952859045273
178907,0.37776848573545246
178908,0.20538494052840411
178909,0.5469296112643793
178910,0.7822253330363921
178911,0.29720799378241164
178912,0.03764186145867895
178913,0.10243567659450688
178914,0.18969098404243231
178915,0.6024652192290736
178916,0.11349825698456056
178917,0.2663927534189918
178918,0.4915121738379518
178919,0.39125810718067816
178920,0.3788911058489871
178921,0.30912049304384576
178922,0.5602237968193945
178923,0.22091982128978596
178924,0.5915071743151791
178925,0.6166047786347667
178926,0.28934965298766935
178927,0.7481876729948506
178928,0.9216302080255976
178929,0.83948350384736
178930,0.4444621195249544
178931,0.9788474736502425
178932,0.31201112621067983
178933,0.6984242413224192
178934,0.4311088487008058
178935,0.9691938496779853
178936,0.3490803150608351
178937,0.09035501156707768
178938,0.7011830688888788
178939,0.6521786556737766
178940,0.81259516137096
178941,0.04448666263674831
178942,0.8688079774203372
178943,0.47953149926597916
178944,0.44293953758959365
178945,0.5474477436244722
178946,0.2966262311324828
178947,0.009385467750805603
178948,0.02572481717654224
178949,0.783470668708896
178950,0.8126542466400934
178951,0.3193058844383036
178952,0.4827448289026956
178953,0.9681257698128816
178954,0.7065870985042337
178955,0.5158007644724822
178956,0.9247344571654524
178957,0.42589116493425627
178958,0.22536939655760133
178959,0.15865303766458658
178960,0.04612287008967326
178961,0.870857781757196
178962,0.0454956572327187
178963,0.18420514405443117
178964,0.9922371046400117
178965,0.9196122188336568
178966,0.18003281504947255
178967,0.10020407142954536
178968,0.2235513882765736
178969,0.885556378709305
178970,0.26555646960971907
178971,0.5022384226960155
178972,0.23778639311702066
178973,0.6009017321073898
178974,0.2153930761154617
178975,0.4255411983401584
178976,0.3393039755296085
178977,0.20677571686339033
178978,0.2688788797432972
178979,0.18260529676712678
178980,0.8650946955063381
178981,0.20721658387153952
178982,0.12577435790220023
178983,0.3173197103912808
178984,0.07546097872475808
178985,0.65404211416183
178986,0.47846341940087533
178987,0.1012176110462183
178988,0.15363078978824748
178989,0.6262629476277265
178990,0.7139318519595858
178991,0.4526204316860663
178992,0.9373423445943797
178993,0.16599779111993856
178994,0.31650615168552093
178995,0.071093213829589
178996,0.2750691979401966
178997,0.1653660332422814
178998,0.8301616663863904
178999,0.27672813049663436
179000,0.4476709041409684
179001,0.783334318087819
179002,0.2509033228646356
179003,0.8197308438739939
179004,0.6577826662000446
179005,0.9899555042473218
179006,0.28130496634412167
179007,0.9389921871094122
179008,0.7308620540766563
179009,0.31317465151053764
179010,0.3763867994418714
179011,0.11168933874493797
179012,0.3281277696219906
179013,0.2249603446943701
179014,0.38093182014444077
179015,0.4850718795024111
179016,0.8680944091700338
179017,0.7521645661095987
179018,0.9660577853932125
179019,0.14589061953177196
179020,0.6007153862585844
179021,0.129069497911563
179022,0.6645592920675754
179023,0.1696792578890197
179024,0.43383586112234734
179025,0.14828130042132343
179026,0.48434922121070256
179027,0.13922761918180537
179028,0.24393126110689434
179029,0.30070311470268746
179030,0.5506292581162708
179031,0.28228669081587665
179032,0.8015234909395013
179033,0.9818653673967485
179034,0.36002017989191937
179035,0.5541652842228697
179036,0.9738843110430369
179037,0.069552451811418
179038,0.25879347880429593
179039,0.5476568145767904
179040,0.47712263829361745
179041,0.6412660609669076
179042,0.1285650006135778
179043,0.2968898423332318
179044,0.21157071370460095
179045,0.17506056240086174
179046,0.20695297267079052
179047,0.08840519768567545
179048,0.8233441353325365
179049,0.190981769921962
179050,0.5336399707300666
179051,0.9432054213006941
179052,0.7793528799523682
179053,0.24431758786661276
179054,0.7391930770244659
179055,0.7602728830429822
179056,0.8830702523849997
179057,0.6232268737984101
179058,0.7634862126796989
179059,0.02177064916530695
179060,0.36451520536676046
179061,0.6684316497061644
179062,0.7559551133755414
179063,0.6259402511578441
179064,0.021402502488398836
179065,0.9790338194990478
179066,0.2970398280164166
179067,0.1710064039341699
179068,0.9650942410042678
179069,0.5634234913940034
179070,0.35603874175646866
179071,0.7872248558092182
179072,0.4622513305548106
179073,0.7176678589770977
179074,0.25058971643615835
179075,0.7358706668908876
179076,0.9548997595684048
179077,0.15122192881588578
179078,0.6971698156085102
179079,0.16555692411178935
179080,0.285490930411188
179081,0.589502820185346
179082,0.4824221324328132
179083,0.5254907486103599
179084,0.9358515778039369
179085,0.7478377064007528
179086,0.6391435362988078
179087,0.24980797287531645
179088,0.3260779652851319
179089,0.49052135932479174
179090,0.4290272292190291
179091,0.1968130314833584
179092,0.2732557346798714
179093,0.7880884097427063
179094,0.20352602706105324
179095,0.8857927197858386
179096,0.5788492916585235
179097,0.8484371946314216
179098,0.19309065952795415
179099,0.848305389031047
179100,0.132414633148654
179101,0.6004608650992406
179102,0.191899864103881
179103,0.9382013535071653
179104,0.3003667831706973
179105,0.3173924307225219
179106,0.4720640302516578
179107,0.9569859240708841
179108,0.4751591893501075
179109,0.8610405370396462
179110,0.17002013444171238
179111,0.9519364060703297
179112,0.8023688647901792
179113,0.811508901423046
179114,0.5092741147435927
179115,0.9203076070011499
179116,0.38652219560860096
179117,0.40051176933110927
179118,0.4810995314083656
179119,0.3142290963135337
179120,0.9886510833056844
179121,0.683484758273074
179122,0.4584153330818421
179123,0.39820289881420406
179124,0.3514300907640634
179125,0.006840256157366796
179126,0.15817126547011423
179127,0.12193381540852918
179128,0.3314865399211893
179129,0.9900645847441836
179130,0.6551011039855288
179131,0.2500306788897423
179132,0.8994505069970594
179133,0.13719599492775691
179134,0.3267824434940301
179135,0.2844228505460842
179136,0.3172242649565269
179137,0.41680112352911763
179138,0.9532044668463465
179139,0.5623054163011713
179140,0.4766181409956322
179141,0.29374468800705383
179142,0.38432695060926003
179143,0.10798514687234399
179144,0.11416183000713567
179145,0.4959435690229569
179146,0.1727744169874694
179147,0.6954745228864517
179148,0.84440121624754
179149,0.05460842374137015
179150,0.051490539539407604
179151,0.39437599138264073
179152,0.8588725621645207
179153,0.16141186523104614
179154,0.7265624644920258
179155,0.19504501843005895
179156,0.5898573318001464
179157,0.6391480813195104
179158,0.34835765676912656
179159,0.20884370128305935
179160,0.7702946536921477
179161,0.9069225210320834
179162,0.2168929329473096
179163,0.1398593770594625
179164,0.7200994450529722
179165,0.7318119634034933
179166,0.6497379795564969
179167,0.8330704796360348
179168,0.768190309106858
179169,0.9449643443125884
179170,0.07682902995623145
179171,0.13790047313665513
179172,0.7218765481476768
179173,0.23139154898850564
179174,0.41004722276509964
179175,0.931797419337245
179176,0.997213902309325
179177,0.5363715281723108
179178,0.6869253389449189
179179,0.2410815331263834
179180,0.17074279273342088
179181,0.9644033978574772
179182,0.776357711309375
179183,0.8587998418332795
179184,0.2970807332027397
179185,0.42327777803027894
179186,0.5154189827334664
179187,0.4141013812317915
179188,0.35682503033801316
179189,0.20983451579621948
179190,0.5061289604174147
179191,0.9231346098781481
179192,0.8715758950282019
179193,0.8810022679653307
179194,0.3031437908199672
179195,0.898800569036592
179196,0.6164457029101769
179197,0.8459374332450085
179198,0.21362960808286482
179199,0.5485521836551965
179200,0.16862026806532104
179201,0.7301848459919735
179202,0.7757804936801488
179203,0.9022047895428164
179204,0.10235386622186064
179205,0.13894582789824608
179206,0.6002836092918403
179207,0.2711377550324741
179208,0.8165038791751696
179209,0.8964462483126611
179210,0.8705578103908264
179211,0.2563982528940419
179212,0.5177369432917767
179213,0.28115043564023434
179214,0.06601642570481908
179215,0.6428386381299966
179216,0.3765686002699742
179217,0.8325705273587521
179218,0.32372364456120095
179219,0.7839342608205581
179220,0.5002931538353158
179221,0.4442575935933388
179222,0.5942069166125052
179223,0.13682330323014621
179224,0.7244717549688439
179225,0.5771767240399781
179226,0.6415024020434413
179227,0.7928924966253221
179228,0.5434026751991856
179229,0.001831643343135428
179230,0.9417010194481436
179231,0.9967048599906373
179232,0.24944437121911092
179233,0.8814749501183978
179234,0.7310393098840565
179235,0.8310070402370683
179236,0.677712581980811
179237,0.6980833647697265
179238,0.5827125592557074
179239,0.4112380181891728
179240,0.019829925325309857
179241,0.8095590875416437
179242,0.47305029974411533
179243,0.08261938633130472
179244,0.09000958999368242
179245,0.8575136009744525
179246,0.6079737843205876
179247,0.6476199999090996
179248,0.23506392571618165
179249,0.9950550174756047
179250,0.8269665168324842
179251,0.7419200894460074
179252,0.10137668677080824
179253,0.764622467855341
179254,0.29860331513810046
179255,0.9915598965553288
179256,0.5412392453447626
179257,0.9334881670386009
179258,0.17746942337322347
179259,0.3733825407574731
179260,0.30923411856141003
179261,0.18627312847410019
179262,0.3481713109203212
179263,0.7773212556983198
179264,0.670863235782039
179265,0.011553442625931162
179266,0.9966412297008014
179267,0.3906081692202108
179268,0.945527926879707
179269,0.9550088400652665
179270,0.877484421941542
179271,0.6740992905222684
179272,0.6846073783866086
179273,0.43053617609228206
179274,0.17248353566250496
179275,0.2789188304752728
179276,0.8796114916303444
179277,0.7138182264420214
179278,0.7266260947818617
179279,0.5449434372173566
179280,0.27590548174946933
179281,0.036346530558446694
179282,0.7129092223015077
179283,0.46740083901082163
179284,0.27671904045522927
179285,0.012285190959044817
179286,0.26427022875089196
179287,0.4030524359038455
179288,0.2784870535085287
179289,0.9597902018443695
179290,0.2012126115234455
179291,0.9769794701414865
179292,0.2930720249430736
179293,0.2749692074847401
179294,0.8256984560564674
179295,0.31595165915980744
179296,0.18210534448984417
179297,0.20003999618218263
179298,0.5246317396975744
179299,0.4435940205707637
179300,0.3835452070484181
179301,0.8537957740397508
179302,0.5644597561141891
179303,0.23555024293135657
179304,0.43490848600815374
179305,0.08307388840156166
179306,0.08675081014994022
179307,0.7638725394394171
179308,0.07504283682012171
179309,0.9734298089727799
179310,0.5069970593716056
179311,0.04178237531871958
179312,0.8271664977433972
179313,0.34999840924275405
179314,0.5708591452634066
179315,0.13515528063230328
179316,0.9758250348830338
179317,0.9524545384304226
179318,0.9511864776544058
179319,0.33966757718581403
179320,0.14264092972943493
179321,0.2758327614182282
179322,0.929065861895001
179323,0.8457056371891775
179324,0.18667309029592632
179325,0.5863122156521423
179326,0.223874084746456
179327,0.9235073015757588
179328,0.09170942773644333
179329,0.5786811258925285
179330,0.11542080074174738
179331,0.15730771153662604
179332,0.5508201489857786
179333,0.024120424868535276
179334,0.9781657205448572
179335,0.7943241781466315
179336,0.987928425013976
179337,0.8674899214165921
179338,0.1367823980438231
179339,0.38404061430499814
179340,0.6838619949913872
179341,0.9651715063562115
179342,0.8901513946396027
179343,0.25665731907408834
179344,0.6483062980351876
179345,0.7459787929334019
179346,0.20107626090236844
179347,0.07794256002836092
179348,0.5980520041268788
179349,0.7802891542170975
179350,0.9127537825934797
179351,0.02753828043686739
179352,0.14102290235932025
179353,0.6434204007799257
179354,0.4556746855981929
179355,0.28016871116847936
179356,0.5007385658641675
179357,0.37058280800469046
179358,0.11064398398334703
179359,0.48734438985369577
179360,0.3566114143649924
179361,0.08795524063612109
179362,0.3929852150476545
179363,0.5339035819308157
179364,0.3909944959799292
179365,0.39990728157766753
179366,0.0992359820198981
179367,0.3600701751196477
179368,0.04677280805014067
179369,0.9031456088282482
179370,0.37719126810622616
179371,0.7599320064902896
179372,0.0250794242367774
179373,0.4127833252280464
179374,0.9196894841856005
179375,0.19290431367914881
179376,0.12184746001518036
179377,0.642234150376555
179378,0.967993964212507
179379,0.18667309029592632
179380,0.585439571677249
179381,0.4897487058053549
179382,0.46865980974543336
179383,0.3963894355538789
179384,0.7143863540298426
179385,0.07327936878752482
179386,0.26630639802564293
179387,0.4875398257439062
179388,0.020029906236222906
179389,0.1254516614323178
179390,0.858468055321992
179391,0.3203330591170842
179392,0.33890401370778245
179393,0.502729284931893
179394,0.28919512228378197
179395,0.5191549897509784
179396,0.7072870316924295
179397,0.16297989737343255
179398,0.9761795464978343
179399,0.23814999477322618
179400,0.5519154989750978
179401,0.6176183182514396
179402,0.3384676917203358
179403,0.7789074679235164
179404,0.18848655355625146
179405,0.8083182968898424
179406,0.851841415137646
179407,0.8998595588602906
179408,0.8754437076460884
179409,0.4330313924579926
179410,0.9569722890087764
179411,0.21588393835133918
179412,0.3281913999118266
179413,0.058008099226891985
179414,0.3772685334581699
179415,0.7341844642102345
179416,0.04451393276096373
179417,0.12734239004458667
179418,0.7326437021920635
179419,0.288508824157694
179420,0.5412528804068703
179421,0.34941210157212266
179422,0.25082151249198936
179423,0.8398062003172425
179424,0.34682143977165814
179425,0.9220119897646134
179426,0.16565691456724588
179427,0.6174728775889574
179428,0.1751696428977234
179429,0.9597765667822618
179430,0.20313970030133488
179431,0.8910422186973062
179432,0.26913794592334367
179433,0.9698801478040733
179434,0.5300539493957396
179435,0.4977615773039846
179436,0.813704146422387
179437,0.43324955345171595
179438,0.882665745542471
179439,0.05592647974511524
179440,0.10413096931656522
179441,0.6039150808331932
179442,0.6231905136327897
179443,0.8633903127428746
179444,0.31042036896478065
179445,0.578917466969062
179446,0.58206262129524
179447,0.7135864303861905
179448,0.5688593361542762
179449,0.9955549697528873
179450,0.5246771899046
179451,0.9700028633630426
179452,0.4489435099376877
179453,0.4402079801473495
179454,0.6978561137345981
179455,0.2831547897700674
179456,0.8366292308461466
179457,0.6585053244917531
179458,0.6139368514823585
179459,0.5621963358043097
179460,0.501461224155876
179461,0.49369832879588765
179462,0.41348325841624206
179463,0.7973966121415683
179464,0.7952604524113608
179465,0.5275678230714341
179466,0.9734434440348876
179467,0.6345212502442948
179468,0.35732043759459325
179469,0.6148776707677903
179470,0.008926420659846104
179471,0.2500306788897423
179472,0.1018402788824703
179473,0.6684043795819491
179474,0.5726907886065421
179475,0.8975870485090061
179476,0.19705391758059457
179477,0.1579076542693652
179478,0.7496875298266984
179479,0.12805595829489005
179480,0.5704182782552575
179481,0.29191304466391843
179482,0.5062334958935738
179483,0.7151908226941974
179484,0.1974538794024207
179485,0.7152317278805206
179486,0.7683721099349607
179487,0.9744660736929657
179488,0.3571795419528136
179489,0.810463546661455
179490,0.8247076415433072
179491,0.1092441176069557
179492,0.6689043318592317
179493,0.6815076742674563
179494,0.6083510210389008
179495,0.7858249894328269
179496,0.9868785252316825
179497,0.9602901541216521
179498,0.9348834883942897
179499,0.9069952413633244
179500,0.7997463878447967
179501,0.4254593879675122
179502,0.07518827748260393
179503,0.045936524240867915
179504,0.9249344380763656
179505,0.09685893619245435
179506,0.5096877116275265
179507,0.29474459256161906
179508,0.3688102499306884
179509,0.6176455883756551
179510,0.7406247585457753
179511,0.40499770476454516
179512,0.16765672367637635
179513,0.8683262052258648
179514,0.2703923716372528
179515,0.815676685407302
179516,0.49121220247158226
179517,0.5500384054249366
179518,0.6860617850114308
179519,0.5085060062448585
179520,0.3692692970216479
179521,0.6825712091118575
179522,0.6118097817935562
179523,0.4635103012894224
179524,0.014748592179837377
179525,0.8865835533880857
179526,0.6469973320728476
179527,0.6287354388899241
179528,0.3449988864699279
179529,0.33470895959931096
179530,0.660532403725099
179531,0.21822916903386494
179532,0.7758486689906873
179533,0.44491662159521134
179534,0.7716899750478364
179535,0.0889596902113889
179536,0.6452929493093842
179537,0.3113066480017816
179538,0.2839638034551247
179539,0.19326791533535437
179540,0.34052658609859965
179541,0.43433581339963
179542,0.8644538475872757
179543,0.04941801009903601
179544,0.6719040455229275
179545,0.4241686020879825
179546,0.06868889787792982
179547,0.6754991568986597
179548,0.2143886265401939
179549,0.14359538407697447
179550,0.9536816940201163
179551,0.45620190799969096
179552,0.2860272428540912
179553,0.69552451811418
179554,0.08373746142413678
179555,0.39493048390835417
179556,0.7732489171488176
179557,0.507983328864063
179558,0.9723390040041633
179559,0.11965221501583939
179560,0.07850159757477695
179561,0.27637816390253656
179562,0.171765422391499
179563,0.6267492648429014
179564,0.8719985819535407
179565,0.07414746774171556
179566,0.05880802287054417
179567,0.6676499061453225
179568,0.6961290058676218
179569,0.33192740692933853
179570,0.8289026956517788
179571,0.7407020238977189
179572,0.30497997918380515
179573,0.685130055767404
179574,0.8026461110530358
179575,0.06613914126378846
179576,0.8015144008980961
179577,0.6090736793306094
179578,0.45434299453234006
179579,0.752973579794656
179580,0.32918675944568926
179581,0.6124415396712132
179582,0.19594493252916767
179583,0.29447189131946494
179584,0.34967116775216905
179585,0.8723394585062335
179586,0.35246181046354663
179587,0.5417028374564247
179588,0.4322223787729353
179589,0.6275537335072562
179590,0.6409660896005381
179591,0.06563009894510069
179592,0.6932292826593826
179593,0.8121088441557851
179594,0.5763586203135156
179595,0.8094545520654847
179596,0.5633598611041674
179597,0.8805932161020994
179598,0.728671354098018
179599,0.9576585871348644
179600,0.9935233454988387
179601,0.7192995214093201
179602,0.24740820194435986
179603,0.2530122124706278
179604,0.2874498343339954
179605,0.9192804323223693
179606,0.8591089032410544
179607,0.6976606778443876
179608,0.7836342894541884
179609,0.8711986583098886
179610,0.9001913453715782
179611,0.9486639911644797
179612,0.3954986114961753
179613,0.0543629926234314
179614,0.04831811508901423
179615,0.2438767208584635
179616,0.5253453079478777
179617,0.10512178382972534
179618,0.6542057349071226
179619,0.6563464396580326
179620,0.6548829429918053
179621,0.5840851555078834
179622,0.45754268910694884
179623,0.13298276073647516
179624,0.919557678585226
179625,0.1825007612909677
179626,0.9509683166606824
179627,0.8958553956213271
179628,0.2287781620845283
179629,0.7813754141650116
179630,0.2361820008090137
179631,0.34140377509419556
179632,0.10419914462710378
179633,0.35888392471627706
179634,0.3362997168452102
179635,0.9043045891074034
179636,0.045682003081524036
179637,0.6802305234500344
179638,0.5073788411106213
179639,0.08479190622713285
179640,0.03854632057849024
179641,0.6375482340322061
179642,0.9257298166993151
179643,0.5377986646729176
179644,0.48142677289895053
179645,0.07613364178873834
179646,0.7816208452829503
179647,0.45378395698592405
179648,0.928747710445821
179649,0.6375255089286932
179650,0.6068966144140787
179651,0.3304093700146804
179652,0.5907117956922293
179653,0.6505651733243645
179654,0.628662718558683
179655,0.7648860790560901
179656,0.7500238613586886
179657,0.17110184936892386
179658,0.4938483144790724
179659,0.22281509492275736
179660,0.4928120497588866
179661,0.013053299457779029
179662,0.35178005735816126
179663,0.3849314383627017
179664,0.07764713368269391
179665,0.9790110943955349
179666,0.6327077869839698
179667,0.9516409797246627
179668,0.2835956567782166
179669,0.9240799741842824
179670,0.4520068538912195
179671,0.901386685816354
179672,0.00233614064112062
179673,0.1236200180891824
179674,0.3096886206316669
179675,0.2673381177251262
179676,0.824266774535158
179677,0.39912553801682565
179678,0.7366887706173503
179679,0.46489198758300343
179680,0.5772267192677063
179681,0.17421973357088644
179682,0.6182773462533122
179683,0.4624604015071288
179684,0.4097336163366224
179685,0.4424032251466905
179686,0.7581685384576926
179687,0.8087000786288582
179688,0.5121874730139396
179689,0.36908749619354514
179690,0.08569636534694415
179691,0.6480972270828693
179692,0.4668599815472159
179693,0.184586925793447
179694,0.7731443816726585
179695,0.4663282141250153
179696,0.7025602101617573
179697,0.11380731839233527
179698,0.46977788483826544
179699,0.38909467732625524
179700,0.6600324514478164
179701,0.27830070765972337
179702,0.20086718995005023
179703,0.009171851777784849
179704,0.5271133210011771
179705,0.8025143054526614
179706,0.23027347389567362
179707,0.7472104935437981
179708,0.7999418237350071
179709,0.5054108471464088
179710,0.27298757845841987
179711,0.5953977120365783
179712,0.09419555406074874
179713,0.31701973902491126
179714,0.5746224224051341
179715,0.2644792997032101
179716,0.7493966485017339
179717,0.8778525686184501
179718,0.029201758014007755
179719,0.26798351066489107
179720,0.425123056435522
179721,0.4004208689170579
179722,0.5657505419937188
179723,0.9603083342044624
179724,0.758809386376755
179725,0.644661191431727
179726,0.8687716172547166
179727,0.9471414092291192
179728,0.7131864685643643
179729,0.6350257475422801
179730,0.030160757382249877
179731,0.18728666809077316
179732,0.13895946296035377
179733,0.3676739947550461
179734,0.2892314824494025
179735,0.8009826334758955
179736,0.943532662791279
179737,0.12569254752955403
179738,0.4005617645588376
179739,0.5699774112471082
179740,0.9993955122465583
179741,0.10083582930720249
179742,0.7303802818821841
179743,0.24456756400525403
179744,0.18629130855691048
179745,0.5133055481067716
179746,0.4397716581599029
179747,0.17630589807336572
179748,0.18640493407447473
179749,0.951500084082883
179750,0.22449220756200547
179751,0.39453961212793326
179752,0.3467305393576067
179753,0.6282173065298313
179754,0.2812004308679626
179755,0.8673626608369202
179756,0.07355207002967898
179757,0.4293681057717218
179758,0.9144627103776458
179759,0.4709595902209335
179760,0.7387022147885883
179761,0.7412792415269452
179762,0.4682234877579867
179763,0.21269787883883812
179764,0.26678817022011536
179765,0.11242108707805164
179766,0.72913494620968
179767,0.29389012866953607
179768,0.529690347739534
179769,0.586253130383009
179770,0.4640147985874076
179771,0.8586634912122024
179772,0.21649297112548346
179773,0.8914967207675631
179774,0.9346289672349457
179775,0.04405034064930166
179776,0.6470791424454938
179777,0.45406574826948337
179778,0.8884833720417596
179779,0.9019729934869853
179780,0.22337867748987597
179781,0.4301952995395894
179782,0.20311697519782204
179783,0.31897409792701603
179784,0.6864572018125543
179785,0.5368078501597575
179786,0.54861126892433
179787,0.7660132441903273
179788,0.19713572795324083
179789,0.1633707691538535
179790,0.8811522536485153
179791,0.3587612091573077
179792,0.32222833275005563
179793,0.022429677167179498
179794,0.1209839060816922
179795,0.6951700064993797
179796,0.21925179869194303
179797,0.46781898091545804
179798,0.4017752850864236
179799,0.9246481017721035
179800,0.36094281909454096
179801,0.6278946100599488
179802,0.7612273373905218
179803,0.42576844937528685
179804,0.8956054194826858
179805,0.779048363565296
179806,0.7392294371900865
179807,0.7623772276282719
179808,0.9231800600851737
179809,0.30206662091345826
179810,0.08780979997363887
179811,0.3093431990582717
179812,0.9199303702828366
179813,0.4589607355661505
179814,0.9625353943487213
179815,0.5141781920816649
179816,0.4018843655832852
179817,0.12137023284141059
179818,0.6082419405420393
179819,0.5605055881029538
179820,0.14420896187182133
179821,0.5707318846837348
179822,0.4074520159439326
179823,0.25703455579240164
179824,0.23786365846896432
179825,0.4034887578912921
179826,0.5364169783793366
179827,0.8279664213870495
179828,0.6875934569881965
179829,0.635016657500875
179830,0.41929633989482823
179831,0.015171279105176324
179832,0.92736602415224
179833,0.9851650524268138
179834,0.5066425477568051
179835,0.3261143254507524
179836,0.7288440648847155
179837,0.7671404093245645
179838,0.8912694697324346
179839,0.4779771021857004
179840,0.04124151785511383
179841,0.857804482299417
179842,0.8780934547156862
179843,0.5954567973057118
179844,0.373700692206653
179845,0.8134178101181251
179846,0.7455379259252527
179847,0.0855418346430568
179848,0.5783311592984307
179849,0.84701914817222
179850,0.019339063089432375
179851,0.9064634739411238
179852,0.6622140613850496
179853,0.16589780066448204
179854,0.6309261388685626
179855,0.4701369414737684
179856,0.05564923348225851
179857,0.9153035392076212
179858,0.33987664813813223
179859,0.9664259320701206
179860,0.6554874307452471
179861,0.6975652324096338
179862,0.08098317887837979
179863,0.485853623063253
179864,0.3320455774676053
179865,0.9733752687243491
179866,0.5183005258588953
179867,0.20632121479313337
179868,0.2842365046972789
179869,0.015939387603910535
179870,0.3521436590143668
179871,0.2457447243672195
179872,0.5695092741147436
179873,0.9399693665604647
179874,0.8696624413124202
179875,0.3806454838401789
179876,0.7159452961308239
179877,0.8829475368260303
179878,0.466405479476959
179879,0.42775916844301226
179880,0.6233632244194872
179881,0.5160825557560415
179882,0.18320523949986592
179883,0.23527299666849985
179884,0.9101494857309076
179885,0.6437976374982388
179886,0.023429581721744742
179887,0.3595838579044727
179888,0.8733075479158808
179889,0.6566327759622945
179890,0.6356620504406398
179891,0.2979261070534176
179892,0.8252439539862104
179893,0.12484262865817353
179894,0.34296726221587936
179895,0.6074829220847102
179896,0.2510214934029024
179897,0.16763854359356606
179898,0.40072538530413004
179899,0.5545788811068034
179900,0.08772798960099262
179901,0.43992618886379026
179902,0.46989151035582966
179903,0.6479063362133616
179904,0.1673522072893042
179905,0.42502761100076814
179906,0.7691629435372078
179907,0.6097554324359947
179908,0.8781116347984965
179909,0.6524195417710128
179910,0.2114707232491444
179911,0.4952345457933561
179912,0.4001754377991192
179913,0.25693911035764766
179914,0.266865435572059
179915,0.31009312747419565
179916,0.20973452534076292
179917,0.8524186327668722
179918,0.9097313438262712
179919,0.23700919457688133
179920,0.9550497452515897
179921,0.16835665686457202
179922,0.9451597802027989
179923,0.963626199317338
179924,0.5445480204162331
179925,0.6765990519086815
179926,0.26106598915558055
179927,0.6778762027261035
179928,0.7925698001554398
179929,0.8753982574390626
179930,0.9443280414142287
179931,0.28529094950027495
179932,0.7033601338054095
179933,0.5696683498393336
179934,0.3407901972993487
179935,0.5141691020402599
179936,0.6493607428381837
179937,0.008194672326732448
179938,0.8869153398993733
179939,0.46293762868089866
179940,0.7120593034301271
179941,0.29268115316265264
179942,0.9315656232814141
179943,0.3274278364337949
179944,0.8008008326477927
179945,0.5884029251753242
179946,0.35262997622954173
179947,0.31839233527708716
179948,0.44858445330218477
179949,0.9544725276223633
179950,0.09367742170065584
179951,0.6314351811872504
179952,0.1370187391203567
179953,0.4777543961712745
179954,0.26367937605955794
179955,0.931829234482163
179956,0.34438985369578357
179957,0.2021579758295799
179958,0.7473559342062803
179959,0.9172488080683208
179960,0.05176324078156176
179961,0.5535153462624022
179962,0.744415305811718
179963,0.3133973575249635
179964,0.5083014803132428
179965,0.1788874698324251
179966,0.6455656505515383
179967,0.24647647270033315
179968,0.178423877720763
179969,0.7868021688838793
179970,0.6165411483449307
179971,0.21543398130178484
179972,0.3407811072579435
179973,0.6243085887256217
179974,0.33986301307602457
179975,0.158975734134469
179976,0.13454170283745645
179977,0.5654096654410261
179978,0.01594393262461311
179979,0.1346189681894001
179980,0.9912871953131747
179981,0.14127742351866415
179982,0.998681943996255
179983,0.772453538525868
179984,0.13211466178228443
179985,0.8669854241186069
179986,0.25483476577235803
179987,0.6426341121983811
179988,0.1022720558492144
179989,0.9049181669022502
179990,0.33722690106853437
179991,0.4811677067189041
179992,0.5356488698806023
179993,0.9348198581044537
179994,0.6827939151262834
179995,0.32066484562837183
179996,0.11798419241799646
179997,0.11700246794624149
179998,0.6668817976465883
179999,0.05261770467364479
180000,0.2932356456883661
180001,0.7968512096572601
180002,0.024861263243054075
180003,0.6320214888578817
180004,0.7384386035878394
180005,0.08855063834815767
180006,0.6627912790142759
180007,0.5075606419387241
180008,0.14133650878779755
180009,0.8996232177837571
180010,0.3935987928425014
180011,0.03049254389353744
180012,0.9424009526363393
180013,0.00603578749301203
180014,0.20296698951463724
180015,0.5746633275914572
180016,0.23947714081837643
180017,0.3466578190263656
180018,0.8748437649133491
180019,0.35860667845342037
180020,0.6903522845546561
180021,0.5438344521659296
180022,0.8627949150308379
180023,0.1956313261006904
180024,0.2359592947945878
180025,0.5594193281550397
180026,0.8936919657669041
180027,0.5895709954958845
180028,0.4948936692406634
180029,0.9254889306020789
180030,0.6564009799064635
180031,0.33598156539603036
180032,0.6349939323973621
180033,0.28504097336163364
180034,0.44596652137750487
180035,0.664891078578863
180036,0.374227914608151
180037,0.5894800950818332
180038,0.9195440435231182
180039,0.1839369878329796
180040,0.3692874771044582
180041,0.7124047250035224
180042,0.009976320442139613
180043,0.6584462392226197
180044,0.5320764836083829
180045,0.3068343476304535
180046,0.07873339363060798
180047,0.5474068384381491
180048,0.5477386249494367
180049,0.9502638384517842
180050,0.4071293194740502
180051,0.5176914930847509
180052,0.6824893987392113
180053,0.6275310084037433
180054,0.16060739656669137
180055,0.8611950677435336
180056,0.9201439862558575
180057,0.34510342194608695
180058,0.5473886583553389
180059,0.0998268347112321
180060,0.1839778930193027
180061,0.7602365228773618
180062,0.611441635116648
180063,0.8751755514246368
180064,0.2304643647651815
180065,0.7990646347394113
180066,0.18888651537807755
180067,0.05376759491139482
180068,0.7579685575467797
180069,0.9743342680925913
180070,0.41450588807432015
180071,0.30911140300244067
180072,0.6134459892464811
180073,0.16472518532321917
180074,0.5447389112857409
180075,0.32934129014957664
180076,0.1948904877261716
180077,0.9370696433522255
180078,0.7376614050477
180079,0.3116475245544743
180080,0.7641816008471919
180081,0.22336504242776828
180082,0.8882833911308466
180083,0.3540798378336613
180084,0.752382727103322
180085,0.5786856709132311
180086,0.8890787697537963
180087,0.17334254457529055
180088,0.9871285013703238
180089,0.5881256789124675
180090,0.48875789129219477
180091,0.6541648297207994
180092,0.5004749546634185
180093,0.1086487198949191
180094,0.5261361415501248
180095,0.6169865603737825
180096,0.3035664777453061
180097,0.02488398834656692
180098,0.4586789442825912
180099,0.3158289436008381
180100,0.0708250576081374
180101,0.4121424773089841
180102,0.10883052072302189
180103,0.5848623540480227
180104,0.8659082542120979
180105,0.7488421559760204
180106,0.15822580571854505
180107,0.9231391548988506
180108,0.3617063825725726
180109,0.16313897309802247
180110,0.368519368605724
180111,0.5986383117975103
180112,0.6427750078401608
180113,0.7295758132178293
180114,0.07519736752400907
180115,0.7549824789451915
180116,0.5480749564814268
180117,0.26575190549992955
180118,0.46060148803977796
180119,0.2572981669931506
180120,0.46499197803845993
180121,0.48504006435749314
180122,0.7611909772249013
180123,0.010317196994832311
180124,0.2967625817535599
180125,0.38169538362247235
180126,0.1377459424327678
180127,0.9960140168438467
180128,0.10378100272246739
180129,0.9170351920952999
180130,0.8716440703387404
180131,0.5652687697992465
180132,0.5741770103762823
180133,0.4802996077647133
180134,0.42234150376554963
180135,0.036228360020179894
180136,0.16496152639975276
180137,0.9811608891878503
180138,0.18117816026652003
180139,0.9355925116238905
180140,0.6097054372082665
180141,0.8342294599151899
180142,0.6937474150194755
180143,0.325823444125788
180144,0.2172610796242177
180145,0.08913240099808654
180146,0.3114748137677767
180147,0.43989437371887224
180148,0.6146776898568773
180149,0.354452529531272
180150,0.8308343294503706
180151,0.9886238131814691
180152,0.8592179837379159
180153,0.29162670835965654
180154,0.6515150826512015
180155,0.7274487435290268
180156,0.26684725548924876
180157,0.6371846323760005
180158,0.6906204407761078
180159,0.04666827257398158
180160,0.21736107007967423
180161,0.23567750351102848
180162,0.6046740992905223
180163,0.7373796137641407
180164,0.11143936260629667
180165,0.1944178055731044
180166,0.40874734684416486
180167,0.6597961103712828
180168,0.062134978024824906
180169,0.025538471327736897
180170,0.22074711050308835
180171,0.09195940387508464
180172,0.0028360929184032433
180173,0.3509664986524013
180174,0.8004235959294795
180175,0.6535557969466551
180176,0.9012321551124666
180177,0.659150717431518
180178,0.5861713200103628
180179,0.3024893078387972
180180,0.5793083387494831
180181,0.2956945018884561
180182,0.4315997109366833
180183,0.8740529313111022
180184,0.47433654060294245
180185,0.6439203530572082
180186,0.39304430031678794
180187,0.19494502797460242
180188,0.7865067425382123
180189,0.04622740556583235
180190,0.7088232486898978
180191,0.9548815794855946
180192,0.9677803482394862
180193,0.42269601538035
180194,0.5495248180855464
180195,0.319987637543689
180196,0.08462374046113778
180197,0.612623340499316
180198,0.5092195744951619
180199,0.4541839188077501
180200,0.9474277455333809
180201,0.8347294121924725
180202,0.9156080555946933
180203,0.6621413410538085
180204,0.1758513960031088
180205,0.4389717345162507
180206,0.8661582303507392
180207,0.48834883942896357
180208,0.4549747524099972
180209,0.7010012680607761
180210,0.41533762686289033
180211,0.3347907699719572
180212,0.18060094263729373
180213,0.0917730580262793
180214,0.6205725817081097
180215,0.46003790547265944
180216,0.047904518205080425
180217,0.23335954295271816
180218,0.3303957349525727
180219,0.5849623445034793
180220,0.10036769217483785
180221,0.819149081224065
180222,0.20138077728944057
180223,0.7544461665022885
180224,0.02766099599583676
180225,0.7027783711554807
180226,0.8604087791619891
180227,0.3775866849073497
180228,0.9941869185214139
180229,0.45733361815463064
180230,0.41986901250335196
180231,0.9038228169129311
180232,0.686766263220329
180233,0.14208189218301892
180234,0.3956031469723344
180235,0.10551720063084886
180236,0.49704800905368124
180237,0.2516441612391544
180238,0.900373146199681
180239,0.7281623117793302
180240,0.7842978624767637
180241,0.40452502261147794
180242,0.8669217938287709
180243,0.44493934669872415
180244,0.33053663059435234
180245,0.7909699528681354
180246,0.6617231991491721
180247,0.057949013957758574
180248,0.7368023961349145
180249,0.6920430322560119
180250,0.2190927229673531
180251,0.7577822116979742
180252,0.3536435158462147
180253,0.04715458978915649
180254,0.9727298757845843
180255,0.962158157630408
180256,0.536453338544957
180257,0.8126769717436063
180258,0.639479867830798
180259,0.5644870262384045
180260,0.5768722076529059
180261,0.5518745937887748
180262,0.35567514010026313
180263,0.03661014175919572
180264,0.8691079487867067
180265,0.3695783584294226
180266,0.9842924084519206
180267,0.7998281982174429
180268,0.2542620931638343
180269,0.9523000077265352
180270,0.829057226355666
180271,0.5035110284927349
180272,0.7142181882638475
180273,0.9666486380845465
180274,0.292803868721622
180275,0.9154353448079956
180276,0.7323073706600733
180277,0.6586053149472096
180278,0.9182032624158603
180279,0.578031187932061
180280,0.16929747615000387
180281,0.8238440876098191
180282,0.9905145417937379
180283,0.41233336817849203
180284,0.6731675612782416
180285,0.2884951890955863
180286,0.8105953522618297
180287,0.8068548002236151
180288,0.30065311947495915
180289,0.12734239004458667
180290,0.5317446970970954
180291,0.11366642275055562
180292,0.8103499211438908
180293,0.25263497575231453
180294,0.38622222424223135
180295,0.04824084973707055
180296,0.6393480622304235
180297,0.18087364387944788
180298,0.5737588684716459
180299,0.2876089100585853
180300,0.7273351180114626
180301,0.7473468441648752
180302,0.5982383499756841
180303,0.5415528517732399
180304,0.01389412828775435
180305,0.5557833115929844
180306,0.8273028483644743
180307,0.6356484153785321
180308,0.1855913753687148
180309,0.490444093972848
180310,0.3874039296248994
180311,0.12072938492234832
180312,0.13352816322078348
180313,0.1364687916153458
180314,0.88768799341881
180315,0.9715027201948906
180316,0.06523468214397717
180317,0.3996027651905954
180318,0.07966512287463469
180319,0.831220656210089
180320,0.5347716808850065
180321,0.17179723753641699
180322,0.28230487089868694
180323,0.7333209102767463
180324,0.8077228991778057
180325,0.2954536157912199
180326,0.5962203607837434
180327,0.011476177273987483
180328,0.5796719404056886
180329,0.042268692533894495
180330,0.41729653078569773
180331,0.44617559232982307
180332,0.28560001090804965
180333,0.7090959499320519
180334,0.10281291331282014
180335,0.652005944887079
180336,0.9797292076665409
180337,0.7948332204653193
180338,0.27770076492698426
180339,0.6604233232282373
180340,0.09358652128660445
180341,0.46583735188913783
180342,0.947100504042796
180343,0.4993114293635607
180344,0.047181859913371905
180345,0.8242940446593735
180346,0.5246181046354667
180347,0.25577104003708734
180348,0.8295071834052204
180349,0.05576740402052531
180350,0.6068966144140787
180351,0.24486299035092104
180352,0.04903622836002018
180353,0.5650960590125489
180354,0.1892501170342831
180355,0.7856659137082369
180356,0.16913385540471138
180357,0.9611037128274119
180358,0.9303702828366384
180359,0.5648778980188255
180360,0.9678030733429991
180361,0.6777353070843237
180362,0.5128646810986224
180363,0.40746110598533775
180364,0.2898268801614391
180365,0.7237990919048637
180366,0.022556937746851437
180367,0.4794860490589535
180368,0.7897337072370364
180369,0.18403243326773353
180370,0.6613186923066434
180371,0.5986201317147
180372,0.8888833338635859
180373,0.3296594415987565
180374,0.15217638316342533
180375,0.45644279409692706
180376,0.761500038632676
180377,0.41333781775375983
180378,0.386753991664432
180379,0.2790415460342422
180380,0.6307670631439727
180381,0.1258243531299285
180382,0.28991778057549045
180383,0.4591379913735507
180384,0.6093145654278456
180385,0.4860354238913558
180386,0.10759427509192304
180387,0.4428804523204603
180388,0.09140491134937119
180389,0.11570713704600924
180390,0.9155307902427496
180391,0.9322791915317175
180392,0.6786624913076479
180393,0.08593270642347775
180394,0.7871521354779771
180395,0.20263974802405227
180396,0.025738452238649945
180397,0.08317387885701819
180398,0.8668899786838529
180399,0.5814263183968803
180400,0.8154494343721735
180401,0.6213725053517619
180402,0.6476018198262894
180403,0.4018707305211775
180404,0.45720635757495875
180405,0.5192913403720555
180406,0.38035460251521447
180407,0.11547988601088077
180408,0.8996777580321879
180409,0.6603142427313757
180410,0.11405729453097657
180411,0.33940396598506506
180412,0.3869494275546425
180413,0.3415810309015957
180414,0.30332104662736736
180415,0.9843287686175411
180416,0.06890251385095059
180417,0.4949345744269865
180418,0.6236904659100723
180419,0.995536789670077
180420,0.8134541702837457
180421,0.4827039237163725
180422,0.45172960762836273
180423,0.7164952436358347
180424,0.2553710782152612
180425,0.9174215188550183
180426,0.3412037941832825
180427,0.6027924607196586
180428,0.639575313265552
180429,0.18178719304066432
180430,0.17027465560105626
180431,0.8299480504133697
180432,0.6186545829716255
180433,0.7551006494834585
180434,0.5865121965630554
180435,0.29404011435272087
180436,0.2766963153517164
180437,0.8057412701514856
180438,0.19370878234350355
180439,0.4570472818503688
180440,0.34096745310674886
180441,0.4367537644133969
180442,0.5219956276900841
180443,0.741629208121043
180444,0.22715104467300848
180445,0.37172360820103534
180446,0.004308679626035696
180447,0.9245617463787548
180448,0.9709982228969053
180449,0.7203312411088033
180450,0.32196472154930666
180451,0.1369142036441976
180452,0.8771708155130647
180453,0.5629598992823412
180454,0.23004167783984258
180455,0.3388358383972439
180456,0.49426191136300623
180457,0.6675953658968916
180458,0.8181264515659868
180459,0.05881711291194931
180460,0.577376704950891
180461,0.9328791342644567
180462,0.30602078892469353
180463,0.38583135246181044
180464,0.6871525899800474
180465,0.6822257875384623
180466,0.9164034342176429
180467,0.1441862367683085
180468,0.9205530381190887
180469,0.8651946859617946
180470,0.01584848718985915
180471,0.6245403847814527
180472,0.9692483899264162
180473,0.3468577999372787
180474,0.7821798828293663
180475,0.9096222633294094
180476,0.33082751191931675
180477,0.6737993191558987
180478,0.9588402925175324
180479,0.6627321937451426
180480,0.014553156289626898
180481,0.2235650233386813
180482,0.07207493830134395
180483,0.8114043659468869
180484,0.8385744997068462
180485,0.1300012271555897
180486,0.23240963362588118
180487,0.35836579235618415
180488,0.3149290295017294
180489,0.09295021838824476
180490,0.8864290226841983
180491,0.8000372691697611
180492,0.3624608560091991
180493,0.9873648424468574
180494,0.6636911931133846
180495,0.9879238799932734
180496,0.1893273823862268
180497,0.11808872789415555
180498,0.4495252725876166
180499,0.1276332713695511
180500,0.9126719722208335
180501,0.9650169756523241
180502,0.3210829875330082
180503,0.760413778684762
180504,0.5601010812604252
180505,0.0983769731071125
180506,0.14409533635425711
180507,0.9743706282582117
180508,0.7086641729653079
180509,0.6831666068238942
180510,0.29638080001454403
180511,0.013475986383117975
180512,0.3994073293003849
180513,0.03648288117952377
180514,0.5800082719376788
180515,0.952227287395294
180516,0.3450806968425741
180517,0.39408056503697375
180518,0.6140413869585177
180519,0.6971334554428895
180520,0.035751132846410114
180521,0.879679666940883
180522,0.2774871489539635
180523,0.2841092441176069
180524,0.5515518973188923
180525,0.7053463078524322
180526,0.009676349075770039
180527,0.2887588002963353
180528,0.2664382036260175
180529,0.2884997341162889
180530,0.6535921571122756
180531,0.8330977497602502
180532,0.05876711768422105
180533,0.014562246331032038
180534,0.1588257484512842
180535,0.5013566886797169
180536,0.4213006940246613
180537,0.02430222569663805
180538,0.10296744401670749
180539,0.1953495348171311
180540,0.45630644347585003
180541,0.7753350816512969
180542,0.7220674390171847
180543,0.33101385776812214
180544,0.18573681603119702
180545,0.6787261215974839
180546,0.8778071184114243
180547,0.28831338826748354
180548,0.3300366783170697
180549,0.5652096845301131
180550,0.3009849059862467
180551,0.5802309779521045
180552,0.3537707764258866
180553,0.5681775830488908
180554,0.15928934056294627
180555,0.4570609169124765
180556,0.14201826189318292
180557,0.17715127192404362
180558,0.15253543979892828
180559,0.3483122065621008
180560,0.18512323823635016
180561,0.3017757395884938
180562,0.20523040982451676
180563,0.06626185682275781
180564,0.20573490712250195
180565,0.29000413596883934
180566,0.7622181519036819
180567,0.7875930024861264
180568,0.2006762990805423
180569,0.36417432881406775
180570,0.5355716045286587
180571,0.4200917185177778
180572,0.13426900159530225
180573,0.18484144695279087
180574,0.8970325559832926
180575,0.051835961112802864
180576,0.9306429840787924
180577,0.7223037800937183
180578,0.6083555660596035
180579,0.8807250217024739
180580,0.9917735125283496
180581,0.7725126237950015
180582,0.7727580549129401
180583,0.25918889560541947
180584,0.8344021707018876
180585,0.2165793265188323
180586,0.772621704291863
180587,0.24299044182146248
180588,0.7860749655714683
180589,0.7730398461964995
180590,0.6812940582944356
180591,0.1136846028333659
180592,0.5357852205016793
180593,0.15655778312070212
180594,0.7255761949995683
180595,0.6215770312833776
180596,0.5540698387881157
180597,0.6235313901854823
180598,0.19248617177451244
180599,0.14216370255566516
180600,0.10035860213343271
180601,0.02152067302666564
180602,0.05090877688947873
180603,0.005167688538821294
180604,0.7348525822535122
180605,0.37769576540421135
180606,0.5243363133519073
180607,0.40118897741579207
180608,0.7733307275214639
180609,0.6274764681553124
180610,0.2625885710909413
180611,0.14497707037055554
180612,0.2912085664550202
180613,0.34588062048622625
180614,0.127201494402807
180615,0.2698606042150522
180616,0.6894750955590603
180617,0.5244135787038511
180618,0.38361338235895664
180619,0.2140022997804755
180620,0.5776766763172607
180621,0.5231455179278343
180622,0.7559596583962441
180623,0.7187541189250117
180624,0.8400789015593966
180625,0.4079837833661332
180626,0.9982728921330237
180627,0.46521922907358837
180628,0.22847364569745615
180629,0.17461969539271252
180630,0.427972784416033
180631,0.7383613382358957
180632,0.6164729730343922
180633,0.8272619431781513
180634,0.20189436462883087
180635,0.014185009612718786
180636,0.3032710513996391
180637,0.7315029019957187
180638,0.4217324709914054
180639,0.34165829625353944
180640,0.49168488462464943
180641,0.922121070261475
180642,0.8700078628858156
180643,0.42054622058803476
180644,0.7693629244481209
180645,0.477358979370151
180646,0.7193449716163458
180647,0.5063289413283278
180648,0.8204125969793793
180649,0.26376118643220414
180650,0.43249508001508946
180651,0.6554010753518983
180652,0.6953699874102928
180653,0.336513332818231
180654,0.7905699910463092
180655,0.03800091809418192
180656,0.8844610287199858
180657,0.04803632380545494
180658,0.3120474863763004
180659,0.8211261652296826
180660,0.8999640943364497
180661,0.582358047640907
180662,0.48876698133359997
180663,0.962717195176824
180664,0.6374255184732366
180665,0.1923270960499225
180666,0.7295076379072907
180667,0.8218533685420937
180668,0.8555001568032142
180669,0.643447670904141
180670,0.575826852891315
180671,0.2649610718976825
180672,0.23006894796405797
180673,0.3218283709282295
180674,0.8966916794305999
180675,0.3749823880447775
180676,0.5863531208384655
180677,0.9538316797033011
180678,0.36818303707373384
180679,0.2745010703523754
180680,0.9545952431813327
180681,0.49624354038932644
180682,0.002213425082151249
180683,0.08430558901195795
180684,0.8964871534989842
180685,0.6354529794883216
180686,0.6436294717322437
180687,0.8194854127560551
180688,0.3815863031256107
180689,0.04269592447993601
180690,0.2489307838797206
180691,0.8793706055331082
180692,0.2800869007958331
180693,0.44111698428786345
180694,0.12502442948627632
180695,0.5991109939505775
180696,0.8312070211479814
180697,0.19305884438303617
180698,0.6536876025470296
180699,0.7333345453388541
180700,0.03719644942982716
180701,0.3047936333349998
180702,0.5567423109612264
180703,0.2515987110321287
180704,0.9645488385199595
180705,0.7057462696742585
180706,0.018498234259457052
180707,0.7686539012185201
180708,0.7801891637616409
180709,0.9450279746024244
180710,0.5200912640157076
180711,0.38204080519586764
180712,0.462701287604365
180713,0.3370451002404316
180714,0.6526058876198181
180715,0.863713009212757
180716,0.4827993691511265
180717,0.07291576713131928
180718,0.20423505029065409
180719,0.39247617272896673
180720,0.996918475963658
180721,0.4579790110943955
180722,0.7058735302539304
180723,0.3101885729089496
180724,0.14367719444962074
180725,0.4385535926116143
180726,0.29960776471336825
180727,0.2587662086800805
180728,0.08525095331809235
180729,0.1789738252257739
180730,0.9990955408801887
180731,0.8661264152058212
180732,0.24718549592993397
180733,0.7500329514000936
180734,0.584226051149663
180735,0.6555010658073548
180736,0.359929279477868
180737,0.09786793078842473
180738,0.562878088909695
180739,0.3510619440871553
180740,0.7810390826330215
180741,0.8861199612764237
180742,0.17344708005144963
180743,0.5028065502838366
180744,0.32226014789497365
180745,0.9785838624494935
180746,0.2270328741347417
180747,0.7156953199921826
180748,0.39502592934310815
180749,0.037155544243504035
180750,0.3083569295658141
180751,0.8861926816076647
180752,0.7304848173583431
180753,0.9512546529649443
180754,0.6842937719581312
180755,0.44114879943278135
180756,0.8954872489444189
180757,0.20014907667904427
180758,0.701128528640448
180759,0.8928465919162262
180760,0.9726526104326405
180761,0.5891983037982739
180762,0.4022888724258139
180763,0.7979511046672818
180764,0.9749751160116534
180765,0.9774657873566615
180766,0.8884833720417596
180767,0.8763708918694124
180768,0.7048418105544472
180769,0.7673085750905595
180770,0.2818230987042146
180771,0.30832511442089616
180772,0.8322705559923826
180773,0.4715322628294572
180774,0.838269983319774
180775,0.3844996613959576
180776,0.8108725985246863
180777,0.03925079878738848
180778,0.9974911485721818
180779,0.16864753818953646
180780,0.7239445325673459
180781,0.7174406079419693
180782,0.8521732016489336
180783,0.6747446834620332
180784,0.11681612209743614
180785,0.4076429068134405
180786,0.8838474509251389
180787,0.2571663613927761
180788,0.9919734934392627
180789,0.6979061089623264
180790,0.9893146563282597
180791,0.45949704800905367
180792,0.5071425000340877
180793,0.4395216820212616
180794,0.822421496129915
180795,0.034692143022711466
180796,0.10732611887047146
180797,0.8945736997832026
180798,0.9000958999368243
180799,0.2944628012780598
180800,0.34914849037137363
180801,0.6536194272364911
180802,0.6119188622904177
180803,0.11135300721294784
180804,0.5678548865790084
180805,0.7399657305439027
180806,0.21871094122833729
180807,0.610923502756555
180808,0.2061575940478409
180809,0.4328995868576181
180810,0.44361220065357393
180811,0.5343808091045855
180812,0.14475436435612965
180813,0.4534021752469082
180814,0.7418928193217921
180815,0.9232800505406303
180816,0.5421891546715996
180817,0.44265774630603444
180818,0.9688802432495079
180819,0.03330591170842783
180820,0.40980633666786354
180821,0.3273869312474718
180822,0.89407374750592
180823,0.667190859054363
180824,0.7752941764649738
180825,0.9957276805395849
180826,0.6207816526604278
180827,0.07300666754537066
180828,0.8331931951950041
180829,0.7805936706041696
180830,0.6273173924307225
180831,0.812036123824544
180832,0.5388667445380213
180833,0.0452729512182928
180834,0.975993200649029
180835,0.6439976184091519
180836,0.8343249053499439
180837,0.7831797873839316
180838,0.1273651151480995
180839,0.08246485562741737
180840,0.8323978165720545
180841,0.6002336140641121
180842,0.866562737193268
180843,0.49055317446970964
180844,0.44551656432795045
180845,0.48565364215234
180846,0.3335499793201558
180847,0.7984510569445644
180848,0.7307711536626049
180849,0.6553238099999545
180850,0.4248730802968807
180851,0.792387999327337
180852,0.7742351866412752
180853,0.10411733425445753
180854,0.684402852454993
180855,0.8037778212079756
180856,0.5760177437608228
180857,0.5393167015875757
180858,0.5463114884488299
180859,0.19016366619549954
180860,0.6304852718604134
180861,0.7347753169015685
180862,0.9263115793492439
180863,0.631935133464533
180864,0.9047136409706347
180865,0.19920371237290985
180866,0.2672790324559928
180867,0.9201076260902369
180868,0.04585925888892424
180869,0.5670186027697356
180870,0.7837797301166707
180871,0.26954245276587235
180872,0.9576040468864336
180873,0.7259125265315584
180874,0.2768872062212243
180875,0.24986705814444984
180876,0.8960281064080247
180877,0.12565164234323087
180878,0.25558014916757943
180879,0.9632126024334041
180880,0.8377836661045991
180881,0.09031410638075456
180882,0.8048004508660537
180883,0.655151099213257
180884,0.8649083496575327
180885,0.08647810890778607
180886,0.6163820726203408
180887,0.3923943623563205
180888,0.7931515628053686
180889,0.2342140068448012
180890,0.09189577358524867
180891,0.3889446916430704
180892,0.001531671976765854
180893,0.4307361570031951
180894,0.04559110266747265
180895,0.3728280482317597
180896,0.5463069434281274
180897,0.5705046336486063
180898,0.13763231691520356
180899,0.8341067443562206
180900,0.38609496366255946
180901,0.5006703905536289
180902,0.740647483649288
180903,0.4428849973411629
180904,0.7504147331391094
180905,0.18496870753246283
180906,0.9835652051395094
180907,0.13028756345985157
180908,0.38725394394171464
180909,0.1509037773667059
180910,0.9495820853463988
180911,0.4777771212747874
180912,0.7924334495343627
180913,0.2124342676380891
180914,0.3903990982678926
180915,0.8988414742229152
180916,0.2054758409424555
180917,0.6538194081474041
180918,0.6822530576626776
180919,0.19660396053104023
180920,0.5500793106112598
180921,0.5378759300248613
180922,0.7219947186859437
180923,0.3147835888392472
180924,0.9232391453543072
180925,0.3213465987337572
180926,0.26454747501374865
180927,0.9897691583985165
180928,0.7559687484376492
180929,0.47072324914439984
180930,0.8120770290108672
180931,0.36335622508760523
180932,0.1913817317437881
180933,0.439780748201308
180934,0.02366592279827835
180935,0.5273451170570083
180936,0.7174360629212666
180937,0.2306098054276637
180938,0.910240386144959
180939,0.8061457769940142
180940,0.7048918057821754
180941,0.15464432940492046
180942,0.6685816353893492
180943,0.06982515305357215
180944,0.14257729943959896
180945,0.31371096395344084
180946,0.15467159952913584
180947,0.712904677280805
180948,0.6395844033069571
180949,0.021970630076219997
180950,0.2916812486080874
180951,0.9003867812617887
180952,0.5843851268742529
180953,0.09396830302562029
180954,0.6364437940014818
180955,0.780516405252226
180956,0.9626808350112035
180957,0.16065284677371705
180958,0.0490771335463433
180959,0.6877707127955968
180960,0.2616568418469146
180961,0.3661150526540648
180962,0.010417187450288835
180963,0.35025293040209793
180964,0.4554292544802541
180965,0.017721035719317702
180966,0.12902404770453732
180967,0.9633125928888606
180968,0.6528694988205672
180969,0.4808677353525345
180970,0.2859727026056603
180971,0.5978247530917503
180972,0.029151762786279494
180973,0.08344203507846977
180974,0.2602751555533335
180975,0.3667877157180451
180976,0.55352898132451
180977,0.6902250239749843
180978,0.08700078628858154
180979,0.8836292899314157
180980,0.1620981633571341
180981,0.6897705219047273
180982,0.37291894864581104
180983,0.2534258093545616
180984,0.6521286604460483
180985,0.540443866721813
180986,0.9323700919457688
180987,0.04527749623899537
180988,0.06971152753600791
180989,0.723889992318915
180990,0.8576908567818528
180991,0.5169506547102323
180992,0.8507551551897319
180993,0.24320860281518583
180994,0.3856995468614359
180995,0.8831111575713227
180996,0.5427663723008259
180997,0.7919607673812954
180998,0.5709727707809709
180999,0.905659005276769
181000,0.17737852295917209
181001,0.804259593402448
181002,0.22811004404125063
181003,0.3595293176560419
181004,0.37249171669976955
181005,0.025347580458228988
181006,0.8924420850736976
181007,0.24972161748196764
181008,0.25499838651765055
181009,0.9444325768903878
181010,0.4574017934651692
181011,0.6073420264429304
181012,0.9848332659155262
181013,0.6800032724149059
181014,0.7922880088718804
181015,0.9387649360742838
181016,0.3069479731480177
181017,0.2625158507597002
181018,0.7472786688543366
181019,0.8689897782484399
181020,0.9499229618990914
181021,0.5187186677635317
181022,0.08042868635266633
181023,0.17052917676040016
181024,0.6648638084546475
181025,0.1047127319664941
181026,0.09415919389512818
181027,0.2712695606328487
181028,0.9485958158539413
181029,0.9346880525040792
181030,0.521236609232755
181031,0.016848391744424394
181032,0.4863626653819408
181033,0.02072983942441858
181034,0.9123992709786793
181035,0.2748464919257707
181036,0.6156457792665245
181037,0.6632685061880457
181038,0.6324487208039232
181039,0.6693361088259757
181040,0.3853632153294458
181041,0.46664636557419514
181042,0.4534521704746365
181043,0.3884901895728135
181044,0.6420705296312624
181045,0.7686084510114944
181046,0.2503579203803273
181047,0.046450111580258246
181048,0.825025792992487
181049,0.07397930197572049
181050,0.1567395839488049
181051,0.2742692742965444
181052,0.3492166656819122
181053,0.5416119370423733
181054,0.41715563514391807
181055,0.2203244235777494
181056,0.7185132328277755
181057,0.23352316369801066
181058,0.07130682980260974
181059,0.1990946318760482
181060,0.2489716890660437
181061,0.1674249276205453
181062,0.7221128892242105
181063,0.5970884597379341
181064,0.06171683612018853
181065,0.8482690288654265
181066,0.5856759127537826
181067,0.12357911290285926
181068,0.6403116066193681
181069,0.13186468564364312
181070,0.3706055331082033
181071,0.19635852941310147
181072,0.08214215915753495
181073,0.9509683166606824
181074,0.43053617609228206
181075,0.862690379554679
181076,0.8459374332450085
181077,0.049781611755241546
181078,0.493821044354857
181079,0.2560073811136209
181080,0.674399261888638
181081,0.8838429059044365
181082,0.2874498343339954
181083,0.81570850055222
181084,0.19112266556374163
181085,0.4098972370819149
181086,0.1328873153017212
181087,0.05951704610014499
181088,0.8362565391485359
181089,0.11494811858868016
181090,0.39265797355706955
181091,0.22316506151685522
181092,0.571436362892633
181093,0.2923493666513651
181094,0.10783061616845664
181095,0.1672476718131451
181096,0.9597129364924257
181097,0.025738452238649945
181098,0.24701278514323632
181099,0.18610950772880772
181100,0.026779261979538317
181101,0.5586921248426286
181102,0.3048299935006204
181103,0.56451429636262
181104,0.032605978520232164
181105,0.43691738515868933
181106,0.5693592884315588
181107,0.7182268965235137
181108,0.8251712336549692
181109,0.7269533362724467
181110,0.6888297026192954
181111,0.9921462042259603
181112,0.7265261043264053
181113,0.5465932797323891
181114,0.8002736102462947
181115,0.8532503715554425
181116,0.34006299398693757
181117,0.9410329014048658
181118,0.20363965257861752
181119,0.6049604355947842
181120,0.2158384881443135
181121,0.2061848641720563
181122,0.9497138909467733
181123,0.05574922393771504
181124,0.5973157107730626
181125,0.02923811817962831
181126,0.8365246953699874
181127,0.8228669081587667
181128,0.3503983710645802
181129,0.5339808472827594
181130,0.6440021634298545
181131,0.9345562469037046
181132,0.38060912367455835
181133,0.7033646788261121
181134,0.8632539621217975
181135,0.20503497393430628
181136,0.6914112743783548
181137,0.342580935456161
181138,0.04447757259534317
181139,0.09088677898927829
181140,0.5058108089682349
181141,0.3792319824016798
181142,0.6079737843205876
181143,0.6009290022316052
181144,0.14332722785552288
181145,0.6281036810122671
181146,0.09270024224960344
181147,0.8675808218306434
181148,0.860104262774917
181149,0.572131751060126
181150,0.48279027910972133
181151,0.3054935665231955
181152,0.8248258120815741
181153,0.8988187491194023
181154,0.11079396966653182
181155,0.5320901186704905
181156,0.9969730162120889
181157,0.006353938942191882
181158,0.04632739602128887
181159,0.6357711309375014
181160,0.06674817403793275
181161,0.2693379268342567
181162,0.8154357993100659
181163,0.5665550106580736
181164,0.9182987078506143
181165,0.1416955654233005
181166,0.8944600742656383
181167,0.3954349812063394
181168,0.9631307920607579
181169,0.709950413824135
181170,0.09017775575967747
181171,0.05884438303616473
181172,0.4482844819358152
181173,0.09910872144022614
181174,0.8755346080601397
181175,0.08686898068820703
181176,0.3355543334499888
181177,0.25617100185891345
181178,0.1577758486689907
181179,0.6071920407597456
181180,0.5156962289963231
181181,0.024643102249330747
181182,0.9257207266579099
181183,0.2563073524799905
181184,0.7549415737588685
181185,0.5044563927988692
181186,0.36750128396834847
181187,0.34968480281427683
181188,0.2682743919898555
181189,0.9528181400866281
181190,0.8660173347089596
181191,0.4018661855004749
181192,0.3210920775744133
181193,0.15263088523368223
181194,0.4127606001245335
181195,0.30513905490839505
181196,0.718867744442576
181197,0.590979951913681
181198,0.227873702964717
181199,0.3908672354002572
181200,0.23499120538494053
181201,0.9508319660396053
181202,0.6403797819299067
181203,0.9248844428486371
181204,0.12501988446557374
181205,0.8588271119574951
181206,0.757827661905
181207,0.7827889156035106
181208,0.014339540316606142
181209,0.8137132364637921
181210,0.03874175646870072
181211,0.8218170083764732
181212,0.24079065180141898
181213,0.7735852486808078
181214,0.4590016407524736
181215,0.6272128569545634
181216,0.7723944532567346
181217,0.14421805191322648
181218,0.10245385667731716
181219,0.9039091723062799
181220,0.3230191663523027
181221,0.6927475104649101
181222,0.9065816444793907
181223,0.644302134796224
181224,0.8802796096736221
181225,0.3683239327155135
181226,0.18107362479036093
181227,0.48829884420123526
181228,0.9221665204685008
181229,0.04176874025661187
181230,0.3470668708895969
181231,0.30946136959653847
181232,0.43569931961040076
181233,0.8798887378932012
181234,0.4423805000431777
181235,0.3142245512928311
181236,0.4451756877752578
181237,0.3041709654987478
181238,0.1774512432904132
181239,0.5066970880052358
181240,0.30908867789892785
181241,0.010085400939001277
181242,0.09722253784865989
181243,0.4448757164088882
181244,0.5530972043577659
181245,0.170583717008831
181246,0.527072415814854
181247,0.626921975629599
181248,0.9776612232468719
181249,0.35233454988387475
181250,0.92425268497098
181251,0.9063089432372365
181252,0.2624431304284591
181253,0.6874980115534427
181254,0.3174833311365733
181255,0.23916353438989915
181256,0.21619299975911394
181257,0.256702769281114
181258,0.4540112080210525
181259,0.5301175796855755
181260,0.7091504901804828
181261,0.5074333813590521
181262,0.3359633853132201
181263,0.2725830716158912
181264,0.053826680180528226
181265,0.8076319987637544
181266,0.49647079142445494
181267,0.16266174592425267
181268,0.9444143968075775
181269,0.9818244622104254
181270,0.9359606583007987
181271,0.37220538039550766
181272,0.7379159262070439
181273,0.6835347535008022
181274,0.9370923684557384
181275,0.12470173301639388
181276,0.018657309984046976
181277,0.567700355875121
181278,0.25360761018266437
181279,0.4516296171729062
181280,0.9836833756777763
181281,0.14864944709823152
181282,0.35217547415928474
181283,0.1886410842601388
181284,0.3289549633898582
181285,0.5294267365387849
181286,0.8283527481467678
181287,0.6227541916453431
181288,0.272342185518655
181289,0.26870616895659954
181290,0.6070602351593711
181291,0.45525199867285393
181292,0.4014571336372437
181293,0.989214665872803
181294,0.6453974847855433
181295,0.22945537016921114
181296,0.17717854204825906
181297,0.8568000327241491
181298,0.34970752791778964
181299,0.4973479804200508
181300,0.44683916535239815
181301,0.26172047213675054
181302,0.18121452043214056
181303,0.9571086396298535
181304,0.9856877298076093
181305,0.11125301675749132
181306,0.23767731262015898
181307,0.8978006644820268
181308,0.3703055617418337
181309,0.016012107935151645
181310,0.4832129660350603
181311,0.23349134855309267
181312,0.43798546502379315
181313,0.3130428459101631
181314,0.3744097154362538
181315,0.8102181155435163
181316,0.07077506238040913
181317,0.28709532271919497
181318,0.9735525245317493
181319,0.5158916648865336
181320,0.19385422300598582
181321,0.08562364501570305
181322,0.12071120483953804
181323,0.3018120997541143
181324,0.7825662095890847
181325,0.19156807759259345
181326,0.020848009962685383
181327,0.6197408429195396
181328,0.3248871698610587
181329,0.3967121320237613
181330,0.7694538248621723
181331,0.13657787211220748
181332,0.5773539798473782
181333,0.4426122960990087
181334,0.803182423495939
181335,0.08980960908276936
181336,0.22153339908463285
181337,0.5315219910826694
181338,0.7824434940301154
181339,0.04282773008031052
181340,0.43925352579981003
181341,0.02378863835724772
181342,0.5371941769194759
181343,0.797632953218102
181344,0.5772812595161372
181345,0.18264165693274734
181346,0.7682266692724785
181347,0.9352380000090901
181348,0.24727185132328278
181349,0.3337999554587971
181350,0.671317737852296
181351,0.8917648769890147
181352,0.537403247871794
181353,0.22412860590579992
181354,0.1499311429363561
181355,0.19869921507492466
181356,0.020252612250648803
181357,0.35699319610400826
181358,0.55878302525668
181359,0.8851018766390482
181360,0.994027842796824
181361,0.1943859904281864
181362,0.9854513887310757
181363,0.895359988364747
181364,0.1615073106658001
181365,0.7478558864835629
181366,0.6410751700973999
181367,0.4938574045204776
181368,0.098836020198072
181369,0.19778112089300567
181370,0.9765704182782553
181371,0.062462219515409895
181372,0.17828298207898335
181373,0.9130446639184442
181374,0.9437326437021921
181375,0.25692547529554
181376,0.7365296948927603
181377,0.7851296012653338
181378,0.09885874530158485
181379,0.043218601860731475
181380,0.3108203307866067
181381,0.6982969807427473
181382,0.945768812976943
181383,0.8888651537807755
181384,0.7603955986019516
181385,0.6965562378136633
181386,0.5435799310065857
181387,0.4721912908313297
181388,0.5262088618813658
181389,0.7438926284309225
181390,0.07780620940728385
181391,0.37890019589039226
181392,0.15548970325559833
181393,0.29618536412433355
181394,0.19324973525254407
181395,0.8700396780307335
181396,0.47434563064434754
181397,0.24938074092927492
181398,0.35894300998541045
181399,0.4543975347807709
181400,0.8959462960353785
181401,0.1276650865144691
181402,0.5452388635630235
181403,0.36677862567663994
181404,0.7529054044841175
181405,0.23436853754868853
181406,0.02442948627630999
181407,0.6104644556655956
181408,0.9014275910026771
181409,0.15136736947836799
181410,0.6009744524386309
181411,0.9091859413419628
181412,0.06725721635662049
181413,0.8512323823635016
181414,0.7888883333863587
181415,0.6374936937837752
181416,0.1142027351934588
181417,0.7966966789533727
181418,0.22869635171188207
181419,0.4784679644215779
181420,0.09245026611096213
181421,0.3754914303634653
181422,0.3778730212116116
181423,0.8306025333945397
181424,0.9351243744915259
181425,0.3897582503488303
181426,0.8043959440235251
181427,0.9394739593038847
181428,0.27123774548793067
181429,0.6978106635275724
181430,0.39880284154694323
181431,0.3185150508360566
181432,0.00643120429413556
181433,0.30358920284881896
181434,0.6563600747201405
181435,0.8293753778048459
181436,0.960153803500575
181437,0.6714313633698602
181438,0.3366405933979029
181439,0.7116366165047882
181440,0.8418332795505884
181441,0.34943937169633804
181442,0.2363138064093882
181443,0.20829375377804848
181444,0.7146317851477814
181445,0.17134273546616005
181446,0.061644115788947414
181447,0.9478186173138019
181448,0.014816767490375917
181449,0.28575908663263955
181450,0.6015789401920727
181451,0.12797869294294636
181452,0.43209511819326335
181453,0.16063921171160933
181454,0.6585916798851019
181455,0.6294671872230378
181456,0.24233141381958997
181457,0.7658950736520604
181458,0.5392076210907142
181459,0.5048836247449108
181460,0.4892396634866672
181461,0.3895309993137019
181462,0.9312883770185573
181463,0.7140045722908268
181464,0.24212688788797432
181465,0.8290299562314507
181466,0.42584571472723054
181467,0.5844987523918171
181468,0.34703051072397634
181469,0.7352707241581485
181470,0.7026102053894856
181471,0.67847160043814
181472,0.14639511682975717
181473,0.8357929470368738
181474,0.6664636557419519
181475,0.9193440626122052
181476,0.020293517436971928
181477,0.6218360974634239
181478,0.35341171979038366
181479,0.0957681312238377
181480,0.8238213625063062
181481,0.9406874798314707
181482,0.09130946591461724
181483,0.727003331500175
181484,0.4266138232259648
181485,0.8740574763318048
181486,0.6146640547947696
181487,0.5986428568182128
181488,0.9125265315583513
181489,0.804427759168443
181490,0.9887238036369256
181491,0.9947323210057222
181492,0.6756536876025471
181493,0.16492062121342962
181494,0.04864990160030179
181495,0.8738029551724609
181496,0.3983074342903632
181497,0.5921889274205645
181498,0.3270415096740766
181499,0.5540607487467106
181500,0.6709086859890647
181501,0.4599697301621209
181502,0.46699178714759043
181503,0.13596429431736062
181504,0.020911640252521353
181505,0.596288536094282
181506,0.26706087146226953
181507,0.9018639129901237
181508,0.42305052699515044
181509,0.019020911640252523
181510,0.967466741811009
181511,0.408429195394985
181512,0.8221078897014377
181513,0.06508924148149493
181514,0.17231082487580732
181515,0.11379822835093012
181516,0.9547315938024098
181517,0.19496320805741268
181518,0.32072393089750517
181519,0.369342017352889
181520,0.557233173197104
181521,0.18777298530594808
181522,0.3861858640766108
181523,0.6635003022438768
181524,0.5866667272669427
181525,0.6862254057567233
181526,0.7410201753468988
181527,0.9848014507706083
181528,0.6247403656923658
181529,0.20592125297130728
181530,0.8440194345085242
181531,0.7300348603087887
181532,0.41519673122111067
181533,0.8435103921898365
181534,0.46197408429195397
181535,0.7445380213706874
181536,0.08692806595734044
181537,0.7325028065502839
181538,0.14809040955181552
181539,0.6771944496207181
181540,0.22389680984996888
181541,0.863481213156926
181542,0.19783111612073395
181543,0.5906799805473115
181544,0.6885160961908182
181545,0.37598683762004537
181546,0.9108857790847238
181547,0.4388081137709582
181548,0.23336863299412328
181549,0.7025102149340291
181550,0.3442535030747065
181551,0.3393403356952291
181552,0.9905190868144405
181553,0.6567282213970485
181554,0.5956931383822454
181555,0.323660014271365
181556,0.9843560387417565
181557,0.37250535176187727
181558,0.19526317942378227
181559,0.9553997118456874
181560,0.46365574195190457
181561,0.8623404129605811
181562,0.4254593879675122
181563,0.7381613573249827
181564,0.8174037932742785
181565,0.2899950459274342
181566,0.8781525399848196
181567,0.7143772639884375
181568,0.6379027456470066
181569,0.660627849159853
181570,0.5922798278346159
181571,0.3182514396353075
181572,0.7171724517205176
181573,0.28884061066898153
181574,0.3569704710004954
181575,0.43259052544984344
181576,0.2981579031092486
181577,0.9774294271910409
181578,0.5010339922098345
181579,0.40283881993082477
181580,0.695883574749683
181581,0.6452565891437636
181582,0.8957281350416552
181583,0.9825107603365133
181584,0.5085150962862637
181585,0.655773767049509
181586,0.8074774680598671
181587,0.9656578235713864
181588,0.4661555033383177
181589,0.007967421291603983
181590,0.7197267533553616
181591,0.343108157857659
181592,0.5186686725358035
181593,0.6974379718299617
181594,0.4435849305293585
181595,0.7056599142809096
181596,0.4127651451452361
181597,0.5352080028724532
181598,0.28413651424182235
181599,0.8417287440744293
181600,0.6449838879016094
181601,0.8854245731089305
181602,0.7463105794446894
181603,0.7775575967748534
181604,0.09444098517868747
181605,0.7637043736734221
181606,0.30826602915176277
181607,0.9864603833270461
181608,0.6685770903686467
181609,0.02416587507556097
181610,0.2699878647947241
181611,0.08253303093795591
181612,0.39721208430104393
181613,0.03207875611873412
181614,0.955077015375805
181615,0.39290794969571086
181616,0.019393603337863205
181617,0.6708177855750134
181618,0.8572681698565137
181619,0.3203330591170842
181620,0.4898623313229191
181621,0.16507969693801955
181622,0.031251562350866506
181623,0.47913153744415304
181624,0.6472882133978121
181625,0.9182578026642911
181626,0.15603056071920407
181627,0.4934983478849746
181628,0.5104921802918813
181629,0.8768435740224797
181630,0.4413715054472073
181631,0.44174419714481794
181632,0.20921184795996747
181633,0.48087228037323704
181634,0.26422932356456885
181635,0.9936642411406185
181636,0.874139286704451
181637,0.14534067202676107
181638,0.1263743006349394
181639,0.6953154471618619
181640,0.24261320510314924
181641,0.7365615100376782
181642,0.9677758032187838
181643,0.5935569786520378
181644,0.6025333945396122
181645,0.522018352793597
181646,0.002895178187536644
181647,0.4122606478472509
181648,0.9552497261625027
181649,0.02917903291049491
181650,0.4370537357797664
181651,0.9429327200585399
181652,0.9231573349816609
181653,0.9606264856536422
181654,0.6996832120570309
181655,0.23570477363524392
181656,0.5899345971520901
181657,0.9913917307893337
181658,0.24698096999831834
181659,0.47107776075920027
181660,0.32521895637234627
181661,0.6699724117243354
181662,0.22768735711591168
181663,0.6058830747974057
181664,0.9736479699665032
181665,0.4934210825330309
181666,0.752678153448989
181667,0.4630557992191654
181668,0.6345712454720233
181669,0.6326623367769441
181670,0.8329977593047937
181671,0.7009058226260221
181672,0.73750232932311
181673,0.5908890514996296
181674,0.9660396053104022
181675,0.3408810977134001
181676,0.9974684234686689
181677,0.73782048077229
181678,0.5084923711827508
181679,0.9651533262734011
181680,0.0670072402179792
181681,0.6776035014839493
181682,0.7615545788811068
181683,0.39183077978920194
181684,0.5233091386731267
181685,0.8570181937178724
181686,0.7231582439858013
181687,0.9208302843819454
181688,0.2749737525054426
181689,0.7387931152026397
181690,0.7536826030242568
181691,0.17209720890278657
181692,0.5931388367474014
181693,0.2619204530476636
181694,0.7230900686752628
181695,0.7449061680475955
181696,0.423909535907936
181697,0.7689175124192691
181698,0.845773812499716
181699,0.9451643252235014
181700,0.2962262693106567
181701,0.993996027651906
181702,0.48659446143777185
181703,0.6649865240136169
181704,0.8026370210116307
181705,0.18517323346407843
181706,0.7328618631857868
181707,0.9901873003031529
181708,0.3250007953786229
181709,0.6355438799023729
181710,0.6625458478963372
181711,0.4203053344907986
181712,0.6299898646038333
181713,0.8985733180014636
181714,0.9641897818844565
181715,0.15349443916717043
181716,0.41325146236041105
181717,0.6667318119634035
181718,0.10447184586925792
181719,0.46279218801841643
181720,0.21867458106271676
181721,0.5299312338367702
181722,0.8269937869566996
181723,0.9112130205753087
181724,0.3853586703087432
181725,0.12324278137086914
181726,0.06897523418219169
181727,0.6678589770976407
181728,0.03756914112743784
181729,0.5644052158657583
181730,0.7414292272101299
181731,0.6731130210298107
181732,0.7425518473236645
181733,0.5744451665977339
181734,0.48159948368564814
181735,0.19781748105862623
181736,0.6035969293840134
181737,0.8712850137032374
181738,0.20971634525795266
181739,0.9833334090836784
181740,0.9935869757886747
181741,0.6055921934724413
181742,0.880015998472873
181743,0.7861340508406016
181744,0.7880520495770859
181745,0.08980051904136423
181746,0.04628194581426318
181747,0.31820144440757925
181748,0.9247026420205344
181749,0.5075515518973189
181750,0.5171370005590377
181751,0.2993941487403475
181752,0.10933956304170965
181753,0.6146458747119593
181754,0.9163670740520223
181755,0.7292849318928648
181756,0.8259075270087856
181757,0.6324759909281388
181758,0.14637693674694688
181759,0.3805682184882352
181760,0.8147085959976548
181761,0.7321573849768886
181762,0.019257252716786126
181763,0.5144281682203062
181764,0.10593534253548526
181765,0.6669317928743166
181766,0.2822639657123638
181767,0.5912026579281069
181768,0.8183037073733871
181769,0.48897150726521554
181770,0.5375805036791943
181771,0.9352470900504952
181772,0.7709900418596407
181773,0.33230464364765183
181774,0.727753259916099
181775,0.7229946232405089
181776,0.29782611659796104
181777,0.18675944568927513
181778,0.39650760609214575
181779,0.6095190913594611
181780,0.70650983315229
181781,0.4858445330218479
181782,0.7528917694220097
181783,0.32126478836111094
181784,0.4086246312851955
181785,0.5462024079519683
181786,0.5206503015621237
181787,0.8337658678035279
181788,0.9916917021557033
181789,0.951004676826303
181790,0.06067148135859759
181791,0.5183368860245158
181792,0.13253734870762338
181793,0.147367751260107
181794,0.6469155217002014
181795,0.0345239772567164
181796,0.9908145131601075
181797,0.6049558905740816
181798,0.5344353493530163
181799,0.8153130837510965
181800,0.11020311697519782
181801,0.6833484076519969
181802,0.24280409597265717
181803,0.8774298816931112
181804,0.7007967421291604
181805,0.48364928802250695
181806,0.7149862967625817
181807,0.40747928606814804
181808,0.35807491103121974
181809,0.15005840351602803
181810,0.7724035432981398
181811,0.26729721253880306
181812,0.05998972825321219
181813,0.7019829925325309
181814,0.03430127124229051
181815,0.474077474422896
181816,0.8338885833624973
181817,0.4378127542370955
181818,0.9835424800359965
181819,0.2893042027806436
181820,0.6052240467955331
181821,0.1142027351934588
181822,0.6035787493012031
181823,0.2796142186427659
181824,0.6350212025215775
181825,0.026197499329609446
181826,0.12258375336899659
181827,0.3139563950713795
181828,0.4332131932860954
181829,0.32301007631089756
181830,0.32218742756373253
181831,0.4392626158412151
181832,0.5814263183968803
181833,0.723203694192827
181834,0.25618918194172374
181835,0.36408342840001634
181836,0.17648315388076594
181837,0.1489494184646011
181838,0.7056099190531814
181839,0.5727362388135678
181840,0.20482590298198808
181841,0.021679748751255563
181842,0.1918544138968553
181843,0.5838897196176729
181844,0.2078892469355198
181845,0.03189241026992878
181846,0.8151540080265066
181847,0.4545111602983351
181848,0.660796014925848
181849,0.6091418546411479
181850,0.5176096827121047
181851,0.22947809527272398
181852,0.46217861022356954
181853,0.8112543802637021
181854,0.7672903950077493
181855,0.9305748087682539
181856,0.19038637220992544
181857,0.1518218715486249
181858,0.6629458097181633
181859,0.5068607087505285
181860,0.39749387558460325
181861,0.03533753596247631
181862,0.9463778457510874
181863,0.9791292649338018
181864,0.22384681462224063
181865,0.5378532049213485
181866,0.47214584062430404
181867,0.09435462978533866
181868,0.2915358079456052
181869,0.7098776934928939
181870,0.895750860145168
181871,0.21908363292594799
181872,0.33444534839856194
181873,0.8693624699460507
181874,0.17855568332113755
181875,0.6815576694951846
181876,0.3931352007308393
181877,0.9472641247880884
181878,0.5118784116061649
181879,0.8973007122047442
181880,0.41953722599206433
181881,0.7585685002795188
181882,0.056790033678603406
181883,0.3780230068947964
181884,0.7603410583535208
181885,0.959108448738984
181886,0.03321501129437645
181887,0.4321860186073147
181888,0.46937337799573675
181889,0.24161330054858401
181890,0.3857859022547847
181891,0.6865117420609851
181892,0.9744887987964785
181893,0.5089423282323051
181894,0.3433308638720849
181895,0.16436158366701362
181896,0.02662473127565096
181897,0.8173765231500629
181898,0.5283904718185992
181899,0.13790047313665513
181900,0.4318360520132169
181901,0.4700187709355016
181902,0.06289399648215396
181903,0.40095263633925854
181904,0.23135064380218254
181905,0.26118870471454997
181906,0.9007185677730762
181907,0.6023652287736171
181908,0.8952918130542085
181909,0.3574158830293471
181910,0.40759291158571226
181911,0.5093241099713209
181912,0.5857213629608083
181913,0.8353657150908322
181914,0.5268997050281564
181915,0.07547461378686579
181916,0.30854327541461946
181917,0.8748028597270261
181918,0.06102144795269542
181919,0.77684402852455
181920,0.6483381131801056
181921,0.16862481308602362
181922,0.9151353734416261
181923,0.39794383263415767
181924,0.6331941041991447
181925,0.7250898777843934
181926,0.2811231655160189
181927,0.11232564164329768
181928,0.023770458274437443
181929,0.7413974120652119
181930,0.07983783366133232
181931,0.3252780416414796
181932,0.019066361847278217
181933,0.7659359788383836
181934,0.535294358265802
181935,0.35698410606260306
181936,0.6535194367810345
181937,0.733134564427941
181938,0.6223814999477323
181939,0.22835093013848679
181940,0.6232405088605179
181941,0.04055976474972844
181942,0.7219492684789179
181943,0.8728212307007058
181944,0.6298762390862691
181945,0.8609223665013794
181946,0.21915180823648653
181947,0.04379127446925521
181948,0.8503142881815826
181949,0.5969702891996673
181950,0.27436926475200096
181951,0.03283777457606319
181952,0.9650442457765396
181953,0.08840065266497288
181954,0.1130482999350062
181955,0.3916671590439094
181956,0.2948264029342653
181957,0.8141950086582644
181958,0.4855172915312629
181959,0.8422968716622504
181960,0.45770176483153874
181961,0.26192954308906874
181962,0.5170506451656888
181963,0.6269992409815427
181964,0.17325618918194174
181965,0.059580676389980956
181966,0.037978192990669075
181967,0.4709050499725026
181968,0.47645452025033974
181969,0.4481526763354407
181970,0.5032746874162012
181971,0.860736020652574
181972,0.9935733407265671
181973,0.3521027538280437
181974,0.153730780243704
181975,0.23463669377014013
181976,0.8731212020670754
181977,0.9536453338544958
181978,0.6000199980910913
181979,0.609341835552061
181980,0.18428240940637486
181981,0.10773971575440526
181982,0.339826652910404
181983,0.5892028488189763
181984,0.8750210207207494
181985,0.29997591139027635
181986,0.607242035987474
181987,0.05717181541761923
181988,0.700074083837452
181989,0.7990509996773035
181990,0.47887701628480916
181991,0.4664327496011744
181992,0.6786488562455403
181993,0.29083132973670694
181994,0.40294335540698384
181995,0.4732275555515155
181996,0.4726866980879098
181997,0.9437508237850023
181998,0.8685398211988856
181999,0.9128174128833157
182000,0.530672072211289
182001,0.5708636902841093
182002,0.22066075510973954
182003,0.4797769303839179
182004,0.4227869157944014
182005,0.7792165293312912
182006,0.5110466728175947
182007,0.2661973175287813
182008,0.8495734498070638
182009,0.5211684339222165
182010,0.31232473263915717
182011,0.20031269742433677
182012,0.029283568386654003
182013,0.7222401498038823
182014,0.795605873984756
182015,0.2223424127696902
182016,0.3319955822398771
182017,0.2799687302575663
182018,0.9112130205753087
182019,0.028292753873493896
182020,0.40057539962094524
182021,0.6455565605101331
182022,0.6040196163093523
182023,0.41594211461633207
182024,0.25599374605151326
182025,0.7310529449461642
182026,0.9479776930383917
182027,0.9245572013580522
182028,0.5227001058989824
182029,0.9454461165070607
182030,0.754882488489735
182031,0.28534094472800325
182032,0.8443284959162989
182033,0.899032365092423
182034,0.8409651805963976
182035,0.24701278514323632
182036,0.7910653983028892
182037,0.5753541707382478
182038,0.47498647856340986
182039,0.658568954781589
182040,0.4028297298894196
182041,0.5851759604765
182042,0.8589452824957617
182043,0.7105003613291458
182044,0.2905677185359579
182045,0.20949363924352676
182046,0.8474736502424769
182047,0.16038469055226545
182048,0.17018375518700488
182049,0.5596783943350861
182050,0.22652837683675647
182051,0.22709650442457766
182052,0.4862399498229714
182053,0.0874643784002436
182054,0.4718549592993396
182055,0.09822244240322513
182056,0.06289399648215396
182057,0.19335881574940575
182058,0.666431840597034
182059,0.5993927852341369
182060,0.438271801328055
182061,0.4229823516846119
182062,0.98851927770531
182063,0.6460656028288209
182064,0.9845242045077516
182065,0.25078969734707135
182066,0.8483235691138574
182067,0.5682639384422397
182068,0.21809281841278788
182069,0.47526372482626655
182070,0.34797133000940816
182071,0.9193849677985284
182072,0.5983837906381665
182073,0.1873275732770963
182074,0.7839524409033684
182075,0.5616327532371911
182076,0.4334313542798187
182077,0.7328482281236792
182078,0.6998604678644311
182079,0.9197531144754364
182080,0.3785456842755918
182081,0.1679294249185305
182082,0.24599924552656338
182083,0.27124229050863324
182084,0.15863940260247886
182085,0.36019289067861704
182086,0.09639079906008971
182087,0.07361570031951495
182088,0.7755623326864255
182089,0.6582598933738143
182090,0.11099395057744486
182091,0.12163838906286217
182092,0.9269115220819831
182093,0.26116143459033453
182094,0.6167865794628695
182095,0.06066239131719245
182096,0.031910590352739056
182097,0.9529908508733258
182098,0.8042459583403402
182099,0.6184727821435227
182100,0.5354216188454738
182101,0.3503347407747442
182102,0.4657464514750864
182103,0.24479027001967996
182104,0.20070356920475774
182105,0.5230228023688648
182106,0.5666413660514225
182107,0.31677885292767505
182108,0.5070606896614415
182109,0.3098931465632826
182110,0.4527704173692511
182111,0.2475172824412215
182112,0.3716145277041737
182113,0.43928988596543056
182114,0.7194767772167202
182115,0.8372064484753728
182116,0.7916153458079003
182117,0.1599665486476291
182118,0.65895982656201
182119,0.6030288017961922
182120,0.15467159952913584
182121,0.13246917339708483
182122,0.3114157284986433
182123,0.7025693002031624
182124,0.39754841583303413
182125,0.7070461455951932
182126,0.5201003540571127
182127,0.40368873880220524
182128,0.6579644670281473
182129,0.3820044450302471
182130,0.1744606196681226
182131,0.38217261079624215
182132,0.9555996927566005
182133,0.9488185218683671
182134,0.427350116579781
182135,0.3977847569095677
182136,0.8995323173697057
182137,0.8747755896028107
182138,0.0016907477013557797
182139,0.24894441894182828
182140,0.6634730321196612
182141,0.014575881393139745
182142,0.4557610409915417
182143,0.6124051795055927
182144,0.21087532553710783
182145,0.7531781057262716
182146,0.5768585725907982
182147,0.3977574867853523
182148,0.07816072102208425
182149,0.6119188622904177
182150,0.8682625749360289
182151,0.0311788420196254
182152,0.8598542866362756
182153,0.5513928215943024
182154,0.9372741692838411
182155,0.6935519791292649
182156,0.9445280223251418
182157,0.40422050622440586
182158,0.12102026624731275
182159,0.046395571331827416
182160,0.7517555142463673
182161,0.5065152871771331
182162,0.03343317228809977
182163,0.8898286981697202
182164,0.510051313283732
182165,0.7996782125342581
182166,0.34667599910917596
182167,0.5266497288895151
182168,0.10169483821998808
182169,0.20256702769281115
182170,0.28384563291685794
182171,0.4692006672090391
182172,0.16570236477427155
182173,0.3878993368814795
182174,0.4071474995568604
182175,0.5550015680321425
182176,0.4900304970889142
182177,0.895846305579922
182178,0.3867630817058372
182179,0.9032092391180842
182180,0.8617677403520573
182181,0.6973152562709923
182182,0.04789088314297272
182183,0.1269106130778426
182184,0.42281418591861686
182185,0.4817040191618072
182186,0.4807404747728626
182187,0.17356070556901387
182188,0.557687675267361
182189,0.9945550651983219
182190,0.16745219774476075
182191,0.26052513169197483
182192,0.08137405065880074
182193,0.0698615132191927
182194,0.4522977352161839
182195,0.5994064202962445
182196,0.10329014048658991
182197,0.8263711191204476
182198,0.5923025529381287
182199,0.15664868353475353
182200,0.18207352934492618
182201,0.5039791656250995
182202,0.21794283272960308
182203,0.039332609160034726
182204,0.3011258016280264
182205,0.6143868085319129
182206,0.4900759472959399
182207,0.34927575095104557
182208,0.6949109403193332
182209,0.09808609178214805
182210,0.8285890892233014
182211,0.6358574863308503
182212,0.22379227437380977
182213,0.3792592525258952
182214,0.5049063498484236
182215,0.9900509496820759
182216,0.5262770371919044
182217,0.011539807563823454
182218,0.2290326832438722
182219,0.22610568991141755
182220,0.6059557951286468
182221,0.7769076588143858
182222,0.6549329382195337
182223,0.8806795714954483
182224,0.6011289831425183
182225,0.48434922121070256
182226,0.28148222215152185
182227,0.16502515668958873
182228,0.27308302389317385
182229,0.7639861649569815
182230,0.2667336299716845
182231,0.11160752837229174
182232,0.7080051449634354
182233,0.6111871139573042
182234,0.6496379891010403
182235,0.100640393416992
182236,0.7428427286486291
182237,0.7584139695756315
182238,0.7627090141395594
182239,0.9698756027833707
182240,0.4690415914844492
182241,0.46473291185841353
182242,0.01110803059707937
182243,0.7153589884601924
182244,0.390721794737775
182245,0.7747351389185578
182246,0.9491184932347367
182247,0.969398375609601
182248,0.2883497484331041
182249,0.6644320314879034
182250,0.13993209739070364
182251,0.4646511014857672
182252,0.07936060648756255
182253,0.4872489444189418
182254,0.33802227969148396
182255,0.5520700296789852
182256,0.9151762786279491
182257,0.8885833624972161
182258,0.10848055412892406
182259,0.6729084950981952
182260,0.5296767126774262
182261,0.7194358720303972
182262,0.40772017216538414
182263,0.8896150821966994
182264,0.7493921034810314
182265,0.3621745197049372
182266,0.7516009835424801
182267,0.49732525531653793
182268,0.36026561100985816
182269,0.28796796669408825
182270,0.38783570659164346
182271,0.13870494180100992
182272,0.4892851136936929
182273,0.5657596320351239
182274,0.3354407079324246
182275,0.06883433854041204
182276,0.40143895355443343
182277,0.7518327795983111
182278,0.14450438821748834
182279,0.6394026024788543
182280,0.24692188472918494
182281,0.04334131741970085
182282,0.9151035582967081
182283,0.5014339540316607
182284,0.625708455102013
182285,0.27853250371555444
182286,0.012839683484758271
182287,0.6240177074006572
182288,0.9033683148426741
182289,0.13556433249553454
182290,0.16928838610859873
182291,0.08857336345167051
182292,0.33937215084014705
182293,0.5482885724544475
182294,0.8408970052858591
182295,0.022079710573081664
182296,0.9554360720113081
182297,0.6034696688043414
182298,0.2372409906327123
182299,0.8947645906527105
182300,0.7214902213879585
182301,0.822198790115489
182302,0.3540071175024202
182303,0.020570763699828656
182304,0.2390680889551452
182305,0.5131737425063971
182306,0.3245644733911763
182307,0.30439821653387633
182308,0.4841810554447076
182309,0.7677312620158985
182310,0.5705682639384422
182311,0.6263083978347521
182312,0.08137859567950331
182313,0.5401848005417665
182314,0.22420587125774358
182315,0.03155607873793865
182316,0.376654955663323
182317,0.2437630953408993
182318,0.10196753946214225
182319,0.37941832825048516
182320,0.6170320105808081
182321,0.37141000177255806
182322,0.1941496493516528
182323,0.5549924779907373
182324,0.18104635466614552
182325,0.9511319374059749
182326,0.011162570845510202
182327,0.5109512273828408
182328,0.8039459869739707
182329,0.9420418960008363
182330,0.39574858763481663
182331,0.9620581671749515
182332,0.9638943555387894
182333,0.8108998686489017
182334,0.30877052644974795
182335,0.2061848641720563
182336,0.03895991746242404
182337,0.5504520023088706
182338,0.3290504088246122
182339,0.130283018439149
182340,0.8749528454102109
182341,0.025842987714809043
182342,0.9068179855559243
182343,0.6946882343049073
182344,0.18095090923139154
182345,0.570845510201299
182346,0.33101385776812214
182347,0.3338181355416074
182348,0.9505229046318306
182349,0.3843724008162857
182350,0.08040596124915347
182351,0.26396571236381977
182352,0.815508519641307
182353,0.1875911844778453
182354,0.6165593284277411
182355,0.6353620790742702
182356,0.9039864376582236
182357,0.8922148340385692
182358,0.6457929015866668
182359,0.8527276941746469
182360,0.8448648083592021
182361,0.812722421950632
182362,0.824203144245322
182363,0.5718726848800797
182364,0.15341717381522674
182365,0.9521182068984325
182366,0.09035955658778026
182367,0.44253048572636244
182368,0.333990846328305
182369,0.09557269533362724
182370,0.0806832075120102
182371,0.9188850155212458
182372,0.23935442525940706
182373,0.5511973857040919
182374,0.9774521522945537
182375,0.47030056221906086
182376,0.23816817485603647
182377,0.6102417496511697
182378,0.01434863035801128
182379,0.5571559078451603
182380,0.5293358361247336
182381,0.031810599897282535
182382,0.47999509137764124
182383,0.268669808790979
182384,0.9661168706623459
182385,0.34551701883002073
182386,0.8224805813990483
182387,0.9278659764295226
182388,0.867848978052095
182389,0.4140695660868735
182390,0.06626185682275781
182391,0.5479476959017548
182392,0.9013412356093282
182393,0.14142286418114636
182394,0.15853486712631976
182395,0.7152317278805206
182396,0.19573131655614692
182397,0.6581280877734399
182398,0.06258039005367669
182399,0.5839851650524269
182400,0.2940310243113157
182401,0.6016516605233138
182402,0.0423414128651356
182403,0.20756655046563738
182404,0.591761695474523
182405,0.7409838151812782
182406,0.6648683534753501
182407,0.8859245253862131
182408,0.09241845096604413
182409,0.7207721081169525
182410,0.946023334136287
182411,0.9930870235113921
182412,0.6119961276423614
182413,0.46839619854468434
182414,0.15113557342253695
182415,0.18641402411587985
182416,0.8426332031942405
182417,0.7514373627971875
182418,0.8006735720681208
182419,0.2778371155480613
182420,0.7962058167174952
182421,0.154417078369792
182422,0.5064243867630818
182423,0.14892669336108827
182424,0.3318183264324769
182425,0.4678962462674017
182426,0.8573363451670523
182427,0.5969657441789648
182428,0.8944282591207203
182429,0.11302557483149335
182430,0.24054067566277765
182431,0.7699128719531317
182432,0.9514546338758573
182433,0.027488285209139127
182434,0.8300798560137442
182435,0.7867203585112331
182436,0.7027238309070498
182437,0.43933079115175366
182438,0.6879752387272124
182439,0.41714200008181035
182440,0.28442739556678676
182441,0.903263779366515
182442,0.4865899164170693
182443,0.14090927684175603
182444,0.6484790088218852
182445,0.8212443357679495
182446,0.4172283554751592
182447,0.3659559769294749
182448,0.05491294012844229
182449,0.07663359406602097
182450,0.5487339844832994
182451,0.8801205339490321
182452,0.6017698310615804
182453,0.2498170629167216
182454,0.8335840669754251
182455,0.9433463169424737
182456,0.4856081919453143
182457,0.5489703255598329
182458,0.18574590607260216
182459,0.9284022888724259
182460,0.5908845064789271
182461,0.8507597002104346
182462,0.8145767903972803
182463,0.7174406079419693
182464,0.4239322610114489
182465,0.27401020811649796
182466,0.6226451111484813
182467,0.3091023129610355
182468,0.05851259652487717
182469,0.827548279482413
182470,0.8638039096268084
182471,0.9231164297953377
182472,0.14740865644643011
182473,0.5484340131169297
182474,0.5792583435217548
182475,0.7485467296303535
182476,0.7434290363192605
182477,0.7576367710354921
182478,0.6058876198181083
182479,0.021725198958281254
182480,0.9021820644393035
182481,0.5464614741320147
182482,0.3484440121624754
182483,0.0237022829638989
182484,0.9447507283395676
182485,0.810231750605624
182486,0.667581730834784
182487,0.3576067738988551
182488,0.18771844505751725
182489,0.5754496161730016
182490,0.860008817340163
182491,0.29095404529567626
182492,0.04832720513041937
182493,0.6673135746133323
182494,0.2665927343299048
182495,0.9270296926202498
182496,0.1264742910903959
182497,0.4040023452306825
182498,0.49808427377386705
182499,0.18650492452993123
182500,0.04874080201435317
182501,0.39990273655696496
182502,0.29649442553210825
182503,0.8204489571449998
182504,0.5838306343485394
182505,0.21477495329991228
182506,0.9355516064375674
182507,0.19688575181459952
182508,0.6415296721676568
182509,0.7264579290158667
182510,0.3802273419355425
182511,0.3666468200762654
182512,0.9426963789820063
182513,0.3172197199358243
182514,0.1704746365119693
182515,0.7762759009367288
182516,0.791869866967244
182517,0.4465210139032183
182518,0.3042800459956095
182519,0.23860449684348314
182520,0.5438935374350631
182521,0.43258143540843824
182522,0.4894987296667136
182523,0.16375255089286933
182524,0.18312342912721968
182525,0.8593225192140751
182526,0.7746124233595885
182527,0.21618845473841133
182528,0.49574358811204383
182529,0.6699087814344994
182530,0.12200653573977029
182531,0.7943469032501443
182532,0.09549997500238613
182533,0.9216938383154336
182534,0.11792056212816049
182535,0.415383077069916
182536,0.816849300748565
182537,0.5434390353648061
182538,0.7266579099267797
182539,0.9790519995818581
182540,0.9762340867462651
182541,0.272405815808491
182542,0.3580521859277069
182543,0.4508933238190899
182544,0.7326164320678481
182545,0.31866049149853876
182546,0.05954886124506297
182547,0.5640825193958758
182548,0.24404488662445858
182549,0.41392412542439133
182550,0.1291740333877221
182551,0.7054826584735093
182552,0.5010067220856191
182553,0.5324809904509116
182554,0.7361751832779598
182555,0.47867249035319354
182556,0.5976793124292681
182557,0.1443907626999241
182558,0.5952340912912859
182559,0.43161789101949355
182560,0.11411183477940741
182561,0.5698683307502467
182562,0.6463655741951906
182563,0.13050117943287232
182564,0.4557883111157571
182565,0.26409751796419434
182566,0.650887869794247
182567,0.6481472223105976
182568,0.18744119879466054
182569,0.15991655341990083
182570,0.8659309793156108
182571,0.6504788179310158
182572,0.8019916280718659
182573,0.16688407015693957
182574,0.0643983983347044
182575,0.21115711682066712
182576,0.04950436549238482
182577,0.8182037169179306
182578,0.012294281000449957
182579,0.019025456660955092
182580,0.48837156453247643
182581,0.3666104599106449
182582,0.15349443916717043
182583,0.04864081155889665
182584,0.5230637075551879
182585,0.7501102167520373
182586,0.7737579594675054
182587,0.09915417164725183
182588,0.44506206225769357
182589,0.837215538516778
182590,0.30622985987701173
182591,0.49063498484235596
182592,0.778130269383377
182593,0.4835447525463478
182594,0.7453697601592576
182595,0.36127915062653104
182596,0.6606869344289864
182597,0.3433808590998132
182598,0.9066634548520369
182599,0.6072511260288791
182600,0.32825048518095995
182601,0.4485026429295385
182602,0.9828334568063958
182603,0.3607973784320587
182604,0.9639761659114358
182605,0.05250407915608056
182606,0.4260911458451693
182607,0.31012494261911355
182608,0.4204325950704705
182609,0.7076415433072298
182610,0.17068825248499006
182611,0.8663582112616524
182612,0.548284027433745
182613,0.958222169701983
182614,0.8237304620922549
182615,0.923493666513651
182616,0.05333127292394817
182617,0.7066916339803928
182618,0.532930947500466
182619,0.766385935887938
182620,0.22811004404125063
182621,0.7618727303302867
182622,0.4979433781320874
182623,0.43613564159784746
182624,0.2690788606542103
182625,0.3121838369973775
182626,0.1581439953458988
182627,0.006349393921489312
182628,0.8941964630648893
182629,0.6596824848537185
182630,0.8990414551338282
182631,0.3025892982942537
182632,0.3193376995832216
182633,0.6223133246371938
182634,0.20419869012503353
182635,0.6987378477508965
182636,0.8250939683030256
182637,0.5172869862422224
182638,0.11240290699524136
182639,0.604878625222138
182640,0.942255511973857
182641,0.35877484421941536
182642,0.7042509578631131
182643,0.0313424627649179
182644,0.18013735052563165
182645,0.3684920984815086
182646,0.6101781193613338
182647,0.5388303843724008
182648,0.03726007971966312
182649,0.5393530617531963
182650,0.4423623199603674
182651,0.706805259497957
182652,0.4072929402193427
182653,0.472504897259807
182654,0.9773248917148818
182655,0.9218710941228337
182656,0.34712595615873026
182657,0.18462328595906755
182658,0.9224892169383833
182659,0.6639866194590517
182660,0.30184391489903234
182661,0.6237904563655288
182662,0.9776612232468719
182663,0.615577603955986
182664,0.6692270283291141
182665,0.1255471068670718
182666,0.7771530899323247
182667,0.8971461815008568
182668,0.19705391758059457
182669,0.9084678280709568
182670,0.10428095499975001
182671,0.43607655632871406
182672,0.2391135391621709
182673,0.02819730843873994
182674,0.6743038164538839
182675,0.8923375495975384
182676,0.991832597797483
182677,0.6007244762999896
182678,0.075029201758014
182679,0.6297353434444894
182680,0.912076574508797
182681,0.36242904086428107
182682,0.6846846437385523
182683,0.5787265760995542
182684,0.16322532849137128
182685,0.2682289417828298
182686,0.1712654701142164
182687,0.7735125283495667
182688,0.11026220224433123
182689,0.18675490066857253
182690,0.0784788724712641
182691,0.5814854036660138
182692,0.520868462555847
182693,0.6854891124029071
182694,0.17875566423205058
182695,0.8164402488853337
182696,0.3251735061653206
182697,0.027597365706000795
182698,0.2295053653969394
182699,0.2917994191463542
182700,0.606882979351971
182701,0.7618318251439636
182702,0.765731452906768
182703,0.9579494684598289
182704,0.484281045900164
182705,0.5751178296617141
182706,0.13785956795033202
182707,0.5074697415246726
182708,0.7247262761281879
182709,0.8454602060712387
182710,0.8987414837674587
182711,0.49974320633030483
182712,0.6647547279577859
182713,0.6237086459928826
182714,0.7992509805882165
182715,0.5023111430272565
182716,0.09025047609091859
182717,0.7463151244653919
182718,0.9214893123838179
182719,0.7946241495130011
182720,0.16894296453520347
182721,0.30985224137695944
182722,0.5983656105553561
182723,0.8694942755464251
182724,0.048418105544470756
182725,0.8131632889587812
182726,0.3613018757300439
182727,0.488903331954677
182728,0.3423673194831402
182729,0.7899745933342727
182730,0.13067843524027253
182731,0.9655623781366324
182732,0.3122565573286186
182733,0.15298994186918521
182734,0.4349721162979897
182735,0.9585175960476501
182736,0.887519827652815
182737,0.20816649319837652
182738,0.3883129337654133
182739,0.030419823562296326
182740,0.40249339835742953
182741,0.6621640661573214
182742,0.8102090255021113
182743,0.7680675935478887
182744,0.11580712750146577
182745,0.1811099849559815
182746,0.4579153808045595
182747,0.2598206534830766
182748,0.26737447789074675
182749,0.7165179687393476
182750,0.772517168815704
182751,0.61632753237191
182752,0.8130996586689453
182753,0.9378195717681495
182754,0.25070788697442514
182755,0.5091423091432182
182756,0.6852618613677786
182757,0.28680444139423056
182758,0.4274637420973453
182759,0.17803300594034205
182760,0.171110939410329
182761,0.6664591107212494
182762,0.14913121929270387
182763,0.9562041805100422
182764,0.15479886010880778
182765,0.14389990046404663
182766,0.6674135650687889
182767,0.3899900464046614
182768,0.4497388885606374
182769,0.894178282982079
182770,0.3833225010339922
182771,0.45317037919107717
182772,0.35657505419937185
182773,0.8676399070997769
182774,0.2685561832734148
182775,0.6946200589943688
182776,0.3303593747869521
182777,0.847714536339713
182778,0.8595315901663932
182779,0.35444343948986684
182780,0.3357543143609019
182781,0.27222401498038823
182782,0.5691047672722149
182783,0.3091886683543843
182784,0.07706537103276505
182785,0.14210007226582919
182786,0.9677167179496503
182787,0.02912449266206408
182788,0.7828798160175621
182789,0.2578026642911358
182790,0.2712786506742538
182791,0.36946018789115587
182792,0.4531840142531849
182793,0.2085846351030129
182794,0.5933842678653402
182795,0.49175760495589055
182796,0.26896523513664605
182797,0.5191458997095733
182798,0.5883438399061908
182799,0.9947959512955582
182800,0.05449479822380591
182801,0.3138609496366256
182802,0.906999786384027
182803,0.648260847828162
182804,0.7133455442889542
182805,0.31716517968739344
182806,0.17043373132564618
182807,0.14253184923257328
182808,0.6257584503297413
182809,0.988055685593648
182810,0.782975261452316
182811,0.3607564732457356
182812,0.38519050454274817
182813,0.06177137636861936
182814,0.855450161575486
182815,0.49687075324628105
182816,0.3172288099772294
182817,0.402234332177383
182818,0.5133191831688794
182819,0.9301384867808073
182820,0.8564818812749693
182821,0.42647292758418515
182822,0.7306984333313639
182823,0.11075306448020869
182824,0.255162007262943
182825,0.6054603878720668
182826,0.3521572940764745
182827,0.6236313806409388
182828,0.2813913217374705
182829,0.39183077978920194
182830,0.7846432840501588
182831,0.12955127010603534
182832,0.4500706750719249
182833,0.009276387253943941
182834,0.33582248967144046
182835,0.6874071111393912
182836,0.09594538703123792
182837,0.4536976015925753
182838,0.8602497034373991
182839,0.2232877770758246
182840,0.31471541352870863
182841,0.5937933197285713
182842,0.7132500988542003
182843,0.5448479917826026
182844,0.21824734911667523
182845,0.7213902309325019
182846,0.35263452125024425
182847,0.5959067543552661
182848,0.6872525804355039
182849,0.12062484944618923
182850,0.5966657728125953
182851,0.3730234841219702
182852,0.048254484799178265
182853,0.3606655728316842
182854,0.15638961735470705
182855,0.8477327164225233
182856,0.10101308511460269
182857,0.09451370550992859
182858,0.7125274405624917
182859,0.6335667958967554
182860,0.8537548688534277
182861,0.7075415528517732
182862,0.5028474554701596
182863,0.8647265488294299
182864,0.7264215688502461
182865,0.5343898991459906
182866,0.7309165943250872
182867,0.10757609500911276
182868,0.5638234532158294
182869,0.6443566750446549
182870,0.6925066243676741
182871,0.22892814776771309
182872,0.3925534380809104
182873,0.5936342440039815
182874,0.32418269165216046
182875,0.7784711459360697
182876,0.563437126456111
182877,0.7844387581185432
182878,0.6286672635793856
182879,0.3545616100281337
182880,0.9323019166352303
182881,0.9506456201908
182882,0.5573695238181811
182883,0.5563105339944824
182884,0.49916598870107853
182885,0.09155944205325856
182886,0.4561655478340704
182887,0.9212393362451766
182888,0.05049063498484235
182889,0.21037537325982522
182890,0.25465296494425527
182891,0.5881847641816008
182892,0.3281186795805855
182893,0.9502092982033533
182894,0.832138750392008
182895,0.20231250653346727
182896,0.20339422146067876
182897,0.7774257911744789
182898,0.7624317678767027
182899,0.09625444843901264
182900,0.6364028888151586
182901,0.10647165497838841
182902,0.6609050954227097
182903,0.9818108271483177
182904,0.8562591752605433
182905,0.6286354484344677
182906,0.24742638202717013
182907,0.3722735557060462
182908,0.6397934742592752
182909,0.6636684680098719
182910,0.11302102981079079
182911,0.09188668354384354
182912,0.7296258084455575
182913,0.3835770221933361
182914,0.18893196558510325
182915,0.1470132396453066
182916,0.6262174974207008
182917,0.5292085755450616
182918,0.9516637048281755
182919,0.9786838529049501
182920,0.7060189709164126
182921,0.08042414133196375
182922,0.9065907345207959
182923,0.7185314129105859
182924,0.3553115384440576
182925,0.8101408501915727
182926,0.9681075897300713
182927,0.9420964362492671
182928,0.4803314229096313
182929,0.15833488621540673
182930,0.815276723585476
182931,0.21222519668577092
182932,0.13301912090209572
182933,0.4231959676576326
182934,0.3129746705996246
182935,0.8794342358229442
182936,0.22416496607142047
182937,0.3032892314824494
182938,0.8943100885824535
182939,0.4426350212025216
182940,0.34400807195676775
182941,0.26221133437262806
182942,0.8098272437630953
182943,0.9023729553088115
182944,0.8323887265306493
182945,0.5233136836938292
182946,0.048509005958522144
182947,0.3021302512032942
182948,0.2544302589298294
182949,0.18205080424141334
182950,0.22478308888696988
182951,0.022647838160902822
182952,0.644756636866481
182953,0.48781707200676294
182954,0.985015066743629
182955,0.045927434199462776
182956,0.6138641311511175
182957,0.9505001795283178
182958,0.9429145399757297
182959,0.5858622586025879
182960,0.14564518841383323
182961,0.12595615873030303
182962,0.15349443916717043
182963,0.2590798151085578
182964,0.4896441703291958
182965,0.13818226442021445
182966,0.7355570604624104
182967,0.6846755536971472
182968,0.6455929206757537
182969,0.9619354516159822
182970,0.6648547184132424
182971,0.9508001508946874
182972,0.4296726221587939
182973,0.025383940623849542
182974,0.22169701982992535
182975,0.9343789910963044
182976,0.8494552792687972
182977,0.5088696079010641
182978,0.8107635180278246
182979,0.5769676530876598
182980,0.090573172560801
182981,0.470995950386554
182982,0.3196876661773194
182983,0.7676539966639548
182984,0.5498429695347262
182985,0.36836029288113403
182986,0.9063543934442622
182987,0.7268260756927748
182988,0.8652492262102255
182989,0.8905604465028338
182990,0.751569168397562
182991,0.6065330127578732
182992,0.38411787965694183
182993,0.5500884006526651
182994,0.7266806350302926
182995,0.12348366746810531
182996,0.6914385445025703
182997,0.07490194117834206
182998,0.0786561282786643
182999,0.2985215047654542
183000,0.35103467396293986
183001,0.7764031615164008
183002,0.055308356929565816
183003,0.3859131628344567
183004,0.18570500088627906
183005,0.25137600501770285
183006,0.5564832447811799
183007,0.6374527885974521
183008,0.8541230155303358
183009,0.519686757173179
183010,0.8512960126533377
183011,0.5275178278437059
183012,0.4308861426863799
183013,0.9888237940923822
183014,0.2737693220192618
183015,0.039128083228419104
183016,0.4223778639311702
183017,0.9887056235541153
183018,0.16361620027179224
183019,0.7048281754923394
183020,0.8088137041464225
183021,0.9321201158071275
183022,0.5096786215861213
183023,0.43111339372150836
183024,0.00311788420196254
183025,0.04446848255393803
183026,0.5448479917826026
183027,0.37944559837470054
183028,0.06982060803286959
183029,0.4927847796346712
183030,0.4636693770140123
183031,0.9293340181164526
183032,0.43809909054135737
183033,0.9006867526281582
183034,0.7361115529881239
183035,0.024397671131392004
183036,0.902145704273683
183037,0.3377859386149504
183038,0.8557137727762351
183039,0.7283986528558638
183040,0.8583407947423201
183041,0.7397157544052614
183042,0.0159893828316388
183043,0.14615877575322356
183044,0.19456779125628917
183045,0.4928438649038046
183046,0.7462060439685303
183047,0.3354770680980452
183048,0.7605364942437313
183049,0.46190590898141537
183050,0.2691697610682616
183051,0.7908381472677608
183052,0.8019279977820299
183053,0.8447829979865559
183054,0.8565364215234001
183055,0.6973697965194231
183056,0.18870471454997478
183057,0.31232473263915717
183058,0.7729716708859609
183059,0.03795546788715622
183060,0.1086487198949191
183061,0.5202821548852156
183062,0.8259984274228369
183063,0.5539107630635257
183064,0.954645238409061
183065,0.983801546216043
183066,0.1194885942705469
183067,0.2932765508746892
183068,0.6361165525108967
183069,0.9720617577413065
183070,0.8665081969448372
183071,0.45471568622995073
183072,0.8622904177328528
183073,0.568313933669968
183074,0.2950536539693938
183075,0.04827720990269111
183076,0.48228578181173615
183077,0.6023924988978324
183078,0.4233641334236277
183079,0.7526372482626659
183080,0.2182837092822958
183081,0.5319264979251981
183082,0.15034019479958732
183083,0.7635271178660219
183084,0.11571168206671181
183085,0.3110521268424377
183086,0.2628430922502852
183087,0.42840001636207453
183088,0.5155416982924358
183089,0.5619554497070735
183090,0.8188900150440186
183091,0.3506392571618163
183092,0.558814840401598
183093,0.9027229219029093
183094,0.8216988378382064
183095,0.9481731289286023
183096,0.9997409338199535
183097,0.26788806523013714
183098,0.4496388981051808
183099,0.06236222905995337
183100,0.4044113970939137
183101,0.19288158857563595
183102,0.6901341235609328
183103,0.14037296439885283
183104,0.4445939251253289
183105,0.9037773667059054
183106,0.020466228223669558
183107,0.7096186273128474
183108,0.6474836492880225
183109,0.5625326673362997
183110,0.893587430290745
183111,0.5743406311215747
183112,0.38540412051576894
183113,0.2255375623235964
183114,0.48213579612855134
183115,0.0755473341181069
183116,0.1262970352829957
183117,0.4873216647501829
183118,0.6395389530999314
183119,0.8434149467550824
183120,0.8312797414792225
183121,0.5907799710027679
183122,0.8117134273546616
183123,0.9211575258725303
183124,0.6070329650351558
183125,0.7242899541407412
183126,0.12829229937142364
183127,0.26954245276587235
183128,0.9650851509628626
183129,0.1396230359829289
183130,0.5774630603442399
183131,0.8161266424568564
183132,0.5795264997432064
183133,0.04708641447861795
183134,0.21156162366319578
183135,0.5130646620095355
183136,0.02443857631771513
183137,0.5066652728603179
183138,0.4836992832502352
183139,0.9511955676958108
183140,0.46813258734393537
183141,0.7057735397984738
183142,0.44847991782602564
183143,0.9451143299957732
183144,0.004754091654887488
183145,0.821185250498816
183146,0.30740247521827463
183147,0.9767931242926812
183148,0.835411165297858
183149,0.27062416769308384
183150,0.8677989828243668
183151,0.5762904450029771
183152,0.39312611068943415
183153,0.0026770171938133177
183154,0.22369682893905582
183155,0.42770917321528396
183156,0.34575335990655437
183157,0.15816217542870908
183158,0.7466832711423002
183159,0.7131455633780412
183160,0.8393289731434728
183161,0.4089064225687548
183162,0.19809018230078038
183163,0.6161639116266175
183164,0.060357874930120306
183165,0.4464437485512746
183166,0.49214393171560894
183167,0.13317365160598307
183168,0.671317737852296
183169,0.947795892210289
183170,0.20120806650274292
183171,0.5893937396884843
183172,0.5168279391512628
183173,0.6948745801537126
183174,0.8066366392298917
183175,0.7766395025929343
183176,0.5089923234600334
183177,0.8311070306925248
183178,0.16229814426804715
183179,0.9751887319846742
183180,0.14792678880652302
183181,0.3901036719222256
183182,0.9462824003163335
183183,0.5423618654582972
183184,0.5946159684757364
183185,0.2017125638007281
183186,0.4262774916939746
183187,0.05645824716731585
183188,0.36663318501415776
183189,0.48637175542334593
183190,0.038882652110480365
183191,0.8281209520909368
183192,0.8524277228082774
183193,0.22119252253194016
183194,0.15797128455920117
183195,0.3472304916348894
183196,0.18546865980974542
183197,0.12877861658659856
183198,0.5807354752500898
183199,0.6530285745451572
183200,0.6658546229678077
183201,0.18492325732543713
183202,0.17797392067120865
183203,0.14651328736802396
183204,0.5462842183246145
183205,0.9711527536007927
183206,0.654305725362579
183207,0.07225673912944673
183208,0.4868989778248439
183209,0.648565364215234
183210,0.11756605051336008
183211,0.7842069620627122
183212,0.34720322151067395
183213,0.5972020852554983
183214,0.8643584021525218
183215,0.852991305375396
183216,0.18146904159148444
183217,0.7819980820012635
183218,0.9535271633162289
183219,0.32252830411642525
183220,0.8628767254034843
183221,0.5287358933919944
183222,0.333104567291304
183223,0.5865440117079734
183224,0.08573727053326728
183225,0.4085200958090364
183226,0.9160489226028424
183227,0.4047068234395807
183228,0.774121561123711
183229,0.24719458597133911
183230,0.2580026452020489
183231,0.8949236663773004
183232,0.9517864203871449
183233,0.6423432308734166
183234,0.6252994032387817
183235,0.1443771276378164
183236,0.46952790869962413
183237,0.7040873371178206
183238,0.49301203066979965
183239,0.3741779193804227
183240,0.7299712300189528
183241,0.872471264106608
183242,0.2764917894201008
183243,0.23677285350034769
183244,0.1215611237109185
183245,0.27171951768240304
183246,0.03152880861372324
183247,0.1808872789415556
183248,0.7636361983628835
183249,0.4699096904386399
183250,0.31691520354875213
183251,0.5778039368969325
183252,0.7979511046672818
183253,0.04659100722203789
183254,0.27382840728839514
183255,0.2823412310643075
183256,0.7950604715004478
183257,0.035360261065989156
183258,0.2941901000359057
183259,0.8336749673894766
183260,0.069257025465751
183261,0.06987514828130043
183262,0.9311474813767777
183263,0.8989960049268024
183264,0.7311938405879439
183265,0.8173947032328732
183266,0.16375255089286933
183267,0.3547206857527236
183268,0.3183423400493589
183269,0.48318569591084487
183270,0.3897764304316406
183271,0.3097658859836106
183272,0.16381163616200273
183273,0.2910131305648097
183274,0.4122606478472509
183275,0.2476672681244063
183276,0.10869417010194482
183277,0.043732189200121806
183278,0.35207093868312567
183279,0.18437330982042624
183280,0.11702064802905177
183281,0.3784138786752173
183282,0.27594184191508986
183283,0.9102176610414461
183284,0.6991150844692098
183285,0.14822221515219003
183286,0.36184727821435225
183287,0.09310474909213211
183288,0.6105417210175393
183289,0.42630476181819005
183290,0.25457569959231163
183291,0.08859154353448079
183292,0.9526954245276588
183293,0.7436562873543889
183294,0.251057853568523
183295,0.27440107989691886
183296,0.35482522122888266
183297,0.888574272455811
183298,0.2381636298353339
183299,0.6691406729357653
183300,0.8360838283618381
183301,0.32822776007744714
183302,0.8068911603892356
183303,0.2579571949950232
183304,0.5706318942282782
183305,0.5481385867712628
183306,0.05604919530408461
183307,0.37023738643129517
183308,0.7913199194622331
183309,0.5790583626108418
183310,0.15742588207489286
183311,0.9128901332145569
183312,0.9905145417937379
183313,0.9334336267901701
183314,0.7860749655714683
183315,0.0357238627221947
183316,0.02551574622422405
183317,0.5250953318092364
183318,0.4535976111371187
183319,0.3496075374623331
183320,0.5733725417119275
183321,0.8131996491244018
183322,0.6260856918203264
183323,0.20997086641729654
183324,0.1500174983297049
183325,0.791406274855582
183326,0.2543120883915626
183327,0.6802077983465216
183328,0.28596815758495775
183329,0.9196576690406826
183330,0.5424936710586717
183331,0.99179169261116
183332,0.9309838606314852
183333,0.5745678821567033
183334,0.8675808218306434
183335,0.9884920075810946
183336,0.9952231832415996
183337,0.30443457669949686
183338,0.9743751732789143
183339,0.5292449357106822
183340,0.920316697042555
183341,0.09959503865540108
183342,0.014384990523631834
183343,0.2394226005699456
183344,0.8271574077019922
183345,0.41724199053726685
183346,0.3159743842633203
183347,0.35567059507956056
183348,0.6969380195526791
183349,0.8336158821203431
183350,0.03400129987592093
183351,0.03646924611741607
183352,0.26031606073965663
183353,0.21420228069138855
183354,0.8489189668258939
183355,0.6423250507906064
183356,0.08036505606283036
183357,0.5009294567336755
183358,0.5872666699996818
183359,0.48576726766990425
183360,0.18876379981910818
183361,0.2072665790992678
183362,0.6266220042632294
183363,0.2930765699637762
183364,0.8858654401170797
183365,0.9852695879029729
183366,0.9742888178855655
183367,0.39653487621636113
183368,0.9771976311352099
183369,0.042132341912817416
183370,0.4418896378073002
183371,0.20007635634780319
183372,0.18560955545152508
183373,0.7272533076388163
183374,0.2848728075956386
183375,0.26450656982742554
183376,0.6463019439053546
183377,0.5489294203735099
183378,0.18524140877461698
183379,0.7217401975265998
183380,0.7866749083042074
183381,0.6005608555546971
183382,0.044877534417169275
183383,0.45825171233654965
183384,0.719658578044823
183385,0.1564123424582199
183386,0.8503461033265006
183387,0.7283486576281356
183388,0.834524886260857
183389,0.6498606951154663
183390,0.9647624544929803
183391,0.11807054781134527
183392,0.7704628194581427
183393,0.24955345171597257
183394,0.1199476413615064
183395,0.41157434972116297
183396,0.5693865585557742
183397,0.5549152126387936
183398,0.819117266079147
183399,0.6774444257593594
183400,0.16158457601774376
183401,0.1696292626612914
183402,0.24107698810568085
183403,0.5253862131342009
183404,0.15674412896950746
183405,0.7305666277309893
183406,0.46311488448829885
183407,0.7300803105158143
183408,0.48445830170756427
183409,0.873716599779112
183410,0.5850350648347203
183411,0.3922352866317306
183412,0.7860113352816323
183413,0.2989441916907931
183414,0.2542620931638343
183415,0.5668186218588227
183416,0.5732361910908504
183417,0.8633312274737411
183418,0.22822821457951742
183419,0.9773930670254204
183420,0.5878711577531236
183421,0.7828298207898338
183422,0.4544475300084992
183423,0.18643220419869014
183424,0.12707423382313507
183425,0.39824834902122974
183426,0.3751869139763931
183427,0.7336890569536545
183428,0.9795201367142227
183429,0.47283668377109456
183430,0.050767881247699084
183431,0.07598365610555356
183432,0.20611668886151777
183433,0.8450784243322228
183434,0.6113598247440017
183435,0.2555119738570409
183436,0.7661086896250813
183437,0.8796569418373701
183438,0.699228709986774
183439,0.8517777848478101
183440,0.8574227005604012
183441,0.13718690488635177
183442,0.5684911894773681
183443,0.9781657205448572
183444,0.24066339122174704
183445,0.824203144245322
183446,0.9817062916721585
183447,0.7697265261043265
183448,0.1825871166843165
183449,0.06672090391371732
183450,0.047904518205080425
183451,0.8741620118079638
183452,0.29566723176424065
183453,0.7545325218956374
183454,0.6561100985814992
183455,0.8349384831447907
183456,0.631976038650856
183457,0.9157307711536626
183458,0.32037850932410994
183459,0.8728712259284341
183460,0.44395307720626664
183461,0.9588312024761273
183462,0.5026701996627595
183463,0.2928447739079451
183464,0.01883002077074461
183465,0.9727889610537176
183466,0.1503265597374796
183467,0.8544866171865414
183468,0.23285504565473297
183469,0.3594202371591802
183470,0.6672908495098195
183471,0.7707900609487276
183472,0.5143645379304703
183473,0.673976574963299
183474,0.8267847160043814
183475,0.4647919971275469
183476,0.7932970034678508
183477,0.4508342385499566
183478,0.40428413651424183
183479,0.022425132146476928
183480,0.8085364578835657
183481,0.8632903222874181
183482,0.7315029019957187
183483,0.8949191213565978
183484,0.47009603628744523
183485,0.5819353607155681
183486,0.4532340094809132
183487,0.08978688397925652
183488,0.6011471632253285
183489,0.0031133391812599707
183490,0.16616595688593364
183491,0.9197531144754364
183492,0.3916989741888274
183493,0.7946059694301908
183494,0.738906740720204
183495,0.2605160416505697
183496,0.9715799855468342
183497,0.759072997577504
183498,0.338054094836402
183499,0.6798578317524238
183500,0.8674717413337818
183501,0.5351852777689403
183502,0.08417832843228601
183503,0.11537535053472167
183504,0.40039814381354505
183505,0.10711704791815325
183506,0.866244585744088
183507,0.1454133923580022
183508,0.9058317160634668
183509,0.7379931915589876
183510,0.19774021570668254
183511,0.18490507724262684
183512,0.743792637975466
183513,0.5452115934388081
183514,0.14105017248353566
183515,0.9489457824480391
183516,0.8966007790165484
183517,0.4524068157130456
183518,0.3721917453334
183519,0.1860958726667
183520,0.6592552529076771
183521,0.19129537635043928
183522,0.09346380572763507
183523,0.39447598183809723
183524,0.905227228310025
183525,0.8776934928938601
183526,0.3573340726567009
183527,0.3914217279259707
183528,0.9383331591075398
183529,0.11311193022484217
183530,0.10717158816658409
183531,0.5952159112084756
183532,0.9268433467714445
183533,0.7131864685643643
183534,0.9703346498743303
183535,0.8071911317556052
183536,0.32628249121674746
183537,0.5390985405938524
183538,0.6906477109003232
183539,0.76585871348644
183540,0.29267660814195
183541,0.023697737943196334
183542,0.5123465487385296
183543,0.5662550392917041
183544,0.08925966157775848
183545,0.7751760059267071
183546,0.897491603074252
183547,0.3224601288058867
183548,0.6647183677921653
183549,0.63698919648579
183550,0.6334577153998936
183551,0.8403334227187406
183552,0.8375155098831476
183553,0.05105876257266352
183554,0.4060248794433258
183555,0.9015912117479695
183556,0.5199594584153332
183557,0.008458283527481467
183558,0.47935424345857897
183559,0.5738134087200768
183560,0.4655873757504965
183561,0.20934819858104453
183562,0.41436953745324306
183563,0.29511273923852716
183564,0.05554015298539685
183565,0.6397662041350599
183566,0.1782193517891474
183567,0.37632316915203545
183568,0.6058876198181083
183569,0.3290185936796942
183570,0.35549333927216037
183571,0.32178292072120385
183572,0.35025293040209793
183573,0.3059298885106421
183574,0.6188591089032411
183575,0.3531481085896346
183576,0.46314215461251423
183577,0.28954054385717726
183578,0.5783175242363229
183579,0.3452579526499743
183580,0.7372705332672791
183581,0.1627208311933861
183582,0.8956735947932243
183583,0.9338017734670782
183584,0.7869112493807409
183585,0.9243072252194109
183586,0.02058439876193636
183587,0.33629517182450763
183588,0.0020816194817767394
183589,0.007631089759613855
183590,0.07628362747192313
183591,0.08839156262356775
183592,0.8260347875884574
183593,0.3589702801096259
183594,0.9441007903791002
183595,0.4314542702742011
183596,0.1354188918330523
183597,0.637180087355298
183598,0.10510360374691506
183599,0.654928393198831
183600,0.21167524918076003
183601,0.7855841033355907
183602,0.48424923075524606
183603,0.9579812836047468
183604,0.9306338940373874
183605,0.5520836647410929
183606,0.1130164847900882
183607,0.6639593493348362
183608,0.6852391362642658
183609,0.8804614105017249
183610,0.6214724958072184
183611,0.16549783884265595
183612,0.5428254575699593
183613,0.4510842146885979
183614,0.25265315583512477
183615,0.5878211625253953
183616,0.06015789401920726
183617,0.4448439012639703
183618,0.557242263238509
183619,0.8014916757945832
183620,0.4881670386008608
183621,0.8475736406979335
183622,0.5112057485421846
183623,0.3573931579258343
183624,0.8076319987637544
183625,0.6024652192290736
183626,0.595115920753019
183627,0.1418001008994596
183628,0.6747537735034383
183629,0.7476695406347577
183630,0.6233359542952719
183631,0.06770717340617487
183632,0.9063316683407494
183633,0.4680189618263711
183634,0.013203285140963816
183635,0.6357302257511783
183636,0.3328364110698524
183637,0.6973788865608284
183638,0.15684866444566656
183639,0.35913390085491836
183640,0.38830384372400817
183641,0.44935710682162155
183642,0.3812408815522154
183643,0.9957640407052054
183644,0.09053226737447788
183645,0.9819471777693948
183646,0.0526313397357525
183647,0.38792660700569487
183648,0.856527331481995
183649,0.29361742742738195
183650,0.10371737243263142
183651,0.6834620331695611
183652,0.15686229950777428
183653,0.5014203189695529
183654,0.3594838674490162
183655,0.7809436371982675
183656,0.8122497397975649
183657,0.572849864331132
183658,0.20579853741233792
183659,0.5113739143081797
183660,0.5141054717504239
183661,0.5306675271905864
183662,0.27993237009194577
183663,0.8555365169688348
183664,0.17054281182250786
183665,0.5639598038369065
183666,0.8542548211307103
183667,0.5373032574163376
183668,0.8437194631421546
183669,0.8704214597697493
183670,0.2838319978547502
183671,0.19788565636916478
183672,0.49073952031851503
183673,0.621477040827921
183674,0.735961567304939
183675,0.4992205289495093
183676,0.6833756777762123
183677,0.660796014925848
183678,0.9797655678321615
183679,0.8575545061607756
183680,0.4811358915739861
183681,0.1916498879652397
183682,0.14584516932474628
183683,0.1502992896132642
183684,0.40896550783788815
183685,0.40145258861654115
183686,0.9843651287831616
183687,0.10538539503047435
183688,0.24354493434717595
183689,0.9556678680671391
183690,0.9162352684516478
183691,0.9740979270160576
183692,0.2586253130383009
183693,0.30900686752628154
183694,0.26352939037637313
183695,0.4682553029029047
183696,0.02267965330582081
183697,0.33901763922534667
183698,0.718740483862904
183699,0.04312315642597752
183700,0.8076319987637544
183701,0.3901445771085487
183702,0.17991009949050318
183703,0.3848178128451375
183704,0.5121465678276165
183705,0.11089850514269092
183706,0.02277964376127733
183707,0.7980056449157127
183708,0.9613491439453508
183709,0.6378300253157654
183710,0.9811699792292554
183711,0.3200149076679044
183712,0.505883529299476
183713,0.09461824098608769
183714,0.7183041618754574
183715,0.029010867144499845
183716,0.5818081001358962
183717,0.29498547865885527
183718,0.4443621290694979
183719,0.22567845796537603
183720,0.8018189172851683
183721,0.9619809018230078
183722,0.5860985996791216
183723,0.7546006972061758
183724,0.5595602237968195
183725,0.176060466955427
183726,0.43865358306707086
183727,0.030365283313865496
183728,0.259584312406543
183729,0.03905990791788057
183730,0.15014021388867427
183731,0.8742529122220152
183732,0.014444075792765234
183733,0.5660732384636012
183734,0.7307120683934716
183735,0.05623554115288995
183736,0.5894300998541049
183737,0.4862399498229714
183738,0.6383527026965607
183739,0.09554542520941182
183740,0.4476163638925375
183741,0.48745801537126
183742,0.42734102653837586
183743,0.8468873425718454
183744,0.48010871689520546
183745,0.4543748096772581
183746,0.19329973048027235
183747,0.2608251030583444
183748,0.8044368492098481
183749,0.8274710141304694
183750,0.05740815649415283
183751,0.3463078524322678
183752,0.03840542493671059
183753,0.7309893146563283
183754,0.8514050931501994
183755,0.5155962385408667
183756,0.6157184995977657
183757,0.2062348593997846
183758,0.4679189713709146
183759,0.9718390517268806
183760,0.5646279218801842
183761,0.0539630308016053
183762,0.8574908758709396
183763,0.3363951622799642
183764,0.24405397666586373
183765,0.2506897068916149
183766,0.43390858145358846
183767,0.2358229441735107
183768,0.32976397707491556
183769,0.7839524409033684
183770,0.869517000649938
183771,0.9406920248521732
183772,0.1496766217770122
183773,0.6351984583289777
183774,0.29516727948695803
183775,0.4113970939137627
183776,0.1936042468673445
183777,0.6394662327686903
183778,0.5872212197926562
183779,0.07111139391239926
183780,0.5301948450375191
183781,0.9154762499943188
183782,0.6634684870989588
183783,0.7986328577726672
183784,0.26727448743529025
183785,0.02579299248708078
183786,0.6626594734139015
183787,0.10015407620181709
183788,0.5110466728175947
183789,0.5570059221619754
183790,0.9358379427418292
183791,0.3475713681875821
183792,0.9565995973111657
183793,0.9710300380418233
183794,0.043595838579044734
183795,0.6993741506492562
183796,0.24618104635466617
183797,0.24675826398389247
183798,0.4852809504547293
183799,0.80422777825753
183800,0.17541052899495957
183801,0.5377304893623791
183802,0.603992346185137
183803,0.9426100235886575
183804,0.3851995945841533
183805,0.08502824730366645
183806,0.6633684966435022
183807,0.9505728998595588
183808,0.0685434572154476
183809,0.6952836320169439
183810,0.9359015730316652
183811,0.9594720503951896
183812,0.272214924938983
183813,0.2982897087096231
183814,0.8316069829698074
183815,0.9304884533749052
183816,0.6019289067861704
183817,0.24775816853845772
183818,0.7149544816176637
183819,0.9604128696806215
183820,0.08932783688829701
183821,0.3406356665954613
183822,0.22634203098795116
183823,0.18499143263597567
183824,0.9265251953222647
183825,0.16128914967207678
183826,0.5528472282191246
183827,0.9451188750164757
183828,0.2942310052222288
183829,0.3087614364083428
183830,0.3844905713545525
183831,0.33662241331509263
183832,0.32563255325628004
183833,0.10628530912958309
183834,0.4427441016993832
183835,0.9749842060530586
183836,0.6823121429318111
183837,0.6463837542780008
183838,0.3984846900977634
183839,0.722971898136996
183840,0.4801632571436362
183841,0.9731934678962463
183842,0.2550620168074866
183843,0.5149508456011018
183844,0.571404547747715
183845,0.5500520404870445
183846,0.1553942578208444
183847,0.840728839519864
183848,0.7825934797133001
183849,0.2674971934497162
183850,0.5699955913299185
183851,0.5869666986333123
183852,0.5552424541293786
183853,0.5924298135178006
183854,0.45084787361206424
183855,0.10244476663591202
183856,0.9891374005208594
183857,0.5826943791728972
183858,0.6230859781566306
183859,0.1258152630885234
183860,0.18024188600179075
183861,0.22668290754064385
183862,0.8698624222233333
183863,0.18322796460337876
183864,0.27226037514600876
183865,0.9268887969784703
183866,0.7633180469137038
183867,0.979865558287618
183868,0.07305211775239635
183869,0.3518891378550229
183870,0.6296808031960586
183871,0.268142586389481
183872,0.41436953745324306
183873,0.03660105171779058
183874,0.41749196667590815
183875,0.156157821298876
183876,0.05180869098858745
183877,0.9440962453583976
183878,0.3216147549552088
183879,0.951627344662555
183880,0.23162789006503925
183881,0.21253425809354562
183882,0.838524504479118
183883,0.6298716940655665
183884,0.6289945050699706
183885,0.684475572786234
183886,0.39803927806891154
183887,0.9265251953222647
183888,0.14367719444962074
183889,0.4519523136427886
183890,0.8712213834134015
183891,0.22160611941587396
183892,0.7239445325673459
183893,0.8850700614941301
183894,0.42555937842296865
183895,0.259257070915958
183896,0.7378932011035311
183897,0.7624090427731899
183898,0.8761300057721764
183899,0.9830470727794166
183900,0.7415201276241814
183901,0.09890419550861054
183902,0.19818562773553433
183903,0.846987333027302
183904,0.5576604051431454
183905,0.1728471373187105
183906,0.9704937255989201
183907,0.09414101381231792
183908,0.9222437858204444
183909,0.4665963703464669
183910,0.44755273360270154
183911,0.4812676971743606
183912,0.3969621081624026
183913,0.9192077119911282
183914,0.12887406202135251
183915,0.8277664404761363
183916,0.4790088218851837
183917,0.9757250444275773
183918,0.3302730193936033
183919,0.29726253403084246
183920,0.24727639634398535
183921,0.10798060185164143
183922,0.43604019616309353
183923,0.33973120747565005
183924,0.2572390817240172
183925,0.15782129887601637
183926,0.13328727712354732
183927,0.18036460156076012
183928,0.33802682471218654
183929,0.687293485621827
183930,0.3387722081074079
183931,0.28113680057812657
183932,0.5131192022579664
183933,0.8051186023152336
183934,0.12050213388721985
183935,0.6263720281245881
183936,0.4258275346444203
183937,0.7339526681544034
183938,0.005090423186877616
183939,0.09401829825334854
183940,0.9415646688270665
183941,0.6649365287858887
183942,0.46519195894937304
183943,0.43433581339963
183944,0.7657996282173065
183945,0.5528881334054477
183946,0.3615700319514955
183947,0.7321755650596988
183948,0.1103531026583826
183949,0.08143768094863672
183950,0.041736925111693884
183951,0.8746119688575181
183952,0.6217770121942905
183953,0.5879847832706878
183954,0.7406383936078829
183955,0.4949800246340122
183956,0.3896855300175892
183957,0.1252653155835125
183958,0.9155853304911804
183959,0.6101372141750107
183960,0.5116738856745492
183961,0.4871444089427827
183962,0.7753532617341072
183963,0.4074838310888506
183964,0.5284222869635172
183965,0.8662536757854932
183966,0.20095809036410162
183967,0.47738170447366385
183968,0.46433749505729
183969,0.8067229946232405
183970,0.7897564323405493
183971,0.3450170665527381
183972,0.987896609869058
183973,0.2874725594375082
183974,0.9915780766381391
183975,0.9728344112607433
183976,0.7126137959558406
183977,0.7407156589598266
183978,0.3340362965353307
183979,0.15768040323423674
183980,0.4193463351225565
183981,0.2667063598474691
183982,0.9080815013112384
183983,0.7814481344962526
183984,0.4680189618263711
183985,0.8858336249721617
183986,0.5148917603319683
183987,0.23826362029079043
183988,0.9760022906904341
183989,0.8307661541398321
183990,0.387903881902182
183991,0.9048499915917118
183992,0.5749405738543139
183993,0.17750578353884403
183994,0.2753509892237559
183995,0.5527517827843706
183996,0.011267106321669294
183997,0.9837606410297199
183998,0.39953458988005686
183999,0.12405634007662905
184000,0.6557328618631858
184001,0.24372219015457616
184002,0.7709218665491021
184003,0.8168992959762932
184004,0.14801314419987185
184005,0.8808840974270639
184006,0.8852064121152072
184007,0.06086691724880807
184008,0.8710986678544321
184009,0.1463587566641366
184010,0.8069047954513433
184011,0.17881929452188655
184012,0.8537685039155354
184013,0.9596038559955641
184014,0.200721749287568
184015,0.7901291240381599
184016,0.4921212066120961
184017,0.7248399016457521
184018,0.05946250585171415
184019,0.08655537425972974
184020,0.3869085223683194
184021,0.21218883652015036
184022,0.3035301175796855
184023,0.03058344430758882
184024,0.5621963358043097
184025,0.630035314810859
184026,0.17176996741220157
184027,0.009208211943405402
184028,0.25312583798819205
184029,0.7430108944146241
184030,0.10996223087796164
184031,0.13005122238331795
184032,0.4199917280623213
184033,0.7825571195476796
184034,0.6255221092532077
184035,0.7004604105971703
184036,0.052572254466619096
184037,0.5164370673708419
184038,0.14815403984165149
184039,0.10114943573567976
184040,0.2352457265442844
184041,0.414560428322751
184042,0.06759354788861063
184043,0.40617032010580806
184044,0.011730698433331363
184045,0.4143468123497302
184046,0.22899632307825163
184047,0.812849682530304
184048,0.36156094191009036
184049,0.6226042059621582
184050,0.9035046654637512
184051,0.16398434694870034
184052,0.7350752882679381
184053,0.30742065530108487
184054,0.3698010644438485
184055,0.08156948654901122
184056,0.2108344203507847
184057,0.24014980388235668
184058,0.29118129633080475
184059,0.32775507792437997
184060,0.8356111462087711
184061,0.29831697883383856
184062,0.9971957222265148
184063,0.20167620363510755
184064,0.5202730648438103
184065,0.16366165047881792
184066,0.5835033928579545
184067,0.3772321732925494
184068,0.6432931402002536
184069,0.13479622399680033
184070,0.29818517323346405
184071,0.7903563750732885
184072,0.26731993764231593
184073,0.019457233627699175
184074,0.7289622354229824
184075,0.451156935019839
184076,0.4330359374786952
184077,0.43949441189704613
184078,0.5436208361929089
184079,0.12342458219897191
184080,0.9743978983824271
184081,0.14580426413842315
184082,0.10688525186232223
184083,0.5907845160234705
184084,0.9729389467369025
184085,0.7445789265570105
184086,0.13593247917244264
184087,0.09147763168061229
184088,0.9193213375086924
184089,0.5417119274978298
184090,0.9415964839719845
184091,0.7321755650596988
184092,0.8803023347771349
184093,0.050649710709432284
184094,0.09414101381231792
184095,0.4519886738084092
184096,0.01804373218920012
184097,0.6730221206157594
184098,0.15108103317410612
184099,0.27024238595406797
184100,0.09887692538439513
184101,0.030856145549742982
184102,0.9011003495120921
184103,0.8683080251430546
184104,0.964512478354339
184105,0.799541861913181
184106,0.4132423723190059
184107,0.3271142300053177
184108,0.392589798246531
184109,0.2024897623408675
184110,0.5450388826521105
184111,0.7166497743397221
184112,0.4945936978742938
184113,0.9555178823839543
184114,0.23469123401857095
184115,0.5901163979801929
184116,0.5341126528831339
184117,0.12375636871025947
184118,0.6200544493480168
184119,0.3093750142031897
184120,0.9216165729634899
184121,0.4453256734584426
184122,0.593175196913022
184123,0.8520459410692616
184124,0.45770176483153874
184125,0.6619822653292187
184126,0.40145258861654115
184127,0.022997804755000663
184128,0.6284536476063649
184129,0.7484921893819226
184130,0.3187922970989132
184131,0.4286363574386081
184132,0.379736479699665
184133,0.8266892705696275
184134,0.026002063439398967
184135,0.592752509987683
184136,0.7463060344239868
184137,0.04128242304143696
184138,0.32496898023370496
184139,0.3155153371723608
184140,0.5253316728857701
184141,0.8836065648279028
184142,0.08953236281991263
184143,0.29290385917707856
184144,0.5354488889696893
184145,0.6835756586871253
184146,0.2753828043686739
184147,0.6196408524640831
184148,0.6743583567023148
184149,0.0802696106280764
184150,0.7408201944359857
184151,0.27445107512464717
184152,0.8212943309956777
184153,0.5583239781657205
184154,0.6490744065339218
184155,0.36348803068797975
184156,0.9064680189618264
184157,0.9243617654678418
184158,0.4429440826102963
184159,0.20856190999950006
184160,0.6268719804018708
184161,0.316969743797183
184162,0.17017466514559976
184163,0.04315042655019294
184164,0.23550933774503344
184165,0.44610287199858195
184166,0.0924275410074493
184167,0.3550706523468214
184168,0.6468655264724732
184169,0.655773767049509
184170,0.43126337940469317
184171,0.12971489085132784
184172,0.9267842615023112
184173,0.5290994950482
184174,0.47137318710486725
184175,0.877588957417701
184176,0.12433813136018834
184177,0.3151790056403707
184178,0.12333822680562309
184179,0.5924025433935852
184180,0.42020534403534204
184181,0.8863244872080392
184182,0.7520691206748447
184183,0.08376018652764963
184184,0.2668108953236282
184185,0.29104949073043024
184186,0.5139509410465365
184187,0.9399375514155468
184188,0.3627062871271378
184189,0.8127315119920371
184190,0.7572822594206917
184191,0.7424609469096132
184192,0.4391944405306766
184193,0.25569377468514365
184194,0.7058189900054995
184195,0.41354234368537546
184196,0.09652714968116678
184197,0.4064066611823417
184198,0.5584330586625822
184199,0.6466610005408575
184200,0.7637952740874735
184201,0.8603587839342608
184202,0.6383117975102377
184203,0.17209720890278657
184204,0.0543629926234314
184205,0.014834947573186196
184206,0.36098826930156663
184207,0.12146567827616453
184208,0.8234623058708033
184209,0.7398566500470409
184210,0.9920689388740166
184211,0.7699310520359421
184212,0.8266120052176837
184213,0.10735793401538943
184214,0.423118702305689
184215,0.6177501238518142
184216,0.010694433713145561
184217,0.7248444466664545
184218,0.6704178237531871
184219,0.7951331918316888
184220,0.3948623085978157
184221,0.1722381045445662
184222,0.24903531935587966
184223,0.01987537553233555
184224,0.23380495498156995
184225,0.7261670476909022
184226,0.842692288463374
184227,0.8008371928134133
184228,0.8654992023488668
184229,0.8508006053967576
184230,0.6269628808159221
184231,0.9870330559355699
184232,0.9109130492089391
184233,0.6017607410201754
184234,0.8113452806777535
184235,0.7924698096999833
184236,0.07732898223351407
184237,0.789833697692493
184238,0.8238395425891165
184239,0.5685729998500143
184240,0.9881011358006736
184241,0.733757232264193
184242,0.14845855622872364
184243,0.3991391730789334
184244,0.8695579058362611
184245,0.6269810608987325
184246,0.8208125588012054
184247,0.07573367996691224
184248,0.665618281891274
184249,0.40659755205184955
184250,0.572913494620968
184251,0.796873934760773
184252,0.7489694165556925
184253,0.037373705237227356
184254,0.07061144163511664
184255,0.7824525840715205
184256,0.3485258225351216
184257,0.9101131255652869
184258,0.11348462192245284
184259,0.37944559837470054
184260,0.622954172556256
184261,0.5005204048704442
184262,0.3995073197558415
184263,0.31815599420055357
184264,0.3100976724948982
184265,0.24637648224487663
184266,0.36443339499411415
184267,0.8324932620068085
184268,0.42297780666390933
184269,0.6322760100172257
184270,0.039887101685748175
184271,0.5544879806927521
184272,0.27524190872689425
184273,0.04793633334999841
184274,0.795837670040587
184275,0.18411878866108236
184276,0.268533458169902
184277,0.7050190663618473
184278,0.734284454665691
184279,0.7812708786888525
184280,0.7916244358493053
184281,0.6199180987269397
184282,0.7274941937360525
184283,0.5728634993932398
184284,0.06975243272233105
184285,0.010317196994832311
184286,0.7830661618663673
184287,0.6703541934633512
184288,0.8005190413642334
184289,0.7452288645174778
184290,0.462964898805114
184291,0.26240677026283854
184292,0.18619586312215652
184293,0.9810836238359065
184294,0.619536316987924
184295,0.5382713468259849
184296,0.929129492184837
184297,0.47303211966130504
184298,0.6897068916148913
184299,0.533689965957795
184300,0.46265583739733934
184301,0.47189586448566273
184302,0.6161048263574841
184303,0.05586284945527927
184304,0.20840283427491013
184305,0.6990832693242918
184306,0.1644979342880907
184307,0.9379968275755496
184308,0.6583644288499735
184309,0.8328841337872295
184310,0.14811767967603093
184311,0.7225764813358725
184312,0.45388394744138055
184313,0.8801478040732477
184314,0.8274664691097668
184315,0.3201194431440635
184316,0.007212947854977479
184317,0.14444530294835492
184318,0.002554301634843947
184319,0.4989660077901654
184320,0.8052685879984184
184321,0.7954331631980585
184322,0.2448720803923262
184323,0.6446021061625936
184324,0.6014107744260776
184325,0.6360438321796557
184326,0.10871235018475509
184327,0.6381072715786221
184328,0.8174992387090323
184329,0.03225601192613433
184330,0.4474981933542707
184331,0.4061930452093209
184332,0.40543402675199186
184333,0.8450102490216843
184334,0.249907963330773
184335,0.8689670531449272
184336,0.9394375991382642
184337,0.5548561273696603
184338,0.7990828148222215
184339,0.20919821289785975
184340,0.03156516877934379
184341,0.07999690938592224
184342,0.6922202880634122
184343,0.4048749892055758
184344,0.319692211198022
184345,0.45122511033037754
184346,0.06773444353039028
184347,0.1945223410492635
184348,0.1155344262593116
184349,0.1587257579958277
184350,0.8550456547329573
184351,0.8761663659377968
184352,0.5139282159430236
184353,0.07311574804223232
184354,0.6823530481181342
184355,0.21076170001954359
184356,0.6168911149390286
184357,0.3490757700401325
184358,0.8946646001972539
184359,0.3355270633257734
184360,0.6202135250726067
184361,0.863776639502593
184362,0.49346653274005664
184363,0.9035046654637512
184364,0.31291104030978856
184365,0.009553633516800669
184366,0.118675035564787
184367,0.05154962480854101
184368,0.65404211416183
184369,0.19951277378068458
184370,0.19444053067661723
184371,0.09959503865540108
184372,0.6752082755736952
184373,0.4747092323005531
184374,0.07243399493684692
184375,0.439971639070816
184376,0.0916412524259048
184377,0.897227991873503
184378,0.5124192690697706
184379,0.26623822271510444
184380,0.43433126837892744
184381,0.10189027411019856
184382,0.05833988573817954
184383,0.4680007817435608
184384,0.5107966966789534
184385,0.9759386604005981
184386,0.33219101813008756
184387,0.472768508460556
184388,0.301393957849478
184389,0.6582917085187323
184390,0.5871530444821176
184391,0.21432045122965535
184392,0.5713136473336636
184393,0.2794915030837965
184394,0.11447998145631554
184395,0.6893932851864141
184396,0.6650137941378322
184397,0.5828534548974871
184398,0.9494411897046192
184399,0.37992282554847034
184400,0.33367269487912515
184401,0.003722371955404257
184402,0.015475795492248466
184403,0.21866094600060904
184404,0.6669136127915063
184405,0.7517418791842597
184406,0.33905854441166977
184407,0.8031551533717236
184408,0.36089282386681265
184409,0.7496057194540522
184410,0.6843301321237518
184411,0.7090686798078366
184412,0.6492743874448348
184413,0.21046172865317403
184414,0.21346144231686975
184415,0.34222642384136054
184416,0.7345935160734658
184417,0.6325441662386773
184418,0.3752323641834189
184419,0.18830929774885125
184420,0.009708164220688025
184421,0.625676639957095
184422,0.5354761590939047
184423,0.7504738184082428
184424,0.8910694888215217
184425,0.9506592552529077
184426,0.5735861576849483
184427,0.7686266310943047
184428,0.5421255243817635
184429,0.6913294640057086
184430,0.3208875516427977
184431,0.022079710573081664
184432,0.21546125142600026
184433,0.7557096822576027
184434,0.5843578567500376
184435,0.33700419505410845
184436,0.9857649951595531
184437,0.5191277196267629
184438,0.4527340572036305
184439,0.11710245840169801
184440,0.8282754827948241
184441,0.039955276996286725
184442,0.5231727880520496
184443,0.4906304398216534
184444,0.7991373550706523
184445,0.5967112230196209
184446,0.9972320823921353
184447,0.5444389399193713
184448,0.6121142981806282
184449,0.1126483381131801
184450,0.7189313747324119
184451,0.6174365174233368
184452,0.5650642438676309
184453,0.8170038314524523
184454,0.7848432649610719
184455,0.8526822439676213
184456,0.660796014925848
184457,0.27572368092136657
184458,0.1727562369046591
184459,0.6407433835861123
184460,0.7661768649356198
184461,0.6893978302071166
184462,0.23393221556124189
184463,0.277914380900005
184464,0.6864981069988775
184465,0.6995286813531436
184466,0.9011685248226307
184467,0.6284672826684726
184468,0.912549256661864
184469,0.3536207907427018
184470,0.17123819999000095
184471,0.35571604528658624
184472,0.15039473504801817
184473,0.6315851668704351
184474,0.42998168356656863
184475,0.20580762745374306
184476,0.8520686661727744
184477,0.16773398902832
184478,0.2678698851473268
184479,0.6270855963748916
184480,0.24015434890305926
184481,0.2540030269837879
184482,0.4354720685752723
184483,0.6265674640147986
184484,0.052544984342403685
184485,0.7277668949782067
184486,0.7210175392348912
184487,0.6125142600024543
184488,0.7530599351880048
184489,0.8930738429513546
184490,0.9688620631666978
184491,0.45337945014339537
184492,0.7984510569445644
184493,0.5567968512096573
184494,0.4530431186114052
184495,0.43648560819194526
184496,0.6809168215761223
184497,0.9423509574086111
184498,0.022634203098795116
184499,0.9416373891583076
184500,0.9789020138986734
184501,0.920084900986724
184502,0.4396353075388258
184503,0.2944764363401675
184504,0.5791492630248931
184505,0.8420423505029065
184506,0.6856209180032815
184507,0.045736543329954873
184508,0.6981697201630754
184509,0.6562328141404684
184510,0.1093486530831148
184511,0.47612727875975475
184512,0.7746487835252089
184513,0.4979615582148976
184514,0.37071006858436234
184515,0.798951009221847
184516,0.6348848519005004
184517,0.02657928106862527
184518,0.17998736484244685
184519,0.05951704610014499
184520,0.8605814899486868
184521,0.04833175015112194
184522,0.11344371673612973
184523,0.12836501970266476
184524,0.5432345094331905
184525,0.49724344494389167
184526,0.7898564227960059
184527,0.5985655914662692
184528,0.3407720172165384
184529,0.08821885183687012
184530,0.10658073547525009
184531,0.9032228741801919
184532,0.8073729325837079
184533,0.39078997004831356
184534,0.7585185050517905
184535,0.38696760763745275
184536,0.10386735811581621
184537,0.40626122051985947
184538,0.003467850796060376
184539,0.5352716331622891
184540,0.6212497897927926
184541,0.867848978052095
184542,0.7531553806227588
184543,0.45074333813590517
184544,0.4517886928974961
184545,0.5283132064666555
184546,0.9591266288217942
184547,0.6880797742033715
184548,0.9209529999409147
184549,0.9140309334109017
184550,0.973934306270765
184551,0.024956708677808026
184552,0.8808931874684689
184553,0.15916207998327433
184554,0.5338899468687079
184555,0.9645261134164467
184556,0.7435972020852555
184557,0.6668363474395625
184558,0.61912272010399
184559,0.8772480808650084
184560,0.15903027438289982
184561,0.31892864771999035
184562,0.7123410947136865
184563,0.8791433544979798
184564,0.4309452279555133
184565,0.5653642152340004
184566,0.8311661159616582
184567,0.1624708550547448
184568,0.017616500243158608
184569,0.6076374527885975
184570,0.5011794328723167
184571,0.07811527081505856
184572,0.46281036810122667
184573,0.38525413483258414
184574,0.7790710886688089
184575,0.5396212179746479
184576,0.09905418119179532
184577,0.8430695251816872
184578,0.0408006508469646
184579,0.4832538712213834
184580,0.4877625317583322
184581,0.8201262606751174
184582,0.10387644815722136
184583,0.6541421046172866
184584,0.1544716186182228
184585,0.32094663691193115
184586,0.1388821976084101
184587,0.8886969880147804
184588,0.777898473327546
184589,0.08804614105017247
184590,0.620854372991669
184591,0.9252434994841402
184592,0.8841292422086983
184593,0.14254548429468095
184594,0.4054931120211252
184595,0.1826462019534499
184596,0.5149917507874249
184597,0.7316165275132829
184598,0.06562555392439812
184599,0.1750651074215643
184600,0.5776175910481273
184601,0.94457801755287
184602,0.17251535080742292
184603,0.7959376604960435
184604,0.13676421796101282
184605,0.9701801191704429
184606,0.942246421932452
184607,0.8751619163625292
184608,0.3590657255443798
184609,0.5085787265760996
184610,0.9942687288940601
184611,0.13613700510405827
184612,0.27645542925448024
184613,0.4650283382040805
184614,0.4143513573704328
184615,0.15558514869035228
184616,0.17198358338522232
184617,0.2728512278373428
184618,0.6064057521782013
184619,0.39532590070947776
184620,0.2873771140027543
184621,0.14842674108380566
184622,0.7439880738656764
184623,0.7907472468537095
184624,0.04904986342212789
184625,0.5791219929006777
184626,0.6760536494243732
184627,0.24899441416955656
184628,0.9545588830157121
184629,0.8122724649010776
184630,0.22260602397043922
184631,0.2949263933897219
184632,0.13024665827352844
184633,0.4761954540702933
184634,0.43513119202257966
184635,0.920253066752719
184636,0.8545593375177825
184637,0.4822812367910336
184638,0.506051695065471
184639,0.169011139845742
184640,0.2857409065498293
184641,0.5294676417251081
184642,0.7095004567745806
184643,0.19070452365910529
184644,0.9795883120247613
184645,0.6277718945009795
184646,0.9590629985319583
184647,0.7503283777457606
184648,0.5741906454383899
184649,0.7660223342317325
184650,0.34124015434890304
184651,0.7999690938592225
184652,0.07358843019529952
184653,0.41646479199712755
184654,0.32975034201280784
184655,0.8246485562741739
184656,0.10697160725567104
184657,0.15299903191059036
184658,0.8255348353111749
184659,0.156221451588712
184660,0.8878152539984819
184661,0.9415373987028511
184662,0.06298489689620534
184663,0.845351125574377
184664,0.43508119679485135
184665,0.03230146213316002
184666,0.707059780657301
184667,0.24768999322791915
184668,0.8922739193077025
184669,0.6814122288327024
184670,0.7649269842424132
184671,0.9855013839588039
184672,0.7501465769176578
184673,0.1958540321151163
184674,0.241317874202917
184675,0.7639134446257404
184676,0.4446211952495443
184677,0.03861449588902877
184678,0.6933429081769468
184679,0.5270178755664233
184680,0.07467014512251102
184681,0.2161339144899805
184682,0.08184218779116538
184683,0.5534108107862431
184684,0.5392848864426577
184685,0.6227041964176147
184686,0.29447189131946494
184687,0.6116870662345868
184688,0.6750991950768337
184689,0.43532208289208757
184690,0.8148994868671627
184691,0.21904727276032743
184692,0.9151717336072466
184693,0.5697683402947901
184694,0.3266733629971684
184695,0.8355566059603402
184696,0.8395516791578986
184697,0.6010335377077642
184698,0.868630721612937
184699,0.48307207039328065
184700,0.4495434526704269
184701,0.3011848868971598
184702,0.692961126437931
184703,0.5234227641906909
184704,0.27404656828211854
184705,0.745756086918976
184706,0.720894823675922
184707,0.9364606105780813
184708,0.14415442162339048
184709,0.4053658514414533
184710,0.8738256802759737
184711,0.5359215711227565
184712,0.48900786743083613
184713,0.8738620404415942
184714,0.7278714304543658
184715,0.3808909149581176
184716,0.4489071497720672
184717,0.8783343408129225
184718,0.5311265742815459
184719,0.31067943514482704
184720,0.10847600910822147
184721,0.04507297030737975
184722,0.4000027270124215
184723,0.031992400725385305
184724,0.24579471959494775
184725,0.7551233745869713
184726,0.6956245085696365
184727,0.3574113380086446
184728,0.5685093695601784
184729,0.19006367574004301
184730,0.8363428945418846
184731,0.528708623267779
184732,0.2017307438835384
184733,0.23828180037360072
184734,0.0244431213384177
184735,0.73339817562869
184736,0.686534467164498
184737,0.3799273705691729
184738,0.12428813613246008
184739,0.7038646311033948
184740,0.01987992055303812
184741,0.5342762736284263
184742,0.08049686166320488
184743,0.33116838847200947
184744,0.47347298666945425
184745,0.23743188150222025
184746,0.3017302893814681
184747,0.12694697324346313
184748,0.013103294685507291
184749,0.38486780807286575
184750,0.6053285822716923
184751,0.11513446443748551
184752,0.767831252471355
184753,0.09234118561410047
184754,0.6034969389285568
184755,0.21573849768885697
184756,0.3115702592025307
184757,0.8355929661259607
184758,0.3310502179337427
184759,0.8962235422982351
184760,0.33984937801391685
184761,0.7332981851732334
184762,0.619090904959072
184763,0.746778716577054
184764,0.8912603796910294
184765,0.31582439858013556
184766,0.23211420728021415
184767,0.9583948804886807
184768,0.7660314242731375
184769,0.917362433585885
184770,0.6360256520968454
184771,0.8536457883565659
184772,0.35875211911590255
184773,0.5932570072856682
184774,0.44393489712345635
184775,0.27947332300098626
184776,0.130610259929734
184777,0.19303157425882075
184778,0.5796946655092015
184779,0.69617900109535
184780,0.47009603628744523
184781,0.7985374123379133
184782,0.43919898555137915
184783,0.6005563105339945
184784,0.11623890446820985
184785,0.21571122756464156
184786,0.8902604751364642
184787,0.815085832715968
184788,0.7822980533676331
184789,0.9899782293508347
184790,0.13150562900814014
184791,0.012294281000449957
184792,0.5958976643138609
184793,0.8309797701128528
184794,0.9943278141631935
184795,0.6137868657991737
184796,0.8121815644870263
184797,0.11773876130005771
184798,0.15952113661877731
184799,0.08252394089655078
184800,0.03149699346880525
184801,0.4469664259320701
184802,0.27976420432595067
184803,0.819276341803737
184804,0.7365206048513552
184805,0.811277105367215
184806,0.47572731693792863
184807,0.8670945046154684
184808,0.43484940073902034
184809,0.5915526245222048
184810,0.18456420068993415
184811,0.6743856268265302
184812,0.46191045400211794
184813,0.9293203830543448
184814,0.15630780698206082
184815,0.36080646847346387
184816,0.46601915271724065
184817,0.3050845146599643
184818,0.28833611337099635
184819,0.37947741351961856
184820,0.5576331350189301
184821,0.2915130828420923
184822,0.5346944155330627
184823,0.26346576008653716
184824,0.2895314538157721
184825,0.7294031024311316
184826,0.08340112989214665
184827,0.04994523250053404
184828,0.5173188013871404
184829,0.897618863653924
184830,0.1002995168642993
184831,0.24759000277246263
184832,0.6715131737425064
184833,0.6098599679121538
184834,0.5343080887733443
184835,0.2598342885451843
184836,0.4720231250653346
184837,0.5186323123701829
184838,0.36347894064657466
184839,0.14398171083669287
184840,0.3101976629503547
184841,0.9275841851459633
184842,0.2812095209093677
184843,0.014757682221242518
184844,0.6278082546666001
184845,0.045863803909626806
184846,0.8229487185314129
184847,0.16063466669090679
184848,0.5647324573563433
184849,0.711722971898137
184850,0.6122188336567874
184851,0.43640379781929906
184852,0.4591334463528481
184853,0.393212466082783
184854,0.9256116461610483
184855,0.41812372455356533
184856,0.14471345916980652
184857,0.46992787052145024
184858,0.8526095236363802
184859,0.2651565077878929
184860,0.8175628689988683
184861,0.8887424382218061
184862,0.27565096059012545
184863,0.291885774539703
184864,0.18970916412524258
184865,0.7636861935906117
184866,0.051435999290976774
184867,0.0818103726462474
184868,0.260470591443544
184869,0.3050254293908308
184870,0.6067193586066785
184871,0.8987732989123767
184872,0.8063321228428195
184873,0.9410692615704865
184874,0.9500365874166556
184875,0.9610037223719554
184876,0.5272905768085774
184877,0.7472059485230955
184878,0.3256143731734698
184879,0.03830088946055149
184880,0.6813804136877843
184881,0.3805818535503429
184882,0.17954649783429766
184883,0.5515291722153794
184884,0.01943450852418633
184885,0.4839583494302816
184886,0.7224583107976058
184887,0.3485667277214447
184888,0.8396471245926526
184889,0.94261456860936
184890,0.20898914194554155
184891,0.4983933351816417
184892,0.3845496566236859
184893,0.04465937342344595
184894,0.42942264602015257
184895,0.9880011453452171
184896,0.024274955572422634
184897,0.23709100494952756
184898,0.6581689929597629
184899,0.11438908104226414
184900,0.2695742679107903
184901,0.1783193422446039
184902,0.7347253216738402
184903,0.9068270755973293
184904,0.3298457874475618
184905,0.8200853554887942
184906,0.26527013330545723
184907,0.4200326332486444
184908,0.9761795464978343
184909,0.3109066861799555
184910,0.653155835124829
184911,0.22995986746719632
184912,0.12637884565564197
184913,0.41158343976256806
184914,0.28124588107498827
184915,0.3245008431013403
184916,0.9246344667099958
184917,0.9707936969652897
184918,0.1881411319828562
184919,0.05768540275700956
184920,0.08079683302957444
184921,0.09913599156444157
184922,0.6822666927247854
184923,0.35875211911590255
184924,0.8859199803655106
184925,0.34118106907976964
184926,0.4000481772194472
184927,0.3627290122306507
184928,0.9847969057499057
184929,0.8595679503320137
184930,0.07987419382695288
184931,0.3134382627112866
184932,0.5742088255212003
184933,0.8705714454529341
184934,0.6805123147335936
184935,0.11871139573040755
184936,0.3795864940164802
184937,0.1675612782416224
184938,0.5887028965416937
184939,0.2399725480749565
184940,0.9535498884197418
184941,0.08151494630058038
184942,0.3322591934406261
184943,0.02242058712577436
184944,0.9046136505151782
184945,0.6732993668786161
184946,0.9857877202630658
184947,0.6113825498475146
184948,0.37940469318837744
184949,0.9995909481367689
184950,0.6090509542270965
184951,0.681448588998323
184952,0.27310574899668666
184953,0.3973029847150954
184954,0.10319015003113338
184955,0.2793960576490426
184956,0.44453029483549295
184957,0.5618418241895092
184958,0.5933706328032324
184959,0.31860595125010793
184960,0.8641493312002037
184961,0.10115398075638234
184962,0.7070506906158959
184963,0.834661236881934
184964,0.19140445684730095
184965,0.06007153862585844
184966,0.5552606342121889
184967,0.19261797737488695
184968,0.33253643970348284
184969,0.7624544929802156
184970,0.774785134146286
184971,0.8484235595693139
184972,0.468737075097377
184973,0.6349984774180646
184974,0.9183259779748296
184975,0.9125765267860796
184976,0.09530908413287821
184977,0.6756264174783316
184978,0.6757400429958959
184979,0.41891455815581236
184980,0.28438649038046365
184981,0.17218810931683795
184982,0.048699896828030054
184983,0.8312797414792225
184984,0.3298866926338849
184985,0.22432858681671297
184986,0.816753855313811
184987,0.2756736856936383
184988,0.9923870903231964
184989,0.22977352161839099
184990,0.7859431599710937
184991,0.43004985887710717
184992,0.27570095581785375
184993,0.8430377100367692
184994,0.3393403356952291
184995,0.6074829220847102
184996,0.6757854932029216
184997,0.22195154098926922
184998,0.8840792469809701
184999,0.2451493266551829
185000,0.6966744083519301
185001,0.36297444334858947
185002,0.9572540802923357
185003,0.5580512769235665
185004,0.38370882779371057
185005,0.9009867239945278
185006,0.5430118034187645
185007,0.9237027374659692
185008,0.8689216029379014
185009,0.8577544870716887
185010,0.7943378132087392
185011,0.6180319151353735
185012,0.34425804809540905
185013,0.16919748569454734
185014,0.39652124115425347
185015,0.4964844264865626
185016,0.9843151335554334
185017,0.4871716790669981
185018,0.10649892510260382
185019,0.9940323878175265
185020,0.6526195226819259
185021,0.05845805627644634
185022,0.1938814931302012
185023,0.8209989046500107
185024,0.32201926179773743
185025,0.7591502629294477
185026,0.6629685348216762
185027,0.042773189831879686
185028,0.990260020634394
185029,0.6153367178587499
185030,0.5017384704187328
185031,0.5379986455838307
185032,0.8050958772117207
185033,0.40994268728894057
185034,0.6293626517468788
185035,0.7689038773571614
185036,0.5645415664868354
185037,0.8493689238754483
185038,0.694565518745938
185039,0.9445961976356803
185040,0.8466191863503938
185041,0.636598324705369
185042,0.36360620122624654
185043,0.5572059030728885
185044,0.6691770331013858
185045,0.08029688075229181
185046,0.07673358452147748
185047,0.6661818644583927
185048,0.7366433204103245
185049,0.2724421759741116
185050,0.6421932451902318
185051,0.308379654669327
185052,0.850955136100645
185053,0.1218565500565855
185054,0.5261725017157454
185055,0.9466505469932416
185056,0.17434699415055838
185057,0.27179223801364416
185058,0.5096468064412033
185059,0.21444771180932728
185060,0.8900741292876589
185061,0.5225546652365002
185062,0.9128310479454234
185063,0.7651224201326237
185064,0.24020434413078753
185065,0.39674394716867933
185066,0.5624826721085715
185067,0.8402516123460942
185068,0.8070865962794461
185069,0.6771171842687744
185070,0.7829025411210749
185071,0.6302580208252849
185072,0.009367287667995328
185073,0.8521822916903387
185074,0.9054908395107739
185075,0.6533830861599575
185076,0.2248967144045341
185077,0.46454202098890557
185078,0.5202321596574873
185079,0.7316847028238214
185080,0.3280050540630213
185081,0.8564864262956717
185082,0.7358797569322928
185083,0.06294399170988224
185084,0.6158866653637607
185085,0.522704650919685
185086,0.4330632076029106
185087,0.6213952304552748
185088,0.6436931020220797
185089,0.38444057612682425
185090,0.48798069275205547
185091,0.3668649810699887
185092,0.7861704110062222
185093,0.6249676167274942
185094,0.15514428168220307
185095,0.8935919753114475
185096,0.25910254021207063
185097,0.6418387335754314
185098,0.05768085773630699
185099,0.6851209657259989
185100,0.940714749955686
185101,0.6435431163388949
185102,0.25470750519268615
185103,0.5569422918721395
185104,0.608328295935388
185105,0.3724008162857182
185106,0.6129233118656856
185107,0.0658073547525009
185108,0.603833270460547
185109,0.5240636121097532
185110,0.6250357920380327
185111,0.26127051508719623
185112,0.16288899695938117
185113,0.8970507360661027
185114,0.27356934110834874
185115,0.49641625117602406
185116,0.5940705659914282
185117,0.09361833643152244
185118,0.6319305884438303
185119,0.24054067566277765
185120,0.8632812322460129
185121,0.8625358488507915
185122,0.19804018707305213
185123,0.9537135091650343
185124,0.29810790788152036
185125,0.23377313983665196
185126,0.14193190649983412
185127,0.21705200867189953
185128,0.21732016489335107
185129,0.657609955413347
185130,0.8529004049613447
185131,0.2807232036941928
185132,0.8711759332063758
185133,0.0514314542702742
185134,0.6951472813958668
185135,0.16269810608987323
185136,0.18930465728271395
185137,0.6619277250807878
185138,0.9968321205703092
185139,0.20436231087032602
185140,0.7505874439258071
185141,0.1745333399993637
185142,0.8402697924289045
185143,0.022329686711722974
185144,0.5624735820671664
185145,0.7350071129573995
185146,0.7183814272274011
185147,0.8977643043164061
185148,0.01799373696147186
185149,0.36817849205303127
185150,0.43124974434258545
185151,0.9142081892183019
185152,0.36385617736488785
185153,0.8304025524836266
185154,0.7241808736438795
185155,0.860990541811918
185156,0.7488148858518051
185157,0.09984955981474494
185158,0.24508569636534694
185159,0.3956804123242781
185160,0.9278432513260098
185161,0.6975152371819053
185162,0.8104090064130242
185163,0.38431786056785483
185164,0.3863358497597957
185165,0.7368296662591298
185166,0.05052245012976034
185167,0.06881615845760176
185168,0.8624131332918221
185169,0.8866608187400293
185170,0.12344276228178218
185171,0.6540830193481532
185172,0.9902691106757991
185173,0.9560587398475601
185174,0.46518286890796784
185175,0.43284959162988984
185176,0.34260366055967384
185177,0.1561623663195786
185178,0.04757727671449544
185179,0.30293471986764897
185180,0.426663818453693
185181,0.9152126387935696
185182,0.4378627494648238
185183,0.9171760877370797
185184,0.8516687043509483
185185,0.9330109398648311
185186,0.09414101381231792
185187,0.8480281427681904
185188,0.8618086455383804
185189,0.7571231836961018
185190,0.7162043623108704
185191,0.7667313574613333
185192,0.38148631267015415
185193,0.2326096145367942
185194,0.9527408747346845
185195,0.5104876352711787
185196,0.30328468646174683
185197,0.6352757236809214
185198,0.30093945577922104
185199,0.007931061125983428
185200,0.09649987955695137
185201,0.8583226146595098
185202,0.19260434231277926
185203,0.25648915330809324
185204,0.7523372768962964
185205,0.15977565777812117
185206,0.082342140068448
185207,0.5344444393944214
185208,0.082996623049618
185209,0.5374168829339018
185210,0.1716336167911245
185211,0.8513960031087942
185212,0.9367014966753173
185213,0.570286472654883
185214,0.683811999763659
185215,0.25408029233573154
185216,0.698533321819281
185217,0.17685584557837664
185218,0.09792247103685557
185219,0.47315029019957183
185220,0.17935106194408718
185221,0.36592870680525946
185222,0.143727189677349
185223,0.3429399920916639
185224,0.7583367042236877
185225,0.36738765845078425
185226,0.045736543329954873
185227,0.222428768163039
185228,0.4752182746192408
185229,0.7296258084455575
185230,0.653483076615414
185231,0.12542893632880497
185232,0.24505842624113153
185233,0.5900891278559773
185234,0.47038691761240975
185235,0.9283522936446975
185236,0.31891501265788263
185237,0.1321328418650947
185238,0.20694842765008797
185239,0.529522181973539
185240,0.7991237200085446
185241,0.7323482758463966
185242,0.581335417982829
185243,0.0018043732189200123
185244,0.35910208571000035
185245,0.47879066089146033
185246,0.7318301434863036
185247,0.25339853923034616
185248,0.0878961553669877
185249,0.9692347548643084
185250,0.8518686852618614
185251,0.5529563087159862
185252,0.6212543348134951
185253,0.681289513273733
185254,0.6971470905049973
185255,0.4172238104544566
185256,0.9144854354811586
185257,0.10415369442007809
185258,0.1975856850027952
185259,0.7912881043173152
185260,0.8151312829229937
185261,0.18475054653873949
185262,0.27464651101485765
185263,0.05169052045032065
185264,0.8865381031810601
185265,0.9392512532894587
185266,0.8812476990832694
185267,0.6352529985774086
185268,0.7678403425127601
185269,0.2258466237313711
185270,0.6983878811567987
185271,0.36693770140122983
185272,0.7291304011889775
185273,0.3682012171565441
185274,0.6317215174915122
185275,0.7158134905304494
185276,0.8971234563973439
185277,0.8403106976152277
185278,0.7814435894755501
185279,0.8917648769890147
185280,0.8944737093277461
185281,0.6504606378482054
185282,0.813999572768054
185283,0.8803932351911863
185284,0.903359224801269
185285,0.04307316119824926
185286,0.2883951986401298
185287,0.3268324387217584
185288,0.02274782861635935
185289,0.7599547315938024
185290,0.6647683630198936
185291,0.41837370069220664
185292,0.3744733457260898
185293,0.9589130128487736
185294,0.4669054317542416
185295,0.38107726080692295
185296,0.0692115752587253
185297,0.6291717608773708
185298,0.5886347212311552
185299,0.25844805723090064
185300,0.24789906418023733
185301,0.9261979538316797
185302,0.5618918194172375
185303,0.12475627326482472
185304,0.5120102172065394
185305,0.4930211207112048
185306,0.7997282077619864
185307,0.4770181028174583
185308,0.7256989105585376
185309,0.12456083737461424
185310,0.6220133532708242
185311,0.5841124256320988
185312,0.4790042768644811
185313,0.1401275332809141
185314,0.08285572740783834
185315,0.20893914671781333
185316,0.18475054653873949
185317,0.529267660814195
185318,0.9585857713581886
185319,0.5750360192890679
185320,0.9466596370346467
185321,0.880702296598961
185322,0.2341685566377755
185323,0.10716704314588152
185324,0.43284050158848475
185325,0.4928302298416969
185326,0.4493980120079447
185327,0.8034096745310676
185328,0.4642284145604283
185329,0.18687307120683935
185330,0.5055062925811628
185331,0.7711309375014204
185332,0.6227132864590199
185333,0.30157575867758074
185334,0.13309638625403938
185335,0.1410456274628331
185336,0.02280236886479018
185337,0.7824934892578436
185338,0.6477790756336895
185339,0.8310115852577709
185340,0.5012885133691785
185341,0.440107989691893
185342,0.39762113616427525
185343,0.10895323628199124
185344,0.8145540652937674
185345,0.345271587712082
185346,0.43963985255952837
185347,0.4025479386058603
185348,0.541698292435722
185349,0.16389799155535154
185350,0.34597606592098024
185351,0.8484099245072061
185352,0.5481613118747757
185353,0.2630294380990905
185354,0.7413701419409966
185355,0.5894300998541049
185356,0.666695451797783
185357,0.3911490266838165
185358,0.394035114829948
185359,0.46952790869962413
185360,0.9769522000172711
185361,0.4544338949463914
185362,0.8925057153635335
185363,0.5949977502147523
185364,0.0865190140941092
185365,0.5957249535271634
185366,0.48759891101303965
185367,0.7788256575508702
185368,0.931365642370501
185369,0.3764095245453843
185370,0.1692020307152499
185371,0.5128555910572173
185372,0.2109707709718618
185373,0.6120597579321975
185374,0.8461283241145163
185375,0.9578403879629672
185376,0.7117093368360293
185377,0.13958667581730835
185378,0.3547206857527236
185379,0.08923239145354307
185380,0.6475200094536431
185381,0.30782516214361355
185382,0.7381659023456852
185383,0.08060139713936396
185384,0.9988682898450603
185385,0.18225078515232637
185386,0.3248689897782484
185387,0.7158134905304494
185388,0.03368314842674108
185389,0.5697728853154926
185390,0.5245044791179024
185391,0.0923502756555056
185392,0.24787179405602194
185393,0.7867794437803665
185394,0.2291781239063544
185395,0.7562505397212085
185396,0.9946141504674555
185397,0.577672131296558
185398,0.570150122033806
185399,0.037805482203971445
185400,0.5939387603910535
185401,0.9578085728180492
185402,0.6150594715958931
185403,0.07556551420091719
185404,0.41906908885969973
185405,0.904150058403516
185406,0.5063834815767586
185407,0.36431522445584735
185408,0.7969739252162295
185409,0.8052276828120952
185410,0.09501365778721121
185411,0.22349230300744022
185412,0.7995782220788016
185413,0.9850014316815213
185414,0.5306675271905864
185415,0.8397471150481091
185416,0.28967689447825434
185417,0.42839092632066933
185418,0.7983874266547284
185419,0.04281409501820281
185420,0.5100558583044347
185421,0.4257093641061535
185422,0.05979429236300171
185423,0.13767776712222926
185424,0.9525727089686894
185425,0.6636548329477642
185426,0.9934597152090028
185427,0.3085114602697015
185428,0.1926543375405075
185429,0.13808227396475792
185430,0.9057589957322256
185431,0.7453652151385549
185432,0.7038555410619896
185433,0.2327005149508456
185434,0.6184000618122816
185435,0.8100090445911982
185436,0.7384431486085419
185437,0.09828152767235854
185438,0.3529254025752087
185439,0.7673267551733699
185440,0.6769353834406716
185441,0.675780948182219
185442,0.2849591629889874
185443,0.308379654669327
185444,0.740870189663714
185445,0.09152762690834056
185446,0.020248067229946234
185447,0.852232286918067
185448,0.6013198740120261
185449,0.6945064334768045
185450,0.1602665200139987
185451,0.07960149258479872
185452,0.3652287736170638
185453,0.20806650274292
185454,0.2702332959126629
185455,0.2336504242776826
185456,0.43567659450688795
185457,0.881788556546875
185458,0.10100399507319756
185459,0.3761777284895532
185460,0.5635416619322701
185461,0.18317796937565053
185462,0.5275360079265161
185463,0.30011226201135344
185464,0.9956776853118566
185465,0.6590325468932512
185466,0.5395439526227042
185467,0.5364306134414442
185468,0.3469986955790584
185469,0.7316756127824162
185470,0.9300703114702688
185471,0.880765926888797
185472,0.4094472800323605
185473,0.2721740197526599
185474,0.2903041073352089
185475,0.2936628776344076
185476,0.2683971075488249
185477,0.41121983810636253
185478,0.345862440403416
185479,0.4810904413669604
185480,0.9341744651646888
185481,0.1456224633103204
185482,0.41520127624181324
185483,0.15111739333972668
185484,0.31417455606510286
185485,0.7602365228773618
185486,0.48682625749360287
185487,0.6725721635662051
185488,0.019516318896832578
185489,0.24675826398389247
185490,0.23821817008376472
185491,0.01785284131969221
185492,0.4071565895982656
185493,0.7525463478486144
185494,0.4388035687502556
185495,0.21502492943855359
185496,0.5876575417801029
185497,0.4832129660350603
185498,0.10635348444012162
185499,0.8137405065880075
185500,0.7790120033996755
185501,0.7846296489880512
185502,0.9743797182996169
185503,0.6574781498129724
185504,0.3013348725803446
185505,0.3501120347603183
185506,0.6007562914449076
185507,0.7612227923698193
185508,0.37881838551774605
185509,0.26796987560278335
185510,0.7519373150744701
185511,0.6815894846401025
185512,0.17097458878925192
185513,0.8538184991432637
185514,0.5862031351552807
185515,0.8112407452015945
185516,0.949104858172629
185517,0.561991809872694
185518,0.45890165029701707
185519,0.5860713295549062
185520,0.27686448111771145
185521,0.8825021247971785
185522,0.05321310238568137
185523,0.32323278232532343
185524,0.5241954177101278
185525,0.9739933915398985
185526,0.14682689379650124
185527,0.808259211620709
185528,0.35051199658214444
185529,0.17442425950250204
185530,0.5608464646556465
185531,0.4259593402447948
185532,0.4058248985324128
185533,0.49720708477827114
185534,0.4625331218383699
185535,0.19314065475568243
185536,0.17236536512423814
185537,0.11748424014071383
185538,0.29227664632012396
185539,0.7036691952131842
185540,0.10143577203994163
185541,0.7029828970870963
185542,0.6924793542434586
185543,0.5526336122461039
185544,0.6744992523440945
185545,0.8472600342694562
185546,0.9338199535498884
185547,0.7510828511823872
185548,0.3322001081714927
185549,0.6423477758941193
185550,0.4941528308661446
185551,0.970716431613346
185552,0.622331504720004
185553,0.00980815467614455
185554,0.6915339899373242
185555,0.41391049036228356
185556,0.16439794383263415
185557,0.06091236745583376
185558,0.7278396153094479
185559,0.62534939846651
185560,0.6298171538171357
185561,0.8885470023315957
185562,0.2932129205848532
185563,0.3881174978752028
185564,0.029201758014007755
185565,0.7942014625876621
185566,0.8238440876098191
185567,0.8451056944564383
185568,0.8982460765108785
185569,0.6039741661023267
185570,0.32505079060635117
185571,0.914090018680035
185572,0.35478886106326213
185573,0.20511678430695252
185574,0.8223305957158635
185575,0.49568450284291043
185576,0.33719508592361636
185577,0.9494366446839165
185578,0.4021661568668445
185579,0.11322555574240639
185580,0.3090841328782252
185581,0.8332613705055426
185582,0.37745033428627267
185583,0.7656041923270961
185584,0.7973693420173529
185585,0.52975397802937
185586,0.671781329963958
185587,0.6393571522718287
185588,0.9932324641738743
185589,0.8121088441557851
185590,0.7031010676253631
185591,0.795215002204335
185592,0.49415737588684716
185593,0.02820639848014508
185594,0.00981269969684712
185595,0.8518550501997536
185596,0.33348180400961724
185597,0.1797192086209953
185598,0.42436403797819294
185599,0.3220010817149272
185600,0.48798523777275804
185601,0.294049204394126
185602,0.3316456156457792
185603,0.7877429881693112
185604,0.7725626190227297
185605,0.837056462792188
185606,0.36381527217856474
185607,0.3535253453079479
185608,0.7764213415992111
185609,0.570359192986124
185610,0.31160207434744863
185611,0.12543348134950755
185612,0.6911567532190109
185613,0.11950677435335717
185614,0.6160684661918635
185615,0.8740074811040764
185616,0.8857109094131924
185617,0.04081883092977488
185618,0.19627671904045524
185619,0.6576644956617778
185620,0.5826398389244664
185621,0.11013948668536185
185622,0.29931688338840384
185623,0.2002217970102854
185624,0.7476468155312448
185625,0.35717045191140845
185626,0.7324028160948273
185627,0.007558369428372746
185628,0.5282313960940093
185629,0.02408860972361729
185630,0.9237300075901845
185631,0.1310238568136678
185632,0.19424963980710933
185633,0.7615318537775939
185634,0.42150976497697945
185635,0.0633484985524109
185636,0.21685657278168904
185637,0.11261197794755955
185638,0.25670731430181665
185639,0.486835347535008
185640,0.13750960135623416
185641,0.2229605355852396
185642,0.5640279791474451
185643,0.6155730589352835
185644,0.9873330273019394
185645,0.055490157757668586
185646,0.6752037305529928
185647,0.0855418346430568
185648,0.029442644111243928
185649,0.19439508046959156
185650,0.38219079087905244
185651,0.08749164852445902
185652,0.4105335399802746
185653,0.8745347035055745
185654,0.5385622281509493
185655,0.31087032601433495
185656,0.5663595747678631
185657,0.2518668672535803
185658,0.9448688988778344
185659,0.18729121311147573
185660,0.2972898041550579
185661,0.666272764872444
185662,0.23272778507506103
185663,0.3123020075356443
185664,0.4721049354379809
185665,0.867967148590362
185666,0.9476549965685094
185667,0.8687807072961218
185668,0.9122720103990074
185669,0.889324200871735
185670,0.554606151231019
185671,0.3386813076933565
185672,0.9789338290435914
185673,0.8320023997709309
185674,0.5064380218251894
185675,0.4226278400698115
185676,0.16412069756977743
185677,0.33705873530253927
185678,0.42385499565950524
185679,0.6935474341085625
185680,0.9930597533871767
185681,0.253221283422946
185682,0.5073561160071084
185683,0.40174801496220813
185684,0.15376259538862203
185685,0.23035528426831983
185686,0.886865344671645
185687,0.3882038532685516
185688,0.20979361060989632
185689,0.8836929202212517
185690,0.34093563796183085
185691,0.8995868576181364
185692,0.21660205162234514
185693,0.8595179551042855
185694,0.5726135232545985
185695,0.3402220697115275
185696,0.2895178187536644
185697,0.8626403843269506
185698,0.6761309147763169
185699,0.12425177596683952
185700,0.43445398393789686
185701,0.12365183323410037
185702,0.5175596874843765
185703,0.1067261761377323
185704,0.48259938824021337
185705,0.7656450975134191
185706,0.4124424486753537
185707,0.4319769476549965
185708,0.012439721662932174
185709,0.7106821621572487
185710,0.400134532612796
185711,0.5806173047118229
185712,0.28571363642561387
185713,0.9853559432963217
185714,0.7845342035532973
185715,0.15025838442694106
185716,0.6256811849777976
185717,0.0340649301657569
185718,0.0853782138977643
185719,0.9417328345930616
185720,0.789411010767154
185721,0.35308902332050124
185722,0.6821985174142469
185723,0.8210079946914158
185724,0.17945559742024625
185725,0.3216874752864499
185726,0.14242731375641418
185727,0.026011153480804104
185728,0.09744069884238321
185729,0.2857636316533422
185730,0.9347153226282946
185731,0.49966594097836114
185732,0.620454411169843
185733,0.24418123724553567
185734,0.4599560951000131
185735,0.25952522713740955
185736,0.030301653024029526
185737,0.41429227210129943
185738,0.9548134041750561
185739,0.19222710559446599
185740,0.14314088200671757
185741,0.28643174969661983
185742,0.18384154239822564
185743,0.8108816885660914
185744,0.09304111880229614
185745,0.8656491880320515
185746,0.6014607696538058
185747,0.7413110566718633
185748,0.6826939246708269
185749,0.40752019125447114
185750,0.5085969066589099
185751,0.0939955731498357
185752,0.15552606342121889
185753,0.04276409979047455
185754,0.019193622426950156
185755,0.17263352134568974
185756,0.18527322391953496
185757,0.6464564746092419
185758,0.9623126883342954
185759,0.74372900768563
185760,0.7878338885833626
185761,0.4144740729294022
185762,0.46610550811058943
185763,0.7667177223992255
185764,0.04890442275964567
185765,0.40390689979592853
185766,0.8878925193504257
185767,0.006894796405797628
185768,0.6069875148281301
185769,0.9281886728994051
185770,0.02079801473495712
185771,0.2623931352007308
185772,0.20999359152080938
185773,0.142418223715009
185774,0.5180869098858745
185775,0.28290481363142606
185776,0.3393221556124188
185777,0.022329686711722974
185778,0.7936742401861641
185779,0.5274496525331673
185780,0.7773439808018325
185781,0.9374786952154568
185782,0.34019479958731214
185783,0.7126365210593535
185784,0.8928193217920107
185785,0.331236563782548
185786,0.6844619377241263
185787,0.6149867512646521
185788,0.3492348457647224
185789,0.6178137541416501
185790,0.27553733507256123
185791,0.09914962662654928
185792,0.11006222133341816
185793,0.13622790551810965
185794,0.2896632594161466
185795,0.8878834293090205
185796,0.9126674272001309
185797,0.03230600715386259
185798,0.1188068411651615
185799,0.9381240881552216
185800,0.9848878061639571
185801,0.9921098440603398
185802,0.4277000831738788
185803,0.19958549411192567
185804,0.8318160539221257
185805,0.3700237704582744
185806,0.3985983156153276
185807,0.3863676649047136
185808,0.38149540271155935
185809,0.9659759750205662
185810,0.37647315483522026
185811,0.46002881543125423
185812,0.25864803814181375
185813,0.413874130196663
185814,0.8611950677435336
185815,0.7097549779339245
185816,0.09812699696847119
185817,0.7652860408779163
185818,0.29037682766644995
185819,0.09649987955695137
185820,0.962085437299167
185821,0.3829134491707609
185822,0.9688438830838875
185823,0.5637870930502089
185824,0.6662318596861209
185825,0.5343989891873958
185826,0.18787752078210718
185827,0.47254580244613015
185828,0.23852723149153945
185829,0.11833415901209429
185830,0.4838038187263943
185831,0.4426532012853318
185832,0.9920780289154217
185833,0.056808213761413685
185834,0.6732857318165085
185835,0.8846519195894937
185836,0.6968107589730071
185837,0.107035237545507
185838,0.45866985424118606
185839,0.6705632644156694
185840,0.23577294894578246
185841,0.09038682671199567
185842,0.1634434894850946
185843,0.8117452424995796
185844,0.7568959326609733
185845,0.35300266792715235
185846,0.6236586507651543
185847,0.9186350393826045
185848,0.09224119515864394
185849,0.40852464082973894
185850,0.37250989678257984
185851,0.1030265292858409
185852,0.7128365019702665
185853,0.9741661023265962
185854,0.38898559682939354
185855,0.0794424168602088
185856,0.2103935533426355
185857,0.017702855636507427
185858,0.11905227228310024
185859,0.7900927638725395
185860,0.4692506624367674
185861,0.39899373241645114
185862,0.6108098772389908
185863,0.21923361860913276
185864,0.04908622358774844
185865,0.525786174956027
185866,0.059726117052463175
185867,0.9331154753409903
185868,0.23049163488939695
185869,0.8706305307220675
185870,0.908963235327537
185871,0.6438976279536954
185872,0.628885424573109
185873,0.18021007085687277
185874,0.3328318660491498
185875,0.1278696124460847
185876,0.5934024479481504
185877,0.5185232318733213
185878,0.39220801650751513
185879,0.028733620881643118
185880,0.008967325846169228
185881,0.0589080133260007
185882,0.850827875520973
185883,0.9968684807359298
185884,0.1828098226987424
185885,0.31927406929338564
185886,0.017966466837256445
185887,0.14404079610582626
185888,0.7325482567573095
185889,0.7509010503542843
185890,0.8067048145404302
185891,0.3863131246562828
185892,0.02312052031397003
185893,0.3479622399680031
185894,0.8955826943791729
185895,0.2560028360929184
185896,0.8693442898632403
185897,0.4436667409020048
185898,0.2752919039546225
185899,0.5488476100008636
185900,0.3150244749364833
185901,0.9765795083196604
185902,0.33890401370778245
185903,0.062334958935737955
185904,0.9931688338840383
185905,0.8468146222406043
185906,0.40098445148417644
185907,0.501461224155876
185908,0.2978397516600688
185909,0.9800473591157208
185910,0.005585830443457669
185911,0.5572059030728885
185912,0.4562064530203935
185913,0.9345971520900278
185914,0.5903527390567265
185915,0.7350980133714509
185916,0.830398007462924
185917,0.09756341440135259
185918,0.9486776262265875
185919,0.6386617641043356
185920,0.16977470332377365
185921,0.12577435790220023
185922,0.743329045863804
185923,0.9241299694120108
185924,0.1321010267201767
185925,0.12543348134950755
185926,0.18000554492525717
185927,0.7636361983628835
185928,0.5008930965680549
185929,0.047986328577726674
185930,0.5798628312751966
185931,0.27678267074506524
185932,0.8465191958949373
185933,0.5436981015448525
185934,0.7766213225101241
185935,0.11153026302034805
185936,0.4180919094086473
185937,0.23856359165715998
185938,0.9893146563282597
185939,0.3089750523813636
185940,0.991928043232237
185941,0.2807141136527877
185942,0.9463778457510874
185943,0.46312397452970394
185944,0.05065425573013486
185945,0.8535685230046224
185946,0.14496798032915043
185947,0.25108512369273844
185948,0.43952622704196415
185949,0.29300839465323764
185950,0.9813154198917377
185951,0.12173383449761613
185952,0.25642552301825733
185953,0.04111880229614446
185954,0.7482285781811736
185955,0.5640507042509578
185956,0.017693765595102287
185957,0.9551497357070461
185958,0.8181082714831767
185959,0.46144686189045586
185960,0.11614345903345588
185961,0.3210011771603619
185962,0.826102962898996
185963,0.09455461069625172
185964,0.33442716831575164
185965,0.14197735670685982
185966,0.3055844669372469
185967,0.9401602574299726
185968,0.5571740879279705
185969,0.775271451361461
185970,0.4842855909208666
185971,0.9583267051781421
185972,0.016752946309670443
185973,0.14090927684175603
185974,0.7101231246108326
185975,0.9042409588175674
185976,0.9521136618777298
185977,0.022856909113221014
185978,0.7426245676549057
185979,0.9401420773471624
185980,0.5341808281936725
185981,0.03364678826112053
185982,0.38571318192354365
185983,0.7811754332540984
185984,0.782943446307398
185985,0.29779884647374566
185986,0.9768022143340864
185987,0.8476781761740926
185988,0.5562741738288618
185989,0.674935574331541
185990,0.09937233264097517
185991,0.49553906218042826
185992,0.4442075983656105
185993,0.7164134332631885
185994,0.7286940792015308
185995,0.30743883538389516
185996,0.7493193831497902
185997,0.32149203939623944
185998,0.7228310024952165
185999,0.8207034783043438
186000,0.497429790792697
186001,0.7795074106562556
186002,0.9776203180605488
186003,0.22209243663104886
186004,0.7754350721067534
186005,0.6792306188954691
186006,0.23468214397716583
186007,0.7846978242985897
186008,0.20634393989664623
186009,0.6724312679244254
186010,0.17326982424404946
186011,0.12781507219765387
186012,0.21492948400379963
186013,0.06426204771362733
186014,0.15655323809999955
186015,0.6011607982874363
186016,0.16932929129492186
186017,0.5427481922180156
186018,0.923334590789061
186019,0.619345426118416
186020,0.29863058526231584
186021,0.9858468055321993
186022,0.7386158593952397
186023,0.7466332759145717
186024,0.07958331250198844
186025,0.5432481444952982
186026,0.1844551201930725
186027,0.6942610023588658
186028,0.6787443016802941
186029,0.25827080142350045
186030,0.49649351652796775
186031,0.4928847700901277
186032,0.17437880929547633
186033,0.06071238654492071
186034,0.4064884715549879
186035,0.25488021597938376
186036,0.6218633675876394
186037,0.6914021843369498
186038,0.5466296398980098
186039,0.15119011367096777
186040,0.6277991646251949
186041,0.03587839342608205
186042,0.022438767208584637
186043,0.613309638625404
186044,0.19454961117347888
186045,0.8245122056530968
186046,0.0708841428772708
186047,0.7534417169270206
186048,0.3247099140536585
186049,0.8235759313883675
186050,0.29243117702401134
186051,0.37482785734089014
186052,0.5089150581080897
186053,0.8884242867726263
186054,0.2505033610428095
186055,0.7936242449584359
186056,0.3990846328305025
186057,0.5038382699833198
186058,0.21346598733757233
186059,0.5278859745206139
186060,0.5852350457456335
186061,0.28896332622795096
186062,0.2983351589166488
186063,0.39023547752260007
186064,0.3531026583826089
186065,0.8374836947382296
186066,0.9740161166434114
186067,0.46943246326487015
186068,0.9812063393948759
186069,0.7142090982224425
186070,0.5867621727016967
186071,0.43133155471523166
186072,0.24354947936787855
186073,0.991600801741652
186074,0.2708786888524277
186075,0.906640729748524
186076,0.9861467768985688
186077,0.7807345662459493
186078,0.9328291390367283
186079,0.7896382618022826
186080,0.2911267560823739
186081,0.5113466441839642
186082,0.9439326246131051
186083,0.0580490044132151
186084,0.641716018016462
186085,0.2280373237100095
186086,0.09364560655573786
186087,0.4482163066252767
186088,0.12791960767381297
186089,0.6239722571936316
186090,0.07390203662377681
186091,0.6114916303443761
186092,0.5350534721685658
186093,0.12494716413433263
186094,0.522545575195095
186095,0.4574017934651692
186096,0.7055462887633454
186097,0.7568868426195681
186098,0.921784738729485
186099,0.5991564441576032
186100,0.9229300839465324
186101,0.05879438780843647
186102,0.4552383636107462
186103,0.26335213456897294
186104,0.5766540466591826
186105,0.5604874080201436
186106,0.5782448039050818
186107,0.9723571840869735
186108,0.6922748283118431
186109,0.6942882724830811
186110,0.4843946714177283
186111,0.020843464941982814
186112,0.5178778389335564
186113,0.1891728516823394
186114,0.8848019052726785
186115,0.37000559037546416
186116,0.3367087687084414
186117,0.08353748051322372
186118,0.48339022184246044
186119,0.6585598647401839
186120,0.005472204925893437
186121,0.07129319474050204
186122,0.09354107107957876
186123,0.3167424927620545
186124,0.43342226423841357
186125,0.9283432036032924
186126,0.09424100426777443
186127,0.27189222846910066
186128,0.001181705382668018
186129,0.43311320283063887
186130,0.6196999377332164
186131,0.4692506624367674
186132,0.09413646879161533
186133,0.09612264283863813
186134,0.7813390539993911
186135,0.9207257489057863
186136,0.7624135877938925
186137,0.6804077792574346
186138,0.6107007967421292
186139,0.29463096704405484
186140,0.11288013416901113
186141,0.9123129155853306
186142,0.6989196485789994
186143,0.13841860549674803
186144,0.42607296576235903
186145,0.9429190849964322
186146,0.8368882970261929
186147,0.16163457124547204
186148,0.7449652533167289
186149,0.7731989219210894
186150,0.85538653128565
186151,0.7267579003822363
186152,0.5960749201212612
186153,0.06665272860317878
186154,0.5379304702732921
186155,0.12446539193986028
186156,0.4657100913094659
186157,0.8640584307861523
186158,0.6722131069307021
186159,0.9284204689552361
186160,0.7680494134650784
186161,0.33769503820089897
186162,0.745501565759632
186163,0.41623754096199905
186164,0.4113289186032242
186165,0.952809050045223
186166,0.6804168692988397
186167,0.2675244635739315
186168,0.20980270065130147
186169,0.8451056944564383
186170,0.7629317201539854
186171,0.6610550811058945
186172,0.6269810608987325
186173,0.9418828202762464
186174,0.04582289872330369
186175,0.9267569913780958
186176,0.7478331613800501
186177,0.5144963435308447
186178,0.9900782198062912
186179,0.024670372373546166
186180,0.37128274119288607
186181,0.5695956295080925
186182,0.3132837320073993
186183,0.5155007931061126
186184,0.6563827998236532
186185,0.19236800123624564
186186,0.8586862163157153
186187,0.5474477436244722
186188,0.09652260466046422
186189,0.9309520454865673
186190,0.9749751160116534
186191,0.681521309329564
186192,0.11416183000713567
186193,0.033978574772408086
186194,0.5554651601438044
186195,0.49019866285490926
186196,0.2589570995495884
186197,0.49714345448843517
186198,0.505947159589312
186199,0.8473191195385895
186200,0.30946591461724104
186201,0.2714740865644643
186202,0.08809613627790074
186203,0.6490244113061935
186204,0.9679121538398607
186205,0.6900614032296917
186206,0.1303102885633644
186207,0.4116516150731066
186208,0.3232282373046209
186209,0.8666672726694271
186210,0.016925657096368077
186211,0.8519959458415334
186212,0.21258879834197644
186213,0.9214711323010076
186214,0.4362083619290886
186215,0.16600688116134368
186216,0.5421573395266815
186217,0.6941155616963836
186218,0.32158748483099336
186219,0.68568909331382
186220,0.02344321678385245
186221,0.0016498425150326562
186222,0.3595884029251753
186223,0.8119270433276824
186224,0.10877143545388848
186225,0.637316437976375
186226,0.7488194308725076
186227,0.8803568750255658
186228,0.9581948995777676
186229,0.8105953522618297
186230,0.27266942700924
186231,0.5068152585435027
186232,0.6137186904886353
186233,0.4717004285954522
186234,0.3718145086150867
186235,0.1303557387703901
186236,0.7655541970993678
186237,0.2005308584180601
186238,0.607505647188223
186239,0.023297776121370236
186240,0.5478840656119188
186241,0.44102608387381204
186242,0.8080319605855806
186243,0.7128046868253486
186244,0.17960103808272848
186245,0.5856350075674595
186246,0.7184496025379397
186247,0.5210229932597343
186248,0.3814681325873439
186249,0.011435272087664358
186250,0.014107744260775107
186251,0.8041596029469915
186252,0.9073952031851505
186253,0.3082478490689525
186254,0.19311792965216956
186255,0.9107403384222416
186256,0.6943200876279991
186257,0.8017416519332246
186258,0.5315992564346131
186259,0.7418928193217921
186260,0.11382549847514555
186261,0.22662836729221303
186262,0.2883997436608323
186263,0.9081542216424796
186264,0.2857818117361524
186265,0.6505515382622569
186266,0.662136796033106
186267,0.19738115907117956
186268,0.6324441757832208
186269,0.3586430386190409
186270,0.30887960694660965
186271,0.7843842178701124
186272,0.6681498584226051
186273,0.02786552192745238
186274,0.20583489757795848
186275,0.3518936828757255
186276,0.22199699119629493
186277,0.27146045150235654
186278,0.34323541843733096
186279,0.22635566605005886
186280,0.5629462642202335
186281,0.5521972902586572
186282,0.9594629603537844
186283,0.7565186959426601
186284,0.33966757718581403
186285,0.8089864149331201
186286,0.6792987942060076
186287,0.05730362101799374
186288,0.39137173269824244
186289,0.5867530826602916
186290,0.24803086978061187
186291,0.23742279146081513
186292,0.35170733702692014
186293,0.9768294844583018
186294,0.005367669449734343
186295,0.6638093636516514
186296,0.033742233695874486
186297,0.6470700524040888
186298,0.9012821503401949
186299,0.6334031751514628
186300,0.7916562509942233
186301,0.23801364415214912
186302,0.6520195799491868
186303,0.694438258166266
186304,0.5957658587134864
186305,0.4621286149958413
186306,0.6578144813449626
186307,0.3988528367746715
186308,0.911453906672545
186309,0.6596506697088006
186310,0.46390117306984335
186311,0.8583862449493458
186312,0.7731625617554688
186313,0.5128555910572173
186314,0.12259284341040172
186315,0.5222365137873204
186316,0.4925211684339222
186317,0.5345217047463652
186318,0.03755550606533013
186319,0.7127683266597279
186320,0.33053208557364977
186321,0.15204457756305081
186322,0.4420032633248644
186323,0.3104340040268883
186324,0.22559210257202722
186325,0.3268687988873789
186326,0.40057085460024267
186327,0.46518286890796784
186328,0.5608373746142414
186329,0.7052826775625963
186330,0.8969462005899437
186331,0.8433967666722723
186332,0.3522300144077156
186333,0.7642770462819459
186334,0.13406902068438922
186335,0.1243608564637012
186336,0.9555133373632517
186337,0.3220419869012503
186338,0.11764786088600633
186339,0.5103103794637784
186340,0.07372932583707918
186341,0.03726916976106826
186342,0.6997332072847592
186343,0.6655455615600329
186344,0.49777975738679486
186345,0.24764908804159602
186346,0.8286436294717323
186347,0.5531290195026838
186348,0.30854327541461946
186349,0.015598511051217836
186350,0.14674053840315243
186351,0.25023520482135797
186352,0.06134414442257785
186353,0.004645011158025824
186354,0.25661186886706266
186355,0.7546688725167144
186356,0.2860772380818194
186357,0.5359761113711873
186358,0.10845328400470863
186359,0.6721312965580559
186360,0.15631689702346593
186361,0.6442203244235778
186362,0.9582539848469009
186363,0.9085950886506288
186364,0.8467464469300658
186365,0.21837460969634717
186366,0.5615827580094627
186367,0.1876229996227633
186368,0.8736484244685735
186369,0.5153008121951995
186370,0.50352011853414
186371,0.9850741520127625
186372,0.6590189118311434
186373,0.8399925461660478
186374,0.8300616759309339
186375,0.790456365528745
186376,0.6073511164843356
186377,0.9778839292612979
186378,0.02697015284904623
186379,0.2283054799314611
186380,0.19829016321169343
186381,0.07689266024606742
186382,0.6810713522800097
186383,0.6079737843205876
186384,0.9218483690193209
186385,0.9598311070306926
186386,0.5023293231100668
186387,0.49843878538866737
186388,0.9182850727885066
186389,0.47574095200003635
186390,0.9945959703846451
186391,0.33508165129692163
186392,0.4982660746019698
186393,0.6308488735166189
186394,0.5245908345112512
186395,0.03746006063057618
186396,0.1022720558492144
186397,0.44656191908954146
186398,0.7860158803023348
186399,0.6777171270015135
186400,0.02411133482713014
186401,0.5166643184059704
186402,0.34423532299189624
186403,0.19120902095709047
186404,0.6977697583412493
186405,0.9490912231105213
186406,0.7048918057821754
186407,0.8171310920321243
186408,0.7874248367201313
186409,0.5815853941214703
186410,0.9963139882102163
186411,0.7304030069856968
186412,0.4277318983187968
186413,0.24704914530885688
186414,0.5277723490030497
186415,0.4353811681612209
186416,0.002267965330582081
186417,0.7160225614827677
186418,0.3584703278323433
186419,0.9006413024211325
186420,0.7814254093927397
186421,0.9330063948441285
186422,0.7343344498934193
186423,0.03772367183132519
186424,0.6269628808159221
186425,0.5447343662650384
186426,0.8763708918694124
186427,0.8223396857572686
186428,0.2990214570427368
186429,0.9329473095749952
186430,0.14753591702610205
186431,0.19494048295389985
186432,0.7469696074465619
186433,0.41595120465773716
186434,0.4618013735052563
186435,0.014166829529908508
186436,0.406002154339813
186437,0.5875121011176206
186438,0.7373568886606279
186439,0.428331841051536
186440,0.931365642370501
186441,0.5596329441280605
186442,0.7730580262793098
186443,0.6310761245517473
186444,0.5993155198821931
186445,0.41111984765090603
186446,0.4769499275069198
186447,0.402329777612137
186448,0.7826707450652438
186449,0.28364110698524225
186450,0.7487239854377538
186451,0.6287263488485191
186452,0.7050463364860627
186453,0.5004658646220134
186454,0.28684989160125623
186455,0.7366933156380527
186456,0.7018920921184796
186457,0.4427895519064089
186458,0.5666277309893147
186459,0.927556915021748
186460,0.8327068779798292
186461,0.8448511732970944
186462,0.7132819139991183
186463,0.42904995432254195
186464,0.706582553483531
186465,0.03344226232950491
186466,0.12935583421582486
186467,0.9795519518591407
186468,0.6711950222933266
186469,0.4296908022416042
186470,0.6152912676517241
186471,0.2371728153221738
186472,0.10935319810381736
186473,0.5519745842442312
186474,0.25853895764495205
186475,0.6173274369264753
186476,0.7573367996691225
186477,0.9574540612032488
186478,0.2822230605260407
186479,0.5414801314419987
186480,0.45445207502920176
186481,0.43885356397798386
186482,0.9621945177960286
186483,0.510610350830148
186484,0.3797001195340444
186485,0.16178455692865681
186486,0.9707573367996691
186487,0.06597552051849595
186488,0.29108130587534825
186489,0.5458388062957628
186490,0.21618390971770876
186491,0.9917371523627291
186492,0.07766985878620676
186493,0.17578776571327284
186494,0.7519327700537676
186495,0.21592938855836488
186496,0.8328068684352857
186497,0.4576972198108362
186498,0.3615700319514955
186499,0.9932188291117666
186500,0.39208075592784325
186501,0.8751391912590163
186502,0.4223460487862522
186503,0.5358579408329205
186504,0.28111407547461376
186505,0.8312297462514942
186506,0.5955613327818708
186507,0.8684216506606188
186508,0.7797573867948969
186509,0.3003349680257793
186510,0.34246730993859675
186511,0.28882697560687387
186512,0.12671972220833466
186513,0.4640647938151358
186514,0.6052285918162358
186515,0.3827998236531967
186516,0.21763831634253095
186517,0.43894900941273785
186518,0.23794546884161058
186519,0.8106408024688553
186520,0.15273542070984134
186521,0.7153180832738693
186522,0.32684152876316347
186523,0.0454956572327187
186524,0.1429363560751019
186525,0.6899341426500198
186526,0.0665754632512351
186527,0.1399048272664882
186528,0.4361856368255757
186529,0.639384422396044
186530,0.4352629976229541
186531,0.4105744451665977
186532,0.9791883502029352
186533,0.11992491625799355
186534,0.9635943841724199
186535,0.5361533671785875
186536,0.5990246385572287
186537,0.19252707696083554
186538,0.29768522095618144
186539,0.9332381908999595
186540,0.01039900736747856
186541,0.1289058771662705
186542,0.33796319442235057
186543,0.06628458192627067
186544,0.3945577922107435
186545,0.11641616027561005
186546,0.7740488407924698
186547,0.5176005926706996
186548,0.05660823285050064
186549,0.41216065739179436
186550,0.4826766535921571
186551,0.35512064757454964
186552,0.046568282118525046
186553,0.0969543816272083
186554,0.07671085941796464
186555,0.9099676849028048
186556,0.5539062180428233
186557,0.05572195381349962
186558,0.13596429431736062
186559,0.11798873743869902
186560,0.511782966171411
186561,0.8515278087091688
186562,0.43604019616309353
186563,0.4764454302089346
186564,0.7443925807082052
186565,0.4600560855554697
186566,0.9884465573740688
186567,0.2202062530394826
186568,0.7999418237350071
186569,0.7876793578794752
186570,0.9127128774071567
186571,0.8993323364587926
186572,0.3067161770921866
186573,0.17427881884001983
186574,0.9966366846800987
186575,0.0336513332818231
186576,0.4558746665091059
186577,0.6781079987819345
186578,0.9151444634830311
186579,0.47075506428931785
186580,0.20104444575745042
186581,0.8464146604187782
186582,0.6717995100467683
186583,0.5594965935069834
186584,0.31242926811531624
186585,0.6661773194376901
186586,0.7945423391403548
186587,0.2645838351793692
186588,0.9398466510014953
186589,0.2366228678171629
186590,0.4276728130496634
186591,0.20777562141795558
186592,0.8835656596415796
186593,0.6321578394789589
186594,0.6951609164579745
186595,0.015084923711827507
186596,0.49209393648788063
186597,0.7881156798669219
186598,0.4748955781493584
186599,0.6550738338613132
186600,0.4069157035010294
186601,0.28796796669408825
186602,0.7514373627971875
186603,0.8334840765199686
186604,0.4340676571781784
186605,0.235218456420069
186606,0.9459687938878562
186607,0.6076056376436795
186608,0.08778707487012602
186609,0.2948264029342653
186610,0.4544293499256889
186611,0.055317446970970956
186612,0.8276164547929517
186613,0.21313874584698733
186614,0.08440557946741446
186615,0.1483131155662414
186616,0.9309475004658646
186617,0.8219079087905246
186618,0.18131905590829966
186619,0.9299430508905969
186620,0.029065407392930676
186621,0.7971102758373065
186622,0.9339972093572886
186623,0.22620568036687405
186624,0.24978070275110104
186625,0.004467755350625622
186626,0.4423259597947468
186627,0.2815004022343322
186628,0.3599883647470014
186629,0.7874157466787262
186630,0.3904536385163234
186631,0.5911617527417837
186632,0.791142663654833
186633,0.20038996277628043
186634,0.0930911140300244
186635,0.24335404347766806
186636,0.7623681375868667
186637,0.8034051295103649
186638,0.47945877893473804
186639,0.02849273478440694
186640,0.24425850259747933
186641,0.07667904427304666
186642,0.6280218706396208
186643,0.45534289908690534
186644,0.5607146590552721
186645,0.39956640502497487
186646,0.6080555946932338
186647,0.42531849232573254
186648,0.15561696383527027
186649,0.22230605260406963
186650,0.7356706859799746
186651,0.7194676871753152
186652,0.24793542434585789
186653,0.099426872889406
186654,0.4426850164302498
186655,0.1838142722740102
186656,0.19310429459006187
186657,0.2529076769944687
186658,0.15807582003536025
186659,0.5967021329782157
186660,0.4474118379609219
186661,0.856104644556656
186662,0.9387740261156889
186663,0.38538594043295865
186664,0.5935797037555507
186665,0.3401311692974761
186666,0.5052381363597112
186667,0.8778434785770449
186668,0.7110593988755619
186669,0.8605769449279842
186670,0.8833793137927743
186671,0.3987982965262406
186672,0.49420282609387284
186673,0.9363697101640298
186674,0.7880838647220039
186675,0.9498911467541734
186676,0.03470577808481918
186677,0.05078606133050936
186678,0.6467973511619346
186679,0.9272842137795938
186680,0.5938887651633253
186681,0.5025747542280055
186682,0.17982828911785695
186683,0.9465323764549748
186684,0.06824348584907804
186685,0.6592461628662718
186686,0.019334518068729805
186687,0.3893946486926248
186688,0.8046822803277869
186689,0.7047554551610983
186690,0.3819180896368983
186691,0.8255348353111749
186692,0.28267756259629756
186693,0.08074229278114362
186694,0.24730821148890333
186695,0.8341067443562206
186696,0.7835433890401371
186697,0.021161616391162666
186698,0.5415755768767527
186699,0.8499915917117002
186700,0.11840233432263282
186701,0.5483522027442835
186702,0.43612200653573974
186703,0.5384667827161953
186704,0.8350930138486781
186705,0.44358038550865597
186706,0.884111062125888
186707,0.4137423245962885
186708,0.9971230018952737
186709,0.37187359388422014
186710,0.3397993827861886
186711,0.24132696424432215
186712,0.8666309125038065
186713,0.7605228591816235
186714,0.10155848759891101
186715,0.2747601365324219
186716,0.36577417610137214
186717,0.41675112830138944
186718,0.8306797987464832
186719,0.7165361488221579
186720,0.7710218570045587
186721,0.6011607982874363
186722,0.698374246094691
186723,0.890242295053654
186724,0.897482513032847
186725,0.7368932965489658
186726,0.6483926534285364
186727,0.15672140386599462
186728,0.22316051649615262
186729,0.08779161989082859
186730,0.33969484731002947
186731,0.23426854709323203
186732,0.7969512001127166
186733,0.21941996445793813
186734,0.2977624863081251
186735,0.3216783852450448
186736,0.08630994314179101
186737,0.7699265070152395
186738,0.8968007599274614
186739,0.9305339035819309
186740,0.6409115493521074
186741,0.48844428486371755
186742,0.5886892614795861
186743,0.6052240467955331
186744,0.2241422409679076
186745,0.748910331286559
186746,0.03456488244303953
186747,0.2231105212684244
186748,0.9593402447948151
186749,0.6738447693629245
186750,0.7546870525995246
186751,0.9268024415851214
186752,0.46194681416773853
186753,0.593534253548525
186754,0.38181355416073914
186755,0.6071329554906123
186756,0.27226037514600876
186757,0.5517155180641848
186758,0.7600001818008281
186759,0.7314710868508006
186760,0.6305670822330596
186761,0.7875202821548852
186762,0.7455061107803347
186763,0.4693097477059007
186764,0.19426327486921702
186765,0.10699433235918389
186766,0.1922134705323583
186767,0.5431663341226519
186768,0.42200971725426206
186769,0.6528376836756492
186770,0.46885524563564385
186771,0.6366392298916922
186772,0.36296535330718427
186773,0.6246903704646375
186774,0.5562287236218362
186775,0.9501047627271942
186776,0.7706218951827326
186777,0.18408697351616438
186778,0.10094490980406415
186779,0.37278259802473396
186780,0.8484735547970421
186781,0.5132782779825562
186782,0.18198717395157735
186783,0.013539616672953945
186784,0.45366578644765726
186785,0.32342821821553397
186786,0.5650778789297386
186787,0.27484194690506814
186788,0.4250457910835784
186789,0.2166838619949914
186790,0.6471064125697092
186791,0.9180623667740807
186792,0.1889228755436981
186793,0.23195058653492168
186794,0.7274760136532422
186795,0.1328282300325878
186796,0.3978165720544857
186797,0.7662677653496711
186798,0.7638816294808224
186799,0.9812608796433068
186800,0.7859158898468783
186801,0.4779680121442953
186802,0.5506883433854042
186803,0.6870707796074011
186804,0.898241531490176
186805,0.8211125301675749
186806,0.15316265265588286
186807,0.8656628230941592
186808,0.1952268192581617
186809,0.6749810245385668
186810,0.8437194631421546
186811,0.48115407165679636
186812,0.2689516000745383
186813,0.8357202267056326
186814,0.6330941137436881
186815,0.25387122138341334
186816,0.6772762599933643
186817,0.29177214902213877
186818,0.5461478677035374
186819,0.7329164034342177
186820,0.33652696788033865
186821,0.9406283945623373
186822,0.8239986183137065
186823,0.23913626426568374
186824,0.6212952399998183
186825,0.08491007676539966
186826,0.4737365978702033
186827,0.6856163729825789
186828,0.7095731771058217
186829,0.7346980515496249
186830,0.7996191272651247
186831,0.37540961999081907
186832,0.3073570250112489
186833,0.14354084382854365
186834,0.9123401857095459
186835,0.8706532558255804
186836,0.09814063203057889
186837,0.5483294776407707
186838,0.139727571459088
186839,0.18835020293517438
186840,0.10950318378700215
186841,0.5961658205353126
186842,0.35591602619749935
186843,0.46052422268783433
186844,0.5971384549656624
186845,0.8887106230768881
186846,0.33100476772671694
186847,0.11505265406483925
186848,0.8406470291472178
186849,0.8221851550533813
186850,0.5446343758095818
186851,0.4347403202421587
186852,0.7249898873289368
186853,0.039650760609214575
186854,0.14102290235932025
186855,0.20344876170910958
186856,0.7239354425259408
186857,0.9298112452902223
186858,0.3037619136355166
186859,0.547038691761241
186860,0.4285409120038542
186861,0.11287558914830856
186862,0.08618268256211906
186863,0.9338926738811295
186864,0.1903454670236023
186865,0.15422618750028405
186866,0.11139845741997353
186867,0.4607014784952345
186868,0.6571418182809824
186869,0.17426063875720954
186870,0.723035528426832
186871,0.16077101731198387
186872,0.297130728430468
186873,0.4793769685620918
186874,0.37071915862576754
186875,0.1531853777593957
186876,0.621045263861177
186877,0.9884101972084482
186878,0.43051345098876925
186879,0.4679053363088069
186880,0.8116088918785025
186881,0.3353770776425886
186882,0.3216783852450448
186883,0.11036673772049031
186884,0.6166365937796847
186885,0.6998877379886466
186886,0.7986692179382877
186887,0.8229896237177361
186888,0.5222137886838075
186889,0.7305529926688816
186890,0.013716872480354147
186891,0.39783929715799854
186892,0.8968825703001078
186893,0.9317519691302194
186894,0.6403888719713119
186895,0.4387944787088505
186896,0.025320310334013572
186897,0.44382127160589213
186898,0.19207257489057863
186899,0.9888374291544898
186900,0.21207066598188354
186901,0.8471191386276764
186902,0.996064012071575
186903,0.4992568891151299
186904,0.37258716213452353
186905,0.8312797414792225
186906,0.5310174937846842
186907,0.7598501961176434
186908,0.27863249417101094
186909,0.7256716404343222
186910,0.6940928365928707
186911,0.8854018480054177
186912,0.4685961794555974
186913,0.5797128455920117
186914,0.9610082673926581
186915,0.716808850064312
186916,0.14527249671622255
186917,0.5934615332172838
186918,0.304675462796733
186919,0.8647992691606711
186920,0.8442057803573295
186921,0.028756345985155963
186922,0.9027592820685298
186923,0.48436740129351286
186924,0.6296898932374637
186925,0.3772548983960622
186926,0.7529008594634149
186927,0.32289190577263077
186928,0.3549070316015289
186929,0.4989251026038423
186930,0.19743569931961039
186931,0.7865840078901559
186932,0.7570004681371324
186933,0.7144636193817863
186934,0.32039214438621766
186935,0.35066652728603176
186936,0.46323305502656564
186937,0.033028665445571107
186938,0.6805168597542962
186939,0.2988805614009572
186940,0.8906877070825058
186941,0.7535507974238823
186942,0.3670195117738761
186943,0.9495139100358603
186944,0.9295658141722836
186945,0.15514428168220307
186946,0.8794160557401339
186947,0.33114111834779403
186948,0.7079778748392199
186949,0.11496629867149044
186950,0.5875257361797283
186951,0.0940682934810768
186952,0.9863013076024562
186953,0.7915517155180642
186954,0.39375786856709133
186955,0.014466800896278083
186956,0.34245367487648903
186957,0.20989814608605542
186958,0.025002158884833724
186959,0.2434631239745297
186960,0.7840978815658506
186961,0.20403506937974103
186962,0.8523868176219542
186963,0.3602201608028325
186964,0.8974279727844161
186965,0.10863508483281141
186966,0.5889983228873608
186967,0.9220438049095313
186968,0.5931888319751297
186969,0.10036314715413527
186970,0.15414437712763782
186971,0.7251444180328243
186972,0.44298953281732195
186973,0.6280491407638362
186974,0.5852305007249309
186975,0.054303907354298006
186976,0.2415678503415583
186977,0.7888019779930098
186978,0.35922934628967235
186979,0.058435331172933494
186980,0.8806068511642071
186981,0.07457924470845964
186982,0.10286745356125096
186983,0.515591693520164
186984,0.49944777998463785
186985,0.5750360192890679
186986,0.2005444934801678
186987,0.5339899373241646
186988,0.6104644556655956
186989,0.2913449170760972
186990,0.47294121924725363
186991,0.40341603756005107
186992,0.9594856854572973
186993,0.25561650933319996
186994,0.7117047918153266
186995,0.6066330032133297
186996,0.6456610959862922
186997,0.14442257784484208
186998,0.20776653137655043
186999,0.10139941187432108
187000,0.5752996304898169
187001,0.8370428277300803
187002,0.5275632780507316
187003,0.988296571690884
187004,0.7734716231632435
187005,0.23545025247590004
187006,0.6329441280605034
187007,0.535535244363038
187008,0.11906136232450538
187009,0.1377277623499575
187010,0.8461646842801369
187011,0.10949863876629957
187012,0.25788447466378206
187013,0.6186682180337332
187014,0.42449129855786494
187015,0.7390249112584708
187016,0.4760681934906213
187017,0.8137586866708179
187018,0.760581944450757
187019,0.012707877884383764
187020,0.16744310770335558
187021,0.4081155889665077
187022,0.1778193899673213
187023,0.5806582098981461
187024,0.8969598356520514
187025,0.7412065211957041
187026,0.9832016034833039
187027,0.08516914294544611
187028,0.7577413065116512
187029,0.7535417073824772
187030,0.641843278596134
187031,0.7226355666050059
187032,0.3826816531149299
187033,0.9537453243099522
187034,0.01525763449852514
187035,0.5051608710077675
187036,0.9163625290313198
187037,0.2451675067379932
187038,0.3222510578535685
187039,0.8710032224196781
187040,0.9260525131691975
187041,0.7251126028879062
187042,0.2500624940346603
187043,0.9713118293253826
187044,0.39974820585307763
187045,0.4504160966453202
187046,0.8936556056012835
187047,0.44837538234986657
187048,0.891224019525409
187049,0.220560764654283
187050,0.3012530622076983
187051,0.47714536339713026
187052,0.34375809581812644
187053,0.37737761395503155
187054,0.49489821426136593
187055,0.09593175196913022
187056,0.6805486748992142
187057,0.5787083960167438
187058,0.18351884592834322
187059,0.10072674881034083
187060,0.16595688593361543
187061,0.08221033446807349
187062,0.36181091804873167
187063,0.4168829339017639
187064,0.706932520077629
187065,0.9755977838479054
187066,0.6531785602283419
187067,0.15001295330900233
187068,0.8713759141172888
187069,0.35507974238822654
187070,0.17421973357088644
187071,0.014862217697401611
187072,0.10200844464846537
187073,0.04046886433567705
187074,0.24034978479326974
187075,0.38474963753459895
187076,0.25250317015194
187077,0.31227473741142886
187078,0.6635730225751179
187079,0.5001340781107259
187080,0.7591048127224219
187081,0.6331395639507138
187082,0.17085187323028259
187083,0.45675640052540434
187084,0.7017557414974025
187085,0.9597583866994515
187086,0.7035510246749175
187087,0.8239395330445731
187088,0.5303993709691348
187089,0.12286554465255589
187090,0.9596583962439948
187091,0.09887692538439513
187092,0.4235322991896228
187093,0.34181282695742676
187094,0.37549597538416785
187095,0.3731461996809395
187096,0.05421300694024661
187097,0.7391658069002505
187098,0.6771535444343949
187099,0.1826916521604756
187100,0.5560014725867077
187101,0.1145890619531772
187102,0.22598751937315073
187103,0.47399566405024973
187104,0.380622758736666
187105,0.01677567141318329
187106,0.7478104362765372
187107,0.8077910744883443
187108,0.8714986296762581
187109,0.9382695288177039
187110,0.8991687157135001
187111,0.7801937087823435
187112,0.7409565450570628
187113,0.0483817453788502
187114,0.8149994773226191
187115,0.48888515187186676
187116,0.33365905981701743
187117,0.6462564936983288
187118,0.1554669781520855
187119,0.8528776798578318
187120,0.5897573413446898
187121,0.45823807727444194
187122,0.10088582453493075
187123,0.5989519182259876
187124,0.9514273637516419
187125,0.27877338981279054
187126,0.43136336986014967
187127,0.9874330177573959
187128,0.681816735675231
187129,0.1829552633612246
187130,0.46319214984024254
187131,0.6524922621022539
187132,0.3253189468278028
187133,0.04393671513173743
187134,0.8964689734161739
187135,0.6085691820326242
187136,0.09120038541775558
187137,0.7132137386885798
187138,0.6087918880470501
187139,0.19799019184532385
187140,0.9025683911990219
187141,0.5727998691034037
187142,0.8145858804386854
187143,0.5401120802105254
187144,0.18872743965348762
187145,0.8197035737497785
187146,0.2206380300062267
187147,0.42015534880761385
187148,0.46960971907227034
187149,0.22120615759404783
187150,0.017189268297117095
187151,0.08231032492353002
187152,0.4462483126610642
187153,0.36696497152544527
187154,0.6864435667504466
187155,0.8709895873575704
187156,0.6166865890074129
187157,0.6355256998195628
187158,0.2687743442671381
187159,0.587043963985256
187160,0.9427100140441139
187161,0.4847446380118261
187162,0.9387558460328786
187163,0.10600806286672636
187164,0.9687984328768617
187165,0.9907054326632458
187166,0.5758950282018536
187167,0.10339922098345157
187168,0.44378036641956903
187169,0.6599824562200881
187170,0.25488021597938376
187171,0.3574295180914549
187172,0.5570422823275961
187173,0.6744492571163662
187174,0.1759104812722422
187175,0.7384749637534599
187176,0.5189595538607679
187177,0.8056412796960291
187178,0.8963871630435277
187179,0.9085678185264134
187180,0.7454288454283909
187181,0.4207916517059735
187182,0.7475468250757883
187183,0.0018589134673508438
187184,0.6847846341940087
187185,0.426368392108026
187186,0.8632312370182847
187187,0.9379877375341446
187188,0.8756391435362989
187189,0.47550006590280014
187190,0.45953340817467425
187191,0.22222878725212591
187192,0.6108916876116371
187193,0.18107816981106348
187194,0.04834538521322965
187195,0.2685698183355225
187196,0.29469459733389086
187197,0.004558655764677008
187198,0.35899755023384133
187199,0.3292776598597406
187200,0.5042018716395253
187201,0.32245103876448156
187202,0.6056830938864927
187203,0.16000290881324966
187204,0.014634966662273147
187205,0.6868662536757855
187206,0.44040341603756006
187207,0.5520200344512569
187208,0.29636716495243637
187209,0.6976970380100082
187210,0.5338535867030875
187211,0.07751987310302197
187212,0.7167224946709632
187213,0.6165911435726591
187214,0.533658150812877
187215,0.4988978324796269
187216,0.08455102012989668
187217,0.08448738984006071
187218,0.4337404156875935
187219,0.48213579612855134
187220,0.7633316819758114
187221,0.7077278987005785
187222,0.9983456124642648
187223,0.7888201580758201
187224,0.4714504524568109
187225,0.9707891519445871
187226,0.8606905704455484
187227,0.7213311456633685
187228,0.26457929015866666
187229,0.1218565500565855
187230,0.16136641502402044
187231,0.1935269815154008
187232,0.15168552092754783
187233,0.4368492098481508
187234,0.9465323764549748
187235,0.656205544016253
187236,0.5129146763263507
187237,0.910735793401539
187238,0.6224496752582709
187239,0.9884920075810946
187240,0.6550420187163952
187241,0.09845878347975874
187242,0.5583103431036129
187243,0.017234718504142786
187244,0.8145949704800906
187245,0.13113748233123204
187246,0.8656764581562669
187247,0.035496611687066235
187248,0.690375009658169
187249,0.18487326209770885
187250,0.35627962785370487
187251,0.06586644002163429
187252,0.3477895291813054
187253,0.009953595338626768
187254,0.13334181737197814
187255,0.9681348598542867
187256,0.8304343676285446
187257,0.26377027647360934
187258,0.9257798119270433
187259,0.3551888228850882
187260,0.33147744987978417
187261,0.6089009685439117
187262,0.08656900932183745
187263,0.6986651274196555
187264,0.8792660700569491
187265,0.6612823321410229
187266,0.38846746446930064
187267,0.9449552542711833
187268,0.024270410551720065
187269,0.5622826911976584
187270,0.6636411978856563
187271,0.6570327377841206
187272,0.919462233150472
187273,0.5695865394666874
187274,0.5412437903654651
187275,0.7662314051840506
187276,0.007776530422096072
187277,0.6754082564846083
187278,0.058417151090123215
187279,0.4168374836947382
187280,0.1268787979329246
187281,0.45334308997777484
187282,0.18950463819362698
187283,0.10781243608564636
187284,0.2922493761959086
187285,0.9381740833829498
187286,0.459356152367274
187287,0.5107330663891174
187288,0.9550951954586154
187289,0.5016112098390608
187290,0.516014380445503
187291,0.15154008026506563
187292,0.8079774203371497
187293,0.9417373796137642
187294,0.5332718240531586
187295,0.31802418860017906
187296,0.8098817840115262
187297,0.8602906086237223
187298,0.24278591588984688
187299,0.1748742165520564
187300,0.05482658473509347
187301,0.5792492534803496
187302,0.10902595661323237
187303,0.15833943123610927
187304,0.7418882743010895
187305,0.9311156662318597
187306,0.9487412565164235
187307,0.13846405570377374
187308,0.8889651442362321
187309,0.5788038414514978
187310,0.9303839178987461
187311,0.7235718408697352
187312,0.3534844401216247
187313,0.3164152512714695
187314,0.19122720103990073
187315,0.8421650660618759
187316,0.8101681203157881
187317,0.06528013235100286
187318,0.17713309184123333
187319,0.4713504620013544
187320,0.42714104562746286
187321,0.5983201603483305
187322,0.1354507069779703
187323,0.5239954367992147
187324,0.22127887792528894
187325,0.5234909395012294
187326,0.30808422832366
187327,0.049322564664282045
187328,0.7131364733366361
187329,0.8948736711495721
187330,0.4953481713109203
187331,0.7372205380395509
187332,0.8883788365656006
187333,0.24475845487476194
187334,0.7391748969416556
187335,0.15059017093822863
187336,0.6733675421891547
187337,0.09942232786870343
187338,0.3862858545320674
187339,0.7094686416296626
187340,0.7641406956608688
187341,0.45736543329954865
187342,0.007753805318583226
187343,0.4883897446152867
187344,0.43471305011794326
187345,0.45607464742001896
187346,0.0472409451825053
187347,0.35823398675580964
187348,0.46504651828689075
187349,0.22660109716799762
187350,0.4830493452897678
187351,0.6187091232200563
187352,0.3673922034714868
187353,0.36704678189809153
187354,0.9389830970680072
187355,0.7398566500470409
187356,0.3860722385590466
187357,0.8226123869994227
187358,0.8347294121924725
187359,0.47850432458719844
187360,0.33258643493121104
187361,0.41993264279318787
187362,0.6024743092704788
187363,0.38252257739033996
187364,0.9342108253303094
187365,0.20532131023856814
187366,0.8126178864744729
187367,0.5609555451525082
187368,0.5644370310106762
187369,0.26071147754078017
187370,0.24439485321855642
187371,0.4717640588852882
187372,0.6574781498129724
187373,0.13197831116120737
187374,0.8050186118597771
187375,0.4396762127251489
187376,0.09702710195844941
187377,0.7910108580544585
187378,0.519464051158753
187379,0.6209316383436128
187380,0.4652055940114807
187381,0.24305407211129848
187382,0.9808700078628859
187383,0.8656855481976721
187384,0.8886788079319702
187385,0.18254621149799338
187386,0.30748428559092084
187387,0.319628580908186
187388,0.9462505851714155
187389,0.42347775894119194
187390,0.9883783820635303
187391,0.4840128896787125
187392,0.03294231005222229
187393,0.557687675267361
187394,0.03147881338599497
187395,0.8081592211652525
187396,0.12245649278932465
187397,0.3445443843996709
187398,0.6275310084037433
187399,0.8041186977606684
187400,0.2654882942991805
187401,0.08042414133196375
187402,0.08756436885570014
187403,0.9499275069197941
187404,0.9757023193240645
187405,0.777803027892792
187406,0.3855132010126306
187407,0.16490698615132193
187408,0.2729057680857736
187409,0.4088564273410265
187410,0.712345639734389
187411,0.9672985760450139
187412,0.6870707796074011
187413,0.6136187000331786
187414,0.34329904872716693
187415,0.9856331895591784
187416,0.5818399152808141
187417,0.3029301748469464
187418,0.22409224574017933
187419,0.653187650269747
187420,0.4402079801473495
187421,0.6597597502056622
187422,0.6860026997422973
187423,0.45620190799969096
187424,0.2850818785479568
187425,0.6977743033619519
187426,0.032442357774939666
187427,0.8785752269101587
187428,0.5187232127842343
187429,0.898609678167084
187430,0.9194258729848515
187431,0.24040432504170056
187432,0.1392548893060208
187433,0.2765145145236136
187434,0.5895891755786947
187435,0.8314479072452176
187436,0.4530067584457847
187437,0.15425800264520204
187438,0.24295862667654453
187439,0.4871716790669981
187440,0.16923839088087045
187441,0.8167765804173238
187442,0.20509860422414225
187443,0.9809290931320193
187444,0.3181741742833638
187445,0.46987333027301936
187446,0.930742974534249
187447,0.9055771949041228
187448,0.8961917271533173
187449,0.9434735775221457
187450,0.6150185664095701
187451,0.36988741983719736
187452,0.9120265792810687
187453,0.972911676612687
187454,0.5789538271346827
187455,0.323364587925698
187456,0.07157044100335877
187457,0.7128864971979948
187458,0.8273346635093923
187459,0.5542152794505979
187460,0.5786038605405848
187461,0.378059367060417
187462,0.5347535008021962
187463,0.7550097490694071
187464,0.5424391308102409
187465,0.93851041491494
187466,0.903454670236023
187467,0.7017012012489717
187468,0.8311524808995505
187469,0.2987533008212852
187470,0.32230105308129675
187471,0.6946518741392866
187472,0.3173515255361988
187473,0.1787238490871326
187474,0.6648865335581604
187475,0.553697147090505
187476,0.24800359965639643
187477,0.916803396039469
187478,0.7928152312733784
187479,0.5848896241722382
187480,0.05265860985996791
187481,0.15572149931142937
187482,0.6951063762095436
187483,0.9569586539466688
187484,0.6931656523695465
187485,0.007667449925234409
187486,0.8314024570381918
187487,0.5005749451188751
187488,0.31737425063971164
187489,0.05322219242708651
187490,0.012239740752019125
187491,0.030897050736066103
187492,0.8504869989682804
187493,0.8378154812495171
187494,0.14160466500924912
187495,0.10688525186232223
187496,0.511951131937406
187497,0.28284572836229266
187498,0.3244463028529095
187499,0.342749101222156
187500,0.1770376464064794
187501,0.34609423645924703
187502,0.7117547870430551
187503,0.9591948041323328
187504,0.4894396443975802
187505,0.6847846341940087
187506,0.5396030378918376
187507,0.4112425632098754
187508,0.7196813031483359
187509,0.9040818830929775
187510,0.6851391458088092
187511,0.7646542830002591
187512,0.17864658373518894
187513,0.7044236686498108
187514,0.3746915067198131
187515,0.05613100567673086
187516,0.0053540343876266345
187517,0.9076633594066021
187518,0.7191495357261353
187519,0.15698501506674362
187520,0.6569963776185
187521,0.37414610423550476
187522,0.5583739733934489
187523,0.7424882170338286
187524,0.02352048213579613
187525,0.6456656410069949
187526,0.709232300553129
187527,0.15322628294571883
187528,0.3373496166275037
187529,0.07268851609619081
187530,0.5179551042855001
187531,0.276637230082583
187532,0.8819567223128701
187533,0.713590975406893
187534,0.1241790556355984
187535,0.14060021543398132
187536,0.01868458010826239
187537,0.8008553728962235
187538,0.6670454183918808
187539,0.20513496438976278
187540,0.7199585494111926
187541,0.22327868703441944
187542,0.31714699960458315
187543,0.6906749810245385
187544,0.3495848123588203
187545,0.7088368837520055
187546,0.5197185723180969
187547,0.4990796333077297
187548,0.18414605878529777
187549,0.7395021384322406
187550,0.18630039859831563
187551,0.6036151094668236
187552,0.6250994223278687
187553,0.7478377064007528
187554,0.8814022297871567
187555,0.24024524931711064
187556,0.5811627071961314
187557,0.6054512978306616
187558,0.1458133541798283
187559,0.41202430677071733
187560,0.6411115302630204
187561,0.596752128205944
187562,0.5121556578690216
187563,0.3453806682089437
187564,0.1538489507819708
187565,0.13980938183173425
187566,0.5876211816144823
187567,0.3845496566236859
187568,0.9885738179537409
187569,0.5700683116611596
187570,0.7262988532912769
187571,0.6262265874621059
187572,0.4017343799001004
187573,0.7646815531244745
187574,0.232136932383727
187575,0.48817612864226595
187576,0.03034255821035265
187577,0.3204421396139459
187578,0.9874875580058268
187579,0.2559073906581644
187580,0.2964217052008672
187581,0.38581317237900015
187582,0.3255007476559056
187583,0.7924152694515524
187584,0.6790442730466638
187585,0.3934169920143986
187586,0.9419555406074875
187587,0.8328750437458242
187588,0.5390530903868268
187589,0.35798401061716834
187590,0.18680944091700338
187591,0.042718649583448856
187592,0.22556937746851438
187593,0.7619727207857432
187594,0.8029960776471337
187595,0.5064880170529178
187596,0.035060289699619586
187597,0.24142695469977865
187598,0.7329073133928126
187599,0.354811586166775
187600,0.6459565223319592
187601,0.10936228814522249
187602,0.20948000418141904
187603,0.9571540898368792
187604,0.23202785188686534
187605,0.5276087282577573
187606,0.48185854986569465
187607,0.6601824371310011
187608,0.9145445207502921
187609,0.9758432149658443
187610,0.9396875752769055
187611,0.9200894460074266
187612,0.48894878216170273
187613,0.26898796024015886
187614,0.42341412865135597
187615,0.9532771871775876
187616,0.21846551011039855
187617,0.7630317106094419
187618,0.37576413160561944
187619,0.6731811963403493
187620,0.526736084282864
187621,0.9365969611991583
187622,0.5313629153580794
187623,0.2905313583703374
187624,0.5111193931488358
187625,0.27557824025888433
187626,0.7528735893391995
187627,0.7541007449288931
187628,0.7831343371769058
187629,0.7340117534235369
187630,0.788252030487999
187631,0.14898123360951912
187632,0.5686775353261735
187633,0.9380831829688985
187634,0.5455661050536086
187635,0.8955690593170652
187636,0.2021307057053645
187637,0.9651896864390218
187638,0.4205144054431168
187639,0.6453020393507893
187640,0.13647788165675095
187641,0.3312638339067634
187642,0.8726803350589263
187643,0.16731584712368366
187644,0.6686407206584827
187645,0.04857718126906068
187646,0.5498747846796442
187647,0.7627408292844774
187648,0.3954622513305548
187649,0.5039700755836942
187650,0.17420609850877872
187651,0.14190918139632128
187652,0.21533399084632832
187653,0.9958049458915286
187654,0.925920707568823
187655,0.9954913394630512
187656,0.08810522631930588
187657,0.881252244103972
187658,0.1013085114602697
187659,0.09761795464978343
187660,0.04853627608273756
187661,0.575404165965976
187662,0.3177787574822403
187663,0.021925179869194306
187664,0.4645738361338235
187665,0.2838774480617759
187666,0.6741083805636735
187667,0.3586248585362306
187668,0.013521436590143666
187669,0.8200899005094969
187670,0.31794692324823537
187671,0.3444580290063221
187672,0.2731739243072252
187673,0.9685302766554101
187674,0.12415178551138299
187675,0.6941701019448144
187676,0.7174906031696975
187677,0.5254771135482523
187678,0.7419973547979511
187679,0.39301248517186993
187680,0.48084501024902165
187681,0.22027442835002112
187682,0.4784134241731471
187683,0.21261606846619188
187684,0.4942300962180882
187685,0.015471250471545898
187686,0.3057026374755137
187687,0.32041032446902795
187688,0.715586239495321
187689,0.11602528849518909
187690,0.018675490066857255
187691,0.11000768108498733
187692,0.6509515000840829
187693,0.4602287963421673
187694,0.13914126378845657
187695,0.8721622026988334
187696,0.34284454665691
187697,0.6991468996141278
187698,0.08054685689093313
187699,0.10995768585725908
187700,0.913817317437881
187701,0.686829893510165
187702,0.13116929747615
187703,0.8569136582417133
187704,0.16893387449379832
187705,0.500184073338454
187706,0.03592384363310775
187707,0.38600860826921063
187708,0.24526749719344973
187709,0.8734120833920399
187710,0.3280550492907495
187711,0.13939578494780044
187712,0.5540016634775772
187713,0.12528804068702534
187714,0.6898886924429941
187715,0.45567014057749033
187716,0.20366237768213036
187717,0.6414614968571183
187718,0.006999331881956721
187719,0.27712809231846053
187720,0.437385522291054
187721,0.8433513164652465
187722,0.9909872239468052
187723,0.7099049636171093
187724,0.4397580230977952
187725,0.9203848723530936
187726,0.46359665668277117
187727,0.971002767917608
187728,0.20957090459547045
187729,0.4252548620358966
187730,0.22927811436181092
187731,0.904045522927357
187732,0.4215552151840052
187733,0.7886156321442045
187734,0.1303557387703901
187735,0.8512051122392863
187736,0.7097504329132219
187737,0.1837279168806614
187738,0.09417737397793846
187739,0.9538725848896242
187740,0.9769067498102454
187741,0.482931174751501
187742,0.8881788556546875
187743,0.4748137677767122
187744,0.5839078997004832
187745,0.02058894378263893
187746,0.2589480095081833
187747,0.6049695256361893
187748,0.7805527654178465
187749,0.16210725339853924
187750,0.23261870457819936
187751,0.25781175433254094
187752,0.7212493352907223
187753,0.4790133669058862
187754,0.827052872225833
187755,0.04415033110475818
187756,0.27507374296089915
187757,0.5385349580267338
187758,0.9351470995950387
187759,0.8358338522231968
187760,0.1442316869753342
187761,0.18808659173442538
187762,0.4927847796346712
187763,0.5475159189350108
187764,0.0300834920303062
187765,0.7641361506401662
187766,0.6939292158475783
187767,0.1909226846528286
187768,0.3995845851077851
187769,0.08936874207462014
187770,0.2905086332668245
187771,0.7244717549688439
187772,0.2886133596338531
187773,0.9295339990273657
187774,0.6343667195404075
187775,0.07063416673862949
187776,0.14101381231791513
187777,0.2647383658832566
187778,0.7020057176360438
187779,0.6153185377759396
187780,0.868503461033265
187781,0.1133891764876989
187782,0.4788951963676194
187783,0.2652428631812418
187784,0.4534430804332314
187785,0.19684484662827642
187786,0.7509510455820126
187787,0.8966462292235742
187788,0.7097822480581399
187789,0.8777616682043987
187790,0.6094645511110304
187791,0.1329191304466392
187792,0.751887319846742
187793,0.42260965998700123
187794,0.7206948427650088
187795,0.18484144695279087
187796,0.7621454315724407
187797,0.8117134273546616
187798,0.6281218610950773
187799,0.7751623708645993
187800,0.11418455511064853
187801,0.46529649442553206
187802,0.8787888428831794
187803,0.10490816785670458
187804,0.867585366851346
187805,0.45785629553542617
187806,0.2022897814299544
187807,0.5521927452379546
187808,0.30699342335504337
187809,0.5393621517946015
187810,0.8815204003254236
187811,0.3464623831361552
187812,0.9261752287281668
187813,0.40427050145213406
187814,0.8216670226932884
187815,0.9146854163920717
187816,0.5512973761595484
187817,0.6858527140591126
187818,0.09120493043845813
187819,0.9579358333977211
187820,0.4464210234477618
187821,0.8362247240036179
187822,0.23207330209389104
187823,0.8903150153848951
187824,0.14327723262779463
187825,0.7126683362042715
187826,0.43600383599747294
187827,0.4619786293126565
187828,0.9907145227046509
187829,0.37484603742370043
187830,0.7380931820144442
187831,0.31116120733929936
187832,0.6599824562200881
187833,0.6003017893746506
187834,0.34924848082683013
187835,0.9741661023265962
187836,0.17967830343467214
187837,0.4435031201567123
187838,0.3087796164911531
187839,0.482013080569582
187840,0.8593952395453162
187841,0.37922743738097725
187842,0.19417237445516564
187843,0.10182664382036259
187844,0.5086923520936638
187845,0.520054903850087
187846,0.2976534058112634
187847,0.33479531499265974
187848,0.9068088955145192
187849,0.6139550315651688
187850,0.54385263224874
187851,0.45766994968662084
187852,0.24996250357920383
187853,0.8035187550279291
187854,0.9069225210320834
187855,0.07814254093927397
187856,0.28319114993568795
187857,0.13074661055081108
187858,0.49641625117602406
187859,0.6225769358379428
187860,0.4122288327023329
187861,0.30779334699869554
187862,0.4348584907804255
187863,0.955826943791729
187864,0.20116261629571724
187865,0.17122456492789323
187866,0.012421541580121896
187867,0.5343080887733443
187868,0.284181964448848
187869,0.7956740492952946
187870,0.2720603942350957
187871,0.6314715413528709
187872,0.7479286068148041
187873,0.9953504438212717
187874,0.46966880434140373
187875,0.8950418369155672
187876,0.10256293717417882
187877,0.9717254262093163
187878,0.37980920003090607
187879,0.22825093968303029
187880,0.8143040891551261
187881,0.6608960053813046
187882,0.1696292626612914
187883,0.500734020843465
187884,0.43894446439203527
187885,0.698047004604106
187886,0.306902522940992
187887,0.9413783229782612
187888,0.04720913003758732
187889,0.17661041446043788
187890,0.6420796196726676
187891,0.5164597924743548
187892,0.4493480167802164
187893,0.8317887837979102
187894,0.8051731425636643
187895,0.717358797569323
187896,0.028501824825812084
187897,0.049468005326764264
187898,0.7324664463846633
187899,0.8738120452138659
187900,0.9562587207584731
187901,0.7686539012185201
187902,0.4883670195117738
187903,0.7743624472209472
187904,0.33830861599574585
187905,0.23275051017857387
187906,0.4594152376364074
187907,0.12193381540852918
187908,0.2360638302707469
187909,0.7966966789533727
187910,0.5254225732998214
187911,0.7017557414974025
187912,0.24345403393312456
187913,0.28086409933597245
187914,0.7775394166920431
187915,0.48667627181041806
187916,0.1595075015566696
187917,0.5472932129205849
187918,0.3347907699719572
187919,0.9602628839974366
187920,0.052635884756455066
187921,0.17159725662550393
187922,0.08346021516128005
187923,0.2664836538330432
187924,0.7882429404465938
187925,0.3034983024347676
187926,0.08224214961299148
187927,0.027274669236118373
187928,0.8041505129055864
187929,0.12974216097554325
187930,0.4753864403852359
187931,0.3026938337704128
187932,0.17891928497734308
187933,0.3275414619513592
187934,0.6740402052531349
187935,0.5672185836806487
187936,0.27259216165729633
187937,0.5600419959912917
187938,0.0023088705169052046
187939,0.4523295503611019
187940,0.7875248271755879
187941,0.24281318601406232
187942,0.11523445489294204
187943,0.29237663677558046
187944,0.6169411101667568
187945,0.9440417051099668
187946,0.6997786574917849
187947,0.10082673926579734
187948,0.6654273910217662
187949,0.5976838574499708
187950,0.35465251044218504
187951,0.676930838419969
187952,0.14087291667613547
187953,0.9378013916853392
187954,0.04027797346616914
187955,0.3066207316574327
187956,0.943723553660787
187957,0.10959408420105353
187958,0.5085332763690739
187959,0.7216720222160612
187960,0.42821367051326914
187961,0.6549692983851542
187962,0.5816581144527113
187963,0.1955131555624236
187964,0.402002536121552
187965,0.9771294558246713
187966,0.6716631594256912
187967,0.45944250776062284
187968,0.6768490280473228
187969,0.7992873407538372
187970,0.8510914867217221
187971,0.3081614936756037
187972,0.5295358170356467
187973,0.068961599120084
187974,0.26198862835820214
187975,0.9141581939905736
187976,0.5045382031715155
187977,0.6605596738493144
187978,0.09942232786870343
187979,0.5581012721512947
187980,0.3133882674835584
187981,0.04169601992537076
187982,0.6097417973738871
187983,0.9767022238786298
187984,0.17342889996863936
187985,0.6449611627980967
187986,0.11941587393930579
187987,0.5885392757964013
187988,0.8299571404547749
187989,0.85308675081015
187990,0.7541371050945138
187991,0.7788756527785984
187992,0.677985283222965
187993,0.5597238445421119
187994,0.4028933601792556
187995,0.9540771108212398
187996,0.23289140582035353
187997,0.3278323432763236
187998,0.16494789133764506
187999,0.8238849927961422
188000,0.0378554774316997
188001,0.702278418878198
188002,0.747328664082065
188003,0.8573999754568883
188004,0.5493839224437668
188005,0.6206134868944329
188006,0.6112325641643298
188007,0.030974316088009782
188008,0.7837251898682399
188009,0.5389303748278573
188010,0.10242658655310174
188011,0.2616659318883197
188012,0.12669699710482182
188013,0.18934101744833448
188014,0.4612196108553274
188015,0.2867089959594766
188016,0.3284141059262525
188017,0.351730062130433
188018,0.037519145899709574
188019,0.15047654542066438
188020,0.6854300271337735
188021,0.28560001090804965
188022,0.27358297617045646
188023,0.8680262338594953
188024,0.9785338672217652
188025,0.3811681612209743
188026,0.6534785315947114
188027,0.17474695597238446
188028,0.659023456851846
188029,0.5691729425827534
188030,0.987832979579222
188031,0.023288686079965093
188032,0.8900468591634435
188033,0.5820398961917271
188034,0.9982456220088083
188035,0.4602924266320033
188036,0.15771221837915472
188037,0.038169083860176985
188038,0.9424236777398521
188039,0.8672172201744379
188040,0.972129933051845
188041,0.11072124933529072
188042,0.41900545856986376
188043,0.20693024756727765
188044,0.9531817417428337
188045,0.21572486262674925
188046,0.3213011485267315
188047,0.3725598920103081
188048,0.6310443094068293
188049,0.027697356161457316
188050,0.370555537880475
188051,0.47728171401820735
188052,0.7253034937574141
188053,0.9272069484276501
188054,0.5240181619027275
188055,0.7992964307952424
188056,0.022593297912471992
188057,0.9511364824266775
188058,0.7281668568000327
188059,0.697687947968603
188060,0.2570481908545093
188061,0.5209139127628727
188062,0.6193272460356057
188063,0.2039214438621768
188064,0.7661723199149173
188065,0.268669808790979
188066,0.05606737538689489
188067,0.9804745910617624
188068,0.859681575849578
188069,0.33370451002404317
188070,0.7431017948286756
188071,0.944346221497039
188072,0.26500652210470815
188073,0.3527572368092136
188074,0.7596729403102431
188075,0.9303657378159358
188076,0.5625281223155972
188077,0.23440944273501166
188078,0.1760877370796424
188079,0.3856086464473845
188080,0.047054599333699966
188081,0.5405484021979721
188082,0.3838406333940851
188083,0.8546138777662132
188084,0.7069416101190341
188085,0.57238627221947
188086,0.6185182323505485
188087,0.25066698178810204
188088,0.08206489380559129
188089,0.9560496498061549
188090,0.9735025293040209
188091,0.5268724349039411
188092,0.17173360724658102
188093,0.46594643238599953
188094,0.690175028747256
188095,0.16449338926738813
188096,0.9023365951431909
188097,0.330254839310793
188098,0.3520436685589102
188099,0.27128319569495635
188100,0.039532590070947775
188101,0.9043636743765369
188102,0.5376986742174611
188103,0.7850477908926875
188104,0.5544652555892392
188105,0.9955458797114821
188106,0.8138723121883821
188107,0.8234713959122084
188108,0.4958935737952286
188109,0.05108603269687893
188110,0.7598865562832638
188111,0.5115148099499593
188112,0.7166906795260454
188113,0.4201417137455061
188114,0.6252448629903509
188115,0.464242049622536
188116,0.363306229859877
188117,0.7722035623872266
188118,0.48459919734934387
188119,0.7149090314106381
188120,0.8041596029469915
188121,0.9826152958126725
188122,0.7720081264970162
188123,0.025561196431249746
188124,0.9163579840106172
188125,0.7035055744678917
188126,0.16155276087282577
188127,0.9673076660864192
188128,0.7414655873757505
188129,0.13144654373900674
188130,0.5890301380322788
188131,0.5066652728603179
188132,0.33234100381327236
188133,0.8983187968421196
188134,0.015680321423864087
188135,0.3330454820221706
188136,0.4785634098563319
188137,0.9594311452088664
188138,0.8310297653405812
188139,0.4780998177446698
188140,0.08816431158843928
188141,0.9336017925561652
188142,0.5566014153194468
188143,0.12356093282004899
188144,0.48202671563168964
188145,0.016098463328500463
188146,0.16020743474486526
188147,0.4486571736334259
188148,0.28958144904350036
188149,0.7163816181182705
188150,0.5257679948732167
188151,0.15564877898018825
188152,0.5718363247144591
188153,0.20451684157421338
188154,0.930183936987833
188155,0.5178414787679358
188156,0.278441603301503
188157,0.1627799164625195
188158,0.47999054635693866
188159,0.7557324073611155
188160,0.23654560246521925
188161,0.9668077138091364
188162,0.9466596370346467
188163,0.8753800773562525
188164,0.7844296680771381
188165,0.32641884183782455
188166,0.0444730275746406
188167,0.34385354125288037
188168,0.9995454979297431
188169,0.6180410051767786
188170,0.03978256620958909
188171,0.19456779125628917
188172,0.10395371350916502
188173,0.12127024238595406
188174,0.9097267988055685
188175,0.2947718626858345
188176,0.7868339840287973
188177,0.662336776944019
188178,0.6531012948763982
188179,0.9516864299316884
188180,0.7085141872821231
188181,0.9518500506769808
188182,0.42566845891983035
188183,0.11437090095945386
188184,0.8001827098322434
188185,0.9441644206689362
188186,0.26092509351380094
188187,0.2568391199021911
188188,0.014530431186114053
188189,0.03646924611741607
188190,0.42302780189163763
188191,0.5140236613777777
188192,0.7474468346203317
188193,0.4836447430018044
188194,0.8280436867389932
188195,0.6982969807427473
188196,0.0069902418405515835
188197,0.3488666990878143
188198,0.9796201271696793
188199,0.7819253616700224
188200,0.20651665068334385
188201,0.16630685252771327
188202,0.946614186827621
188203,0.5521972902586572
188204,0.8455692865681004
188205,0.2416269356106917
188206,0.7671813145108877
188207,0.35438435422073344
188208,0.17973284368310297
188209,0.7975193277005378
188210,0.23220056267356298
188211,0.48176310443094067
188212,0.008930965680548674
188213,0.6174228823612292
188214,0.9043500393144291
188215,0.8415514882670291
188216,0.4812995123192786
188217,0.412628794524159
188218,0.5876848119043182
188219,0.08155585148690352
188220,0.732216470246022
188221,0.8031506083510211
188222,0.8719122265601921
188223,0.5688956963198968
188224,0.9696483517482423
188225,0.8358702123888175
188226,0.10597624772180836
188227,0.9833424991250835
188228,0.20887551642797733
188229,0.28028688170674615
188230,0.2039350789242845
188231,0.333072752146386
188232,0.5325082605751269
188233,0.7672949400284519
188234,0.7749078497052554
188235,0.8577181269060681
188236,0.5250635166643184
188237,0.4260002454311179
188238,0.58206262129524
188239,0.10356284172874407
188240,0.1740061175978657
188241,0.9483140245703819
188242,0.36852845864712913
188243,0.7131864685643643
188244,0.31419728116861567
188245,0.731002949718436
188246,0.48717622408770067
188247,0.5133509983137973
188248,0.9304975434163103
188249,0.27341481040446136
188250,0.1564714277273533
188251,0.4997977465787356
188252,0.6128596815758496
188253,0.3120883915626235
188254,0.7165497838842656
188255,0.1306238949918417
188256,0.47450925138964006
188257,0.5407256580053723
188258,0.35595693138382245
188259,0.1099985910435822
188260,0.6890524086337213
188261,0.611209839060817
188262,0.8503506483472033
188263,0.3815453979392876
188264,0.5690820421687021
188265,0.36900114080019636
188266,0.6594325087150772
188267,0.16046195590420917
188268,0.8912649247117321
188269,0.926607005694911
188270,0.17941469223392315
188271,0.2711741151980947
188272,0.25834806677544414
188273,0.39695301812099754
188274,0.6179910099490503
188275,0.30809331836506515
188276,0.3040664300225887
188277,0.5932024670372373
188278,0.14964480663209423
188279,0.2296962562664473
188280,0.39499411419819014
188281,0.25053517618772747
188282,0.5395212275191914
188283,0.5544198053822135
188284,0.27073779321064806
188285,0.3186559464778362
188286,0.22940991996218543
188287,0.7467287213493258
188288,0.9680075992746147
188289,0.32163748005872167
188290,0.974093381995355
188291,0.3078569772885315
188292,0.2963444398489235
188293,0.48756709586812164
188294,0.11571168206671181
188295,0.8634903031983311
188296,0.8720485771812692
188297,0.023161425500293157
188298,0.802950627440108
188299,0.8998368337567777
188300,0.41454679326064325
188301,0.5500202253421265
188302,0.7770349193940579
188303,0.29412192472536713
188304,0.37046009244572103
188305,0.32915039928006873
188306,0.8963326227950968
188307,0.921825643915808
188308,0.947500465864622
188309,0.7517055190186391
188310,0.51515991655342
188311,0.13447807254762045
188312,0.5784038796296718
188313,0.772453538525868
188314,0.12725603465123783
188315,0.6331895591784421
188316,0.8981642661382323
188317,0.15449888874243825
188318,0.06583916989741888
188319,0.31644252139568496
188320,0.6406524831720608
188321,0.4909213211466178
188322,0.021352507260670575
188323,0.7095959022093346
188324,0.7668131678339795
188325,0.005158598497416155
188326,0.39766204135059835
188327,0.08849155307902427
188328,0.1262424950345649
188329,0.32270555992382544
188330,0.6139504865444662
188331,0.10907140682025807
188332,0.5698228805432209
188333,0.8604587743897174
188334,0.9424827630089855
188335,0.9354879761477314
188336,0.819739933915399
188337,0.14899486867162678
188338,0.8241531490175937
188339,0.29856695497247987
188340,0.39701210339013093
188341,0.18981824462210425
188342,0.053772139932097396
188343,0.38419969002958804
188344,0.07048872607614727
188345,0.7591957131364734
188346,0.18490507724262684
188347,0.5114739047636363
188348,0.49886147231400635
188349,0.013235100285881802
188350,0.5884120152167293
188351,0.842069620627122
188352,0.6811667977147636
188353,0.3897037101003995
188354,0.7821026174774226
188355,0.8475645506565282
188356,0.559037546416024
188357,0.7564914258184445
188358,0.48244031251562347
188359,0.17424245867439928
188360,0.8673808409197304
188361,0.644693006576645
188362,0.23680921366596824
188363,0.9242254148467647
188364,0.542648201762559
188365,0.07890610441730561
188366,0.8232259647942697
188367,0.5339035819308157
188368,0.28808159221165247
188369,0.06644820267156316
188370,0.33990391826234767
188371,0.9813335999745478
188372,0.5517155180641848
188373,0.6243040437049191
188374,0.5954204371400912
188375,0.5358443057708129
188376,0.05008158312161112
188377,0.3436172001763468
188378,0.5628008235577513
188379,0.532899132355548
188380,0.4754682507578822
188381,0.12836047468196218
188382,0.8280891369460188
188383,0.5185823171424546
188384,0.35986110416732947
188385,0.004245049336199726
188386,0.7585503201967085
188387,0.07743351770967316
188388,0.3548206762081801
188389,0.7833524981706291
188390,0.8815158553047209
188391,0.15018566409569997
188392,0.9321837460969634
188393,0.3802364319769476
188394,0.47982238059094356
188395,0.1604119606764809
188396,0.23966803168788434
188397,0.6356620504406398
188398,0.5624599470050586
188399,0.3252144113516437
188400,0.42753191740788377
188401,0.3812181564487026
188402,0.6334804405034065
188403,0.3853768503915535
188404,0.806295762677199
188405,0.48567636725585284
188406,0.055903754641602396
188407,0.8558864835629326
188408,0.0033860404234141287
188409,0.2981669931506538
188410,0.7474150194754137
188411,0.25936160639211714
188412,0.4909804064157512
188413,0.2118115998018371
188414,0.4311224837629135
188415,0.5328627721899274
188416,0.8047595456797306
188417,0.17694674599242802
188418,0.3102749283022984
188419,0.5717726944246232
188420,0.7021966085055518
188421,0.14442712286554465
188422,0.7644997522963717
188423,0.7661859549770249
188424,0.499920462137705
188425,0.6335849759795655
188426,0.9673622063348498
188427,0.9781793556069648
188428,0.8575908663263961
188429,0.5643097704310044
188430,0.3203012439721663
188431,0.1556260538766754
188432,0.7042964080701388
188433,0.5968112134750775
188434,0.19538589498275166
188435,0.037373705237227356
188436,0.0900277700764927
188437,0.3676921748378563
188438,0.970389190122761
188439,0.5216320260338786
188440,0.6346621458860746
188441,0.8353111748424014
188442,0.49647079142445494
188443,0.5818535503429219
188444,0.40319333154562514
188445,0.16374346085146418
188446,0.6880979542861818
188447,0.512478354338904
188448,0.4968480281427682
188449,0.5826761990900868
188450,0.5435299357788576
188451,0.41972357184086967
188452,0.6320851191477177
188453,0.7199676394525978
188454,0.7077188086591735
188455,0.6208816431158843
188456,0.1756286899886829
188457,0.9732480081446772
188458,0.5995882211243473
188459,0.5600601760741021
188460,0.682534848946237
188461,0.4390489998681944
188462,0.2535257998100181
188463,0.7992237104640012
188464,0.5957431336099736
188465,0.5461660477863477
188466,0.9730298471509539
188467,0.735529790338195
188468,0.010544448029960777
188469,0.14975843214965845
188470,0.4478981551760968
188471,0.7930970225569377
188472,0.9780384599651852
188473,0.537235082105799
188474,0.49487548915785307
188475,0.6070920503042891
188476,0.6364574290635894
188477,0.2343594475072834
188478,0.7861749560269247
188479,0.059853377632135114
188480,0.7152908131496539
188481,0.6573281641297877
188482,0.45630644347585003
188483,0.5507883338408607
188484,0.21836551965494205
188485,0.6925611646161048
188486,0.1741470132396453
188487,0.29583085250953317
188488,0.7895519064089337
188489,0.35427981874457437
188490,0.45788356565964156
188491,0.9294021934269912
188492,0.4976888569727435
188493,0.7610500815831217
188494,0.6373573431626981
188495,0.8227987328482281
188496,0.3147245035701137
188497,0.7315165370578263
188498,0.05629917144272592
188499,0.6275446434658509
188500,0.09196849391648979
188501,0.4670826875616418
188502,0.14665418300980362
188503,0.2793960576490426
188504,0.5115784402397954
188505,0.7806482108526005
188506,0.37017830116216177
188507,0.8208352839047183
188508,0.320251248744438
188509,0.6261947723171879
188510,0.810431731516537
188511,0.8994277818935466
188512,0.22742829093586522
188513,0.7331254743865359
188514,0.38301798464692005
188515,0.9530817512873772
188516,0.5945977883929261
188517,0.9767658541684657
188518,0.4738274982842547
188519,0.10204025979338335
188520,0.7954513432808686
188521,0.5717681494039205
188522,0.4429213575067834
188523,0.45119329518545953
188524,0.12039759841106075
188525,0.08650992405270405
188526,0.20085355488794251
188527,0.9358879379695575
188528,0.7815208548274938
188529,0.4706232586889433
188530,0.7698856018289164
188531,0.4014571336372437
188532,0.6182364410669892
188533,0.19080905913526439
188534,0.0885006431204294
188535,0.9158625767540371
188536,0.7748851246017426
188537,0.6009699074179283
188538,0.8925602556119643
188539,0.6962153612609705
188540,0.19463596656682772
188541,0.075356443248599
188542,0.6846891887592548
188543,0.7480922275600965
188544,0.15873030301653024
188545,0.3017711945677912
188546,0.14576335895210002
188547,0.04840901550306562
188548,0.7275032837774577
188549,0.6386163138973099
188550,0.544116243449489
188551,0.6417887383477032
188552,0.6818940010271747
188553,0.6658000827193769
188554,0.4888578817476513
188555,0.9705846260129716
188556,0.4994750501088532
188557,0.4086882615750314
188558,0.32893678330704795
188559,0.6843119520409416
188560,0.23503211057126366
188561,0.7534008117406975
188562,0.337958649401648
188563,0.8663354861581395
188564,0.4996432158748483
188565,0.9660305152689971
188566,0.6616959290249568
188567,0.4448257211811599
188568,0.1632116934292636
188569,0.3904809086405388
188570,0.9176124097245263
188571,0.2562255421073443
188572,0.555365169688348
188573,0.6465246499197804
188574,0.5480976815849397
188575,0.27349207575640505
188576,0.11991128119588584
188577,0.676403616018471
188578,0.23389131037491875
188579,0.6041241517855114
188580,0.8246940064811995
188581,0.5348353111748425
188582,0.6842210516268902
188583,0.4107107957876748
188584,0.1324555383349771
188585,0.03372405361306421
188586,0.593016121188432
188587,0.1614482253966667
188588,0.312052031397003
188589,0.666009153671695
188590,0.9997727489648716
188591,0.37249171669976955
188592,0.061821371596347624
188593,0.3639879829652624
188594,0.4468209852695879
188595,0.12392453447625454
188596,0.3397221174342449
188597,0.7768712986487654
188598,0.49868876152730873
188599,0.07700628576363165
188600,0.4237913653696692
188601,0.273619336336077
188602,0.3854177555778766
188603,0.08960508315115374
188604,0.7300757654951119
188605,0.4991568986596734
188606,0.5654914758136723
188607,0.5607282941173798
188608,0.7453379450143396
188609,0.6460610578081184
188610,0.24499934097199816
188611,0.37174633330454815
188612,0.85931342917267
188613,0.5954477072643066
188614,0.7659041636934656
188615,0.32896405343126334
188616,0.9106176228632722
188617,0.6892023943169061
188618,0.5931297467059963
188619,0.6664272955763314
188620,0.9123720008544639
188621,0.7154680689570542
188622,0.8950781970811877
188623,0.932833684057431
188624,0.2837001922543757
188625,0.9280795924025435
188626,0.4459937915017203
188627,0.7160861917726036
188628,0.7624226778352976
188629,0.04441848732620977
188630,0.416364801541671
188631,0.24225869348834886
188632,0.5820126260675118
188633,0.10097217992827956
188634,0.9722071984037888
188635,0.5821171615436709
188636,0.8584316951563715
188637,0.09565450570627348
188638,0.3895173642515941
188639,0.21824280409597266
188640,0.5099240527040602
188641,0.8828293662877634
188642,0.4331086578099363
188643,0.2545029792610705
188644,0.26175228728166855
188645,0.7975147826798351
188646,0.6065966430477091
188647,0.2610069038864472
188648,0.4536112461992264
188649,0.5607510192208925
188650,0.19466323669104313
188651,0.9065225592102572
188652,0.044445757450425186
188653,0.8351293740142987
188654,0.6033151381004541
188655,0.38282254875670957
188656,0.7924516296171729
188657,0.4897850659709755
188658,0.47209584539657573
188659,0.35307538825839346
188660,0.4557292258466237
188661,0.48628994505069967
188662,0.015380350057494512
188663,0.06509833152290008
188664,0.9887783438853565
188665,0.40205707636998284
188666,0.0433049572540803
188667,0.9597992918857746
188668,0.9830288926966062
188669,0.6776762218151904
188670,0.9325291676703588
188671,0.2912767417655587
188672,0.024193145199776386
188673,0.3408038323614564
188674,0.43436762854454797
188675,0.6515696228996324
188676,0.5397348434922121
188677,0.9552588162039078
188678,0.003390585444116698
188679,0.456929111312102
188680,0.9814881306784352
188681,0.740152076392708
188682,0.13471441362415407
188683,0.9274796496698042
188684,0.709886783534299
188685,0.409969957413156
188686,0.8711123029165398
188687,0.8783570659164354
188688,0.9530590261838643
188689,0.49637989101040353
188690,0.17536962380863647
188691,0.06840256157366796
188692,0.6777171270015135
188693,0.17977374886942613
188694,0.39795746769626533
188695,0.28178673853859404
188696,0.1565032428722713
188697,0.7873066661818645
188698,0.22720103990073676
188699,0.8685761813645061
188700,0.21691111303011987
188701,0.2857318165084242
188702,0.0008499188713804592
188703,0.7438699033274097
188704,0.8633948577635772
188705,0.6159775657778122
188706,0.320673935669777
188707,0.11619345426118416
188708,0.2910222206062148
188709,0.7959831107030693
188710,0.03703737370523723
188711,0.8011507992418906
188712,0.14203189695529064
188713,0.48355838760845554
188714,0.23368223942260058
188715,0.07687902518395971
188716,0.42199608219215434
188717,0.2858363519845833
188718,0.5482476672681244
188719,0.9638852654973843
188720,0.7376886751719155
188721,0.6880615941205613
188722,0.20558492143931714
188723,0.6897114366355939
188724,0.7509828607269307
188725,0.7212220651665069
188726,0.28144131696519875
188727,0.3438308161493675
188728,0.4921893819226346
188729,0.7722217424700369
188730,0.27745078878834295
188731,0.7547097777030375
188732,0.6760809195485885
188733,0.2385181414501343
188734,0.7985964976070467
188735,0.7399066452747693
188736,0.8881243154062567
188737,0.9049727071506811
188738,0.6750491998491053
188739,0.7959331154753411
188740,0.18834111289376923
188741,0.4792224378582044
188742,0.9185759541134709
188743,0.6595279541498311
188744,0.9431508810522632
188745,0.8468964326132506
188746,0.6144413487803437
188747,0.1830597988373837
188748,0.24169511092123025
188749,0.9415783038891743
188750,0.553824407670177
188751,0.8032415087650725
188752,0.7342480945000704
188753,0.877284441030629
188754,0.8322296508060594
188755,0.7153362633566797
188756,0.2535439798928284
188757,0.3125201685293676
188758,0.9278205262224969
188759,0.6790988132950946
188760,0.5632735057108186
188761,0.11524808995504973
188762,0.34662600388144765
188763,0.7123001895273633
188764,0.665154689779612
188765,0.45167506737993185
188766,0.07396112189291022
188767,0.14290908595088653
188768,0.5675276450884233
188769,0.28683171151844594
188770,0.8503461033265006
188771,0.2649928870426005
188772,0.2569209302748374
188773,0.18250985133237282
188774,0.8949327564187055
188775,0.9562950809240937
188776,0.3972575345080696
188777,0.6306261675021929
188778,0.6736947836797398
188779,0.14120470318742304
188780,0.8014644056703679
188781,0.8160493771049128
188782,0.17069279750569266
188783,0.5916435249362562
188784,0.7896246267401749
188785,0.9728025961158254
188786,0.8396971198203808
188787,0.3669513364633376
188788,0.056871844051249655
188789,0.5938024097699766
188790,0.7454424804904987
188791,0.504110971225474
188792,0.7591229928052323
188793,0.8349839333518164
188794,0.7603319683121157
188795,0.8918739574858764
188796,0.9572813504165513
188797,0.3443807636543784
188798,0.30139850287018055
188799,0.6857345435208457
188800,0.8387063053072207
188801,0.15460342421859732
188802,0.030119852195926753
188803,0.775598692852046
188804,0.4111698428786343
188805,0.20353511710245842
188806,0.2377182178064821
188807,0.2383727007876521
188808,0.716049831606983
188809,0.45156144186236763
188810,0.2119025002158885
188811,0.2031942405497657
188812,0.030647074597424794
188813,0.33042755009749064
188814,0.751496448066321
188815,0.5657414519523136
188816,0.5696774398807387
188817,0.36961926361574576
188818,0.16505242681380414
188819,0.7607001149890238
188820,0.1002267965330582
188821,0.651846869162489
188822,0.49729344017161997
188823,0.6501833915853487
188824,0.4556428704532749
188825,0.37802755191549897
188826,0.07852432267828979
188827,0.3796319442235059
188828,0.3870312379272887
188829,0.7746624185873167
188830,0.43898991459906095
188831,0.6839301703019257
188832,0.42231423364133425
188833,0.7352207289304203
188834,0.06208043777639407
188835,0.165634189463733
188836,0.14287272578526597
188837,0.9400693570159212
188838,0.4017980101899364
188839,0.5966794078747029
188840,0.25270769608355564
188841,0.54418896378073
188842,0.9321110257657224
188843,0.8704714549974776
188844,0.9026365665095605
188845,0.5639325337126911
188846,0.762386317669677
188847,0.9503411038037278
188848,0.5280450502452039
188849,0.17702855636507425
188850,0.6262265874621059
188851,0.08302843819453597
188852,0.9519409510910323
188853,0.17574231550624714
188854,0.17350616532058305
188855,0.9067816253903036
188856,0.6193045209320929
188857,0.08421014357720398
188858,0.06937065098331521
188859,0.17586957608591908
188860,0.16475700046813713
188861,0.14565882347594095
188862,0.6556601415319447
188863,0.830198026552011
188864,0.4198417423791365
188865,0.1730834783952441
188866,0.04849537089641444
188867,0.5645597465696456
188868,0.26867889883238416
188869,0.05847623635925662
188870,0.9621127074233824
188871,0.5803673285731816
188872,0.33596793033392264
188873,0.2640702478399789
188874,0.4750591988946509
188875,0.06228496370800969
188876,0.6327759622945083
188877,0.8520777562141796
188878,0.9694120106717086
188879,0.7212447902700198
188880,0.37742306416205723
188881,0.012998759209348199
188882,0.9066225496657138
188883,0.7766667727171498
188884,0.8680853191286286
188885,0.6482153976211362
188886,0.8700487680721386
188887,0.9360470136941473
188888,0.27166497743397217
188889,0.41421046172865317
188890,0.879520591216293
188891,0.2836274719231346
188892,0.6902841092441176
188893,0.13237372796233088
188894,0.22044713913671876
188895,0.11925679821471587
188896,0.7763077160816467
188897,0.6391662614023207
188898,0.050299744115334444
188899,0.7074461074170194
188900,0.004649556178728394
188901,0.07377023102340231
188902,0.4681189522818276
188903,0.5416801123529118
188904,0.43320864826539285
188905,0.46956426886524466
188906,0.8278527958694852
188907,0.5312038396334895
188908,0.05022247876339077
188909,0.2980942728194127
188910,0.7230582535303449
188911,0.8987005785811355
188912,0.8567500374964208
188913,0.8601860731475632
188914,0.3909763158971189
188915,0.18234168556637775
188916,0.28284572836229266
188917,0.015643961258243536
188918,0.2561073715690775
188919,0.4910394916848846
188920,0.4387944787088505
188921,0.6327623272324006
188922,0.30073947486830804
188923,0.5796128551365552
188924,0.77749851150572
188925,0.6317624226778353
188926,0.5020838919921281
188927,0.7110457638134542
188928,0.7513146472382183
188929,0.8043777639407148
188930,0.498738756755037
188931,0.23554115288995142
188932,0.6588325659823381
188933,0.20759836561055536
188934,0.5834488526095236
188935,0.9788520186709451
188936,0.999936369710164
188937,0.7864158421241609
188938,0.6677180814558611
188939,0.8522959172079029
188940,0.6469791519900374
188941,0.24279046091054945
188942,0.7551960949182124
188943,0.6063193967848524
188944,0.6632230559810199
188945,0.9409919962185428
188946,0.714013662332232
188947,0.944673462987624
188948,0.24445393848768981
188949,0.10531721971993582
188950,0.3986437658223533
188951,0.6174001572577164
188952,0.454733866312761
188953,0.044409397284804634
188954,0.7999145536107917
188955,0.551733698146995
188956,0.01813463260325151
188957,0.15498975097831572
188958,0.40251612346094234
188959,0.30501633934942574
188960,0.638066366392299
188961,0.3581203612382454
188962,0.10874416532967307
188963,0.17386067693538343
188964,0.10389008321932905
188965,0.3754278000736293
188966,0.4881715836215634
188967,0.692865681003177
188968,0.3565932342821821
188969,0.13320092173019848
188970,0.881906727085142
188971,0.14987205766722267
188972,0.4447075506428932
188973,0.5133419082723922
188974,0.9737706855254726
188975,0.5395394076020017
188976,0.7744715277178087
188977,0.8991732607342027
188978,0.14038659946096055
188979,0.9790565446025606
188980,0.6656319169533818
188981,0.790647256398253
188982,0.832393271551352
188983,0.845637461878639
188984,0.6356438703578294
188985,0.3568432104208234
188986,0.27931424727639637
188987,0.15318992278009827
188988,0.803309684075611
188989,0.30409370014680415
188990,0.30439367151317376
188991,0.7373387085778176
188992,0.028751800964453393
188993,0.11910226751082852
188994,0.747369569268388
188995,0.637021011630708
188996,0.44664827448289024
188997,0.7539371241836007
188998,0.6534012662427678
188999,0.6237586412206108
189000,0.7680494134650784
189001,0.0367601274423805
189002,0.7068734348084956
189003,0.5478158903013803
189004,0.042514123651833234
189005,0.6339849378013918
189006,0.6971016402979716
189007,0.7475240999722754
189008,0.25910708523277326
189009,0.3650151576440431
189010,0.4479299703210148
189011,0.44564382490762244
189012,0.42913176469518816
189013,0.3949032137841388
189014,0.020166256857299985
189015,0.6224905804445939
189016,0.9461460496952564
189017,0.8268710713977302
189018,0.008730984769635625
189019,0.2005172233559524
189020,0.48514005481294964
189021,0.4654146649637989
189022,0.12172474445621098
189023,0.23108248758073094
189024,0.9438644493025665
189025,0.4349857513600974
189026,0.762290872234923
189027,0.08903695556333259
189028,0.5304902713831862
189029,0.06942519123174605
189030,0.41512855591057213
189031,0.08539184895987201
189032,0.35120738474963753
189033,0.2921948359474777
189034,0.5703819180896369
189035,0.07286122688288844
189036,0.4555292449357107
189037,0.43556296898932373
189038,0.17576504060975998
189039,0.3786820348966689
189040,0.9456415523972712
189041,0.6529194940482954
189042,0.03528299571404547
189043,0.8844655737406885
189044,0.33998118361429136
189045,0.7272623976802215
189046,0.12711968403016075
189047,0.4229096313533708
189048,0.6615823035073926
189049,0.8892832956854119
189050,0.972911676612687
189051,0.6287672540348421
189052,0.8156039650760609
189053,0.18455965566923158
189054,0.2672335822489671
189055,0.5856986378572955
189056,0.08858245349307566
189057,0.4806768444830266
189058,0.1688793342453675
189059,0.07802437040100717
189060,0.45012521532035576
189061,0.14507706082601207
189062,0.4915712591070852
189063,0.2435812945127965
189064,0.26826075692774776
189065,0.00895369078406152
189066,0.3427945514291817
189067,0.3648969871057762
189068,0.6579053817590139
189069,0.8179128355929662
189070,0.8451011494357357
189071,0.8420923457306349
189072,0.9524908985960432
189073,0.32791415364896986
189074,0.6691679430599806
189075,0.8817612864226597
189076,0.6263902082073983
189077,0.5028974506978879
189078,0.9052817685584558
189079,0.24061339599401876
189080,0.26127506010789875
189081,0.13663695738134088
189082,0.09799973638879925
189083,0.7018239168079411
189084,0.5876257266351849
189085,0.13530526631548806
189086,0.5736406979333791
189087,0.8586498561500948
189088,0.0915958022188791
189089,0.567700355875121
189090,0.027524645374759682
189091,0.8913512801050809
189092,0.7015148554001663
189093,0.22379681939451235
189094,0.5393712418360066
189095,0.042177792119843106
189096,0.6313079206075783
189097,0.3424809450007045
189098,0.6526876979924644
189099,0.5788720167620364
189100,0.48260847828161857
189101,0.3589566450475181
189102,0.48478099817744663
189103,0.7906199862740375
189104,0.31118393244281223
189105,0.6059830652528623
189106,0.6104053703964623
189107,0.31011585257770846
189108,0.6868662536757855
189109,0.22775098740574765
189110,0.39029456279173347
189111,0.1513946396025834
189112,0.8427559187532099
189113,0.7140591125392576
189114,0.7759168443012259
189115,0.40451138754937027
189116,0.27969148399470956
189117,0.27208311933860857
189118,0.9820017180178255
189119,0.3511346644183964
189120,0.8464146604187782
189121,0.6061875911844778
189122,0.11793874221097077
189123,0.28595906754355266
189124,0.3348362201789829
189125,0.9283022984169693
189126,0.8852155021566124
189127,0.5152508169674713
189128,0.04597742942719104
189129,0.7960103808272846
189130,0.5804309588630177
189131,0.11209384558746664
189132,0.41835552060939635
189133,0.26310215843033163
189134,0.12241558760300152
189135,0.2262011353461715
189136,0.9602356138732212
189137,0.7057962649019867
189138,0.5533744506206226
189139,0.5018884561019176
189140,0.7935606146685998
189141,0.18572318096908932
189142,0.24572199926370666
189143,0.3126565191504447
189144,0.1954358902104799
189145,0.6987560278337068
189146,0.25183959712936493
189147,0.5856350075674595
189148,0.6964517023375042
189149,0.540612032487808
189150,0.9610491725789811
189151,0.17186995786765807
189152,0.7422791460815105
189153,0.963626199317338
189154,0.7008603724189963
189155,0.6922384681462224
189156,0.8082092163929807
189157,0.14231368823884993
189158,0.03218783661559578
189159,0.3784684189236482
189160,0.7055235636598325
189161,0.18013735052563165
189162,0.5746087873430263
189163,0.41760104717276986
189164,0.07502465673731144
189165,0.6622049713436445
189166,0.00720840283427491
189167,0.27149226664727455
189168,0.39059907917880565
189169,0.04434122197426609
189170,0.549992955217911
189171,0.8830429822607843
189172,0.2919630398916467
189173,0.23661377777575776
189174,0.5099467778075729
189175,0.9581767194949574
189176,0.4272137659587039
189177,0.5035337535962476
189178,0.9317928743165426
189179,0.42870453274914666
189180,0.18475509155944206
189181,0.4047613636880116
189182,0.5656096463519392
189183,0.011362551756423249
189184,0.13365542380045542
189185,0.3186286763536208
189186,0.5020520768472101
189187,0.44220778925648
189188,0.4584153330818421
189189,0.8860199708209672
189190,0.7466923611837053
189191,0.9045318401425319
189192,0.05298130632985033
189193,0.620663482122161
189194,0.9110630348921239
189195,0.1361597302075711
189196,0.21907454288454284
189197,0.5764858808931875
189198,0.3389358288527004
189199,0.3796592143477213
189200,0.6557692220288064
189201,0.6356166002336141
189202,0.8108953236281992
189203,0.7348434922121071
189204,0.3647470014225915
189205,0.14840856100099536
189206,0.9617082005808536
189207,0.49403011530717517
189208,0.3738461328691352
189209,0.6132914585425937
189210,0.8568318478690671
189211,0.5463614836765582
189212,0.5030110762154523
189213,0.7820389871875867
189214,0.5962658109907691
189215,0.030065311947495923
189216,0.05456751855504702
189217,0.6611777966648639
189218,0.752973579794656
189219,0.642920448502643
189220,0.6078919739479414
189221,0.6650501543034529
189222,0.08863244872080392
189223,0.537171451815963
189224,0.2730648438103635
189225,0.042141431954222555
189226,0.533785411392549
189227,0.11476631776057739
189228,0.22231968766617735
189229,0.6499515955295176
189230,0.4087291667613546
189231,0.9830107126137959
189232,0.9392421632480535
189233,0.5454433894946392
189234,0.4385717726944246
189235,0.034646692815685776
189236,0.8341567395839488
189237,0.8012916948836702
189238,0.38335431617891014
189239,0.06972970761881819
189240,0.022761463678467056
189241,0.884333768140314
189242,0.7523100067720808
189243,0.33200012726057965
189244,0.26373391630798876
189245,0.3873039391694429
189246,0.6316260720567582
189247,0.12814685870894144
189248,0.31873775685048245
189249,0.7889883238418152
189250,0.12060212434267638
189251,0.7620863463033074
189252,0.1555396984833266
189253,0.47375932297371615
189254,0.5015475795492249
189255,0.11638889015139464
189256,0.4360720113080115
189257,0.20902095709045954
189258,0.9793110657619046
189259,0.42893632880497773
189260,0.8700533130928412
189261,0.0767608546456929
189262,0.6543102703832816
189263,0.08653264915621689
189264,0.34813040573399806
189265,0.02157521327509647
189266,0.6433476804486845
189267,0.7893837406429387
189268,0.1262697651587803
189269,0.8488826066602734
189270,0.9084087428018235
189271,0.31187477558960275
189272,0.21257970830057132
189273,0.462764917894201
189274,0.6825893891946678
189275,0.26273401175342354
189276,0.959635671140482
189277,0.14475436435612965
189278,0.3442535030747065
189279,0.8195717681494039
189280,0.596097645224774
189281,0.4760045632007853
189282,0.9011503447398203
189283,0.5667049963412584
189284,0.15479886010880778
189285,0.8266710904868172
189286,0.11112121115711682
189287,0.9402784279682395
189288,0.6668408924602652
189289,0.37274169283841085
189290,0.23986346757809482
189291,0.4997977465787356
189292,0.44502570209207304
189293,0.012694242822276056
189294,0.4793133382722558
189295,0.09113221010721703
189296,0.26730175755950564
189297,0.12591070852327735
189298,0.7415428527276942
189299,0.054640238886288134
189300,0.6276355438799024
189301,0.30493907399748205
189302,0.4782997986555828
189303,0.5690229568995687
189304,0.9454597515691684
189305,0.00993087023511392
189306,0.8348430377100368
189307,0.032928674990114586
189308,0.44384854173010757
189309,0.15421709745887893
189310,0.8804841356052376
189311,0.5811263470305107
189312,0.8581499038728122
189313,0.5289358743029074
189314,0.2929765795083196
189315,0.7123365496929839
189316,0.8222578753846224
189317,0.3902036623776821
189318,0.057585412301553035
189319,0.4955208820976179
189320,0.3921580212797869
189321,0.16309352289099677
189322,0.04215961203703283
189323,0.9631762422677835
189324,0.5755632416905659
189325,0.7676858118088727
189326,0.28992687061689565
189327,0.08783707009785428
189328,0.40343421764286136
189329,0.15554878852473172
189330,0.9838560864644739
189331,0.9765340581126347
189332,0.5971157298621496
189333,0.7908972325368943
189334,0.27972329913962757
189335,0.9376150458365339
189336,0.6809350016589326
189337,0.35961112802868817
189338,0.9581358143086343
189339,0.5095104558201262
189340,0.7125228955417893
189341,0.7830979770112854
189342,0.9150671981310875
189343,0.4241504220051722
189344,0.053422173337999555
189345,0.6128142313688238
189346,0.9536180637302802
189347,0.015462160430140759
189348,0.2935038019098177
189349,0.9759204803177879
189350,0.9452779507410657
189351,0.3181378141177433
189352,0.8496552601797102
189353,0.7101776648592635
189354,0.5217274714686326
189355,0.29704891805782174
189356,0.11951131937405973
189357,0.9549088496098099
189358,0.5633780411869777
189359,0.5516473427536462
189360,0.0067993509710436726
189361,0.4040432504170056
189362,0.4061930452093209
189363,0.6805577649406193
189364,0.5956295080924093
189365,0.2944582562573572
189366,0.24342676380890915
189367,0.023961349143945352
189368,0.5570922775553243
189369,0.278146176955836
189370,0.5832943219056363
189371,0.9546497834297635
189372,0.2908585998609224
189373,0.0804923166425023
189374,0.34921212066120955
189375,0.7064825630280747
189376,0.42147794983206144
189377,0.5550333831770604
189378,0.03207875611873412
189379,0.3210375373259825
189380,0.301625753905309
189381,0.5951886410842602
189382,0.3686920793924216
189383,0.2737920471227746
189384,0.15740770199208257
189385,0.9357197722035624
189386,0.41754650692433903
189387,0.34339903918262343
189388,0.25417119274978295
189389,0.6208180128260485
189390,0.09732252830411642
189391,0.3616654773862495
189392,0.5785311402093436
189393,0.1843960349239391
189394,0.5273951122847365
189395,0.3497302530213025
189396,0.9273478440694298
189397,0.22077892564800636
189398,0.10342194608696442
189399,0.9624399489139673
189400,0.9576904022797824
189401,0.6471382277146273
189402,0.33183196149458455
189403,0.9954277091732152
189404,0.3111475722771917
189405,0.9308293299275978
189406,0.6028606360301971
189407,0.4357993100658573
189408,0.09256389162852637
189409,0.31324737184177875
189410,0.34119470414187736
189411,0.5700683116611596
189412,0.014162284509205939
189413,0.9152717240627032
189414,0.35840669754250726
189415,0.3367224037705492
189416,0.9028365474204735
189417,0.04190509087768895
189418,0.3355179732843683
189419,0.3207102958353975
189420,0.5411801600756292
189421,0.9898236986469474
189422,0.683325682548484
189423,0.2521350234750319
189424,0.22293326546102418
189425,0.17902382045350218
189426,0.8723758186718541
189427,0.08645083878357065
189428,0.21885638189081952
189429,0.017507419746296948
189430,0.3237372796233086
189431,0.7169088405197687
189432,0.868008053776685
189433,0.7919744024434031
189434,0.15526245222046986
189435,0.8671263197603865
189436,0.3391676249085314
189437,0.24210416278446148
189438,0.03209239118084183
189439,0.9243890355920571
189440,0.5242408679171534
189441,0.39433963121702015
189442,0.06501197612955127
189443,0.23584566927702358
189444,0.3786638548138586
189445,0.7095549970230115
189446,0.29460824194054197
189447,0.6294671872230378
189448,0.780516405252226
189449,0.6592961580940002
189450,0.8273301184886898
189451,0.9215529426736538
189452,0.5176096827121047
189453,0.8919194076929021
189454,0.7242035987473924
189455,0.13458715304448213
189456,0.40917457879020636
189457,0.2503897355252453
189458,0.45570650074311086
189459,0.231282468491644
189460,0.19707664268410743
189461,0.8189627353752597
189462,0.4940573854313906
189463,0.16178001190795424
189464,0.987442107798801
189465,0.3361088259757023
189466,0.3336772398998277
189467,0.8586862163157153
189468,0.44091700337695033
189469,0.8618631857868113
189470,0.1643752187291213
189471,0.9767067688993324
189472,0.1648660809649988
189473,0.6664272955763314
189474,0.15819853559432964
189475,0.03895991746242404
189476,0.4909213211466178
189477,0.8600815376714042
189478,0.8261484131060218
189479,0.849909781339054
189480,0.7214811313465532
189481,0.5153235372987124
189482,0.10731702882906631
189483,0.2722376500424959
189484,0.42331868321660204
189485,0.3250644256684589
189486,0.8735302539303067
189487,0.37706855254725685
189488,0.41036082919357697
189489,0.6531103849178034
189490,0.6663136700587672
189491,0.8965007885610919
189492,0.7663086705359943
189493,0.5537971375459615
189494,0.8375655051108758
189495,0.5678412515169007
189496,0.17662859454324814
189497,0.40832920493952846
189498,0.4379263797546598
189499,0.06938883106612549
189500,0.19741751923680012
189501,0.8713031937860477
189502,0.8404152330913868
189503,0.8464782907086142
189504,0.7921289331472905
189505,0.8956326896069011
189506,0.6445793810590807
189507,0.952218197353889
189508,0.017062007717445156
189509,0.8271983128883152
189510,0.9032865044700279
189511,0.09425918435058471
189512,0.4379945550651983
189513,0.6441975993200649
189514,0.18025552106389844
189515,0.07043873084841902
189516,0.5060653301275787
189517,0.5462705832625068
189518,0.1728607723808182
189519,0.44201689838697217
189520,0.4255821035264815
189521,0.06954790679071542
189522,0.5350034769408375
189523,0.3393494257366342
189524,0.5979701937542325
189525,0.006222133341817372
189526,0.12400634484890077
189527,0.612359729298567
189528,0.6095145463387586
189529,0.26831529717617864
189530,0.6112007490194118
189531,0.896868935238
189532,0.45861985901345775
189533,0.2645292949309384
189534,0.04079610582626204
189535,0.8029642625022158
189536,0.5451615982110799
189537,0.11307557005922161
189538,0.3611882502124797
189539,0.26899250526086144
189540,0.10659891555806036
189541,0.18148267665359216
189542,0.9150535630689798
189543,0.4039614400443594
189544,0.3972075392803414
189545,0.1486539921189341
189546,0.1092123024620377
189547,0.2574799678212534
189548,0.6481835824762182
189549,0.9428145495202731
189550,0.47249126219769927
189551,0.08940055721953813
189552,0.5689411465269225
189553,0.2710195844942073
189554,0.7314710868508006
189555,0.607514737229628
189556,0.2482944809813609
189557,0.23125519836742855
189558,0.5719544952527259
189559,0.032715059017093824
189560,0.7572504442757737
189561,0.5227001058989824
189562,0.019007276578144817
189563,0.7005513110112217
189564,0.02546575099649579
189565,0.10411733425445753
189566,0.5419573586157685
189567,0.42473218465510104
189568,0.620886188136587
189569,0.06817076551783692
189570,0.4309179578312979
189571,0.656755491521264
189572,0.9302021170706433
189573,0.48804886806259395
189574,0.1473086659909736
189575,0.9885010976224997
189576,0.6153367178587499
189577,0.30380736384254226
189578,0.367537644133969
189579,0.8741438317251535
189580,0.03530117579685575
189581,0.4341449225301221
189582,0.9817653769412921
189583,0.719754023479577
189584,0.17549233936760583
189585,0.45335218001918
189586,0.07226582917085188
189587,0.09671349552997213
189588,0.975011476177274
189589,0.4180919094086473
189590,0.7383386131323828
189591,0.8484281045900164
189592,0.8638766299580495
189593,0.9194076929020413
189594,0.03380131896500789
189595,0.6918657764486117
189596,0.059853377632135114
189597,0.7425109421373415
189598,0.5939523954531613
189599,0.7035055744678917
189600,0.12719240436140186
189601,0.8314388172038123
189602,0.5016884751910046
189603,0.855945568832066
189604,0.9841196976652229
189605,0.6526695179096541
189606,0.5511337554142559
189607,0.34435349353016304
189608,0.3462942173701601
189609,0.9459551588257485
189610,0.10422186973061662
189611,0.6622458765299676
189612,0.7997554778862018
189613,0.8621813372359911
189614,0.8476281809463642
189615,0.0701887547097777
189616,0.12343821726107962
189617,0.37024193145199774
189618,0.5497520691206749
189619,0.5818535503429219
189620,0.6839301703019257
189621,0.7762259057090005
189622,0.03890537721399321
189623,0.30542084619195436
189624,0.4316224360401962
189625,0.1754332540984724
189626,0.5851668704350949
189627,0.15983928806795716
189628,0.5564786997604775
189629,0.593302457492694
189630,0.7112548347657724
189631,0.7497557051372369
189632,0.7588184764181601
189633,0.816003926897887
189634,0.8879470595988564
189635,0.018752755418800934
189636,0.3090841328782252
189637,0.11636616504788179
189638,0.31092032124206326
189639,0.5026520195799492
189640,0.4459028910876689
189641,0.016202998804659554
189642,0.7624726730630258
189643,0.11841142436403797
189644,0.5744769817426518
189645,0.9338199535498884
189646,0.9142036441975993
189647,0.08433740415687592
189648,0.9440144349857514
189649,0.956999559132992
189650,0.5444298498779662
189651,0.5467478104362765
189652,0.7282713922761919
189653,0.4644511205748542
189654,0.9332109207757442
189655,0.820689843242236
189656,0.03412856045559288
189657,0.8479736025197595
189658,0.7904654555701501
189659,0.36282900268610724
189660,0.4349357561323692
189661,0.6118643220419869
189662,0.07238399970911867
189663,0.7908745074333814
189664,0.7850387008512824
189665,0.8028051867776258
189666,0.8532458265347399
189667,0.5979429236300172
189668,0.9457779030183483
189669,0.6306943428127315
189670,0.9382967989419192
189671,0.42424132241922363
189672,0.6211452543166335
189673,0.9607492012126115
189674,0.9437371887228947
189675,0.6764127060598761
189676,0.2133659968821158
189677,0.4260366055967385
189678,0.2141522854636603
189679,0.2653973938851291
189680,0.33333181832643244
189681,0.5806263947532281
189682,0.44647101867549005
189683,0.5965612373364362
189684,0.06089418737302348
189685,0.9877602592479809
189686,0.32413269642443215
189687,0.9030456183727917
189688,0.2919357697674313
189689,0.9476459065271042
189690,0.9525727089686894
189691,0.6680816831120666
189692,0.12256102826548375
189693,0.2999213711418455
189694,0.5562832638702669
189695,0.41055626508378745
189696,0.516773398902832
189697,0.49695256361892726
189698,0.6479972366274129
189699,0.09465914617241081
189700,0.20163075342808187
189701,0.7679948732166476
189702,0.8801387140318425
189703,0.06316669772430814
189704,0.6596688497916109
189705,0.10789879147899518
189706,0.25501656660046085
189707,0.9554451620527132
189708,0.7019329973048027
189709,0.9799791838051822
189710,0.1523127337845024
189711,0.8840019816290263
189712,0.4011571622708741
189713,0.6805214047749988
189714,0.5413210557174088
189715,0.8897377977556687
189716,0.5091604892260285
189717,0.7143272687607093
189718,0.7918607769258389
189719,0.3292367546734175
189720,0.9616127551460998
189721,0.9514728139586677
189722,0.3688647901791192
189723,0.5566059603401493
189724,0.9013730507542462
189725,0.1803964167056781
189726,0.032724149058498964
189727,0.37545052517714217
189728,0.9798791933497257
189729,0.5916526149776612
189730,0.867553551706428
189731,0.8755755132464629
189732,0.9733570886415387
189733,0.6521741106530741
189734,0.20194890487726172
189735,0.4350312015671231
189736,0.9877966194136014
189737,0.31415637598229257
189738,0.7739715754405261
189739,0.5969293840133442
189740,0.32651883229328105
189741,0.800587216674772
189742,0.48971689066043694
189743,0.7533280914094563
189744,0.10809422736920567
189745,0.6345485203685104
189746,0.6286218133723599
189747,0.4774316997013921
189748,0.845446571009131
189749,0.9246344667099958
189750,0.24915803491484906
189751,0.17572868044413945
189752,0.1626890160484681
189753,0.2785415937569595
189754,0.5905209048227216
189755,0.17211084396489426
189756,0.7397157544052614
189757,0.7079915099013276
189758,0.7682266692724785
189759,0.8297162543575386
189760,0.27911426636548325
189761,0.0592488898786934
189762,0.33084569200212705
189763,0.7081551306466201
189764,0.13111930224842175
189765,0.3038891742151885
189766,0.8936056103735552
189767,0.08025143054526612
189768,0.24619468141677386
189769,0.9486594461437773
189770,0.5012021579758296
189771,0.05513564614286818
189772,0.194917757850387
189773,0.5603601474404717
189774,0.5950477454424805
189775,0.7860658755300631
189776,0.09874057476331803
189777,0.3934806223042346
189778,0.9645215683957441
189779,0.48792160748292207
189780,0.9720208525549835
189781,0.016153003576931294
189782,0.8943328136859664
189783,0.034151285559105723
189784,0.8217624681280423
189785,0.8480463228510006
189786,0.07693356543239054
189787,0.025638461783193425
189788,0.8427150135668868
189789,0.8492689334199918
189790,0.2618568227578276
189791,0.25139873012121566
189792,0.30204844083064797
189793,0.5767813072388546
189794,0.3812181564487026
189795,0.10259929733979938
189796,0.7709582267147227
189797,0.7108548729439462
189798,0.41478767935787947
189799,0.6240767926697907
189800,0.8487780711841143
189801,0.4385172324459938
189802,0.07178405697637952
189803,0.22573754323450942
189804,0.5130692070302381
189805,0.41222428768163033
189806,0.9107812436085646
189807,0.4444166693179287
189808,0.6748673990210026
189809,0.8130905686275401
189810,0.7116275264633831
189811,0.6303989164670645
189812,0.9303793728780435
189813,0.9167443107703356
189814,0.4563973438899014
189815,0.09031865140145713
189816,0.700833102294781
189817,0.013044209416373891
189818,0.3463987528463192
189819,0.8554274364719732
189820,0.7596502152067303
189821,0.16997922925538927
189822,0.844137605046791
189823,0.04947255034746684
189824,0.5818762754464347
189825,0.9038455420164438
189826,0.7162770826421114
189827,0.2626431113393721
189828,0.5392167111321192
189829,0.33338181355416074
189830,0.4685779993727871
189831,0.13397812027033784
189832,0.7628589998227442
189833,0.28234577608501005
189834,0.5748678535230728
189835,0.19284068338931284
189836,0.42270965044245773
189837,0.8752800869007958
189838,0.7692856590961773
189839,0.3039300794015117
189840,0.8327841433317729
189841,0.8016825666640912
189842,0.9892510260384236
189843,0.9781929906690725
189844,0.8744892532985488
189845,0.6781489039682577
189846,0.41990991768967506
189847,0.7729125856168275
189848,0.039768931147481375
189849,0.7897291622163339
189850,0.9713663695738135
189851,0.9199621854277547
189852,0.06987060326059784
189853,0.012044304861808644
189854,0.12886951700064994
189855,0.5476204544111699
189856,0.3951850050676981
189857,0.8391835324809904
189858,0.6733948123133701
189859,0.14331813781411776
189860,0.2928084137423246
189861,0.9732480081446772
189862,0.12217470150576536
189863,0.00953999845469296
189864,0.19724026342939993
189865,0.15289449643443126
189866,0.44075338263165786
189867,0.6598961008267393
189868,0.7754032569618355
189869,0.2709514091836688
189870,0.7611409819971731
189871,0.2568391199021911
189872,0.8364610650801515
189873,0.02494307361570032
189874,0.8735757041373324
189875,0.2451220565309675
189876,0.17302893814681328
189877,0.565991428090955
189878,0.2693061116893387
189879,0.7126228859972458
189880,0.35075288267938054
189881,0.23460033360451957
189882,0.704832720513042
189883,0.8241940542039169
189884,0.8035551151935497
189885,0.023215965748723987
189886,0.5849214393171561
189887,0.6903977347616819
189888,0.24722185609555453
189889,0.11517536962380863
189890,0.5436481063171242
189891,0.5833079569677441
189892,0.04623649560723749
189893,0.05723090068675263
189894,0.8564546111507538
189895,0.06838892651156026
189896,0.501947541371051
189897,0.8437285531835598
189898,0.4786179501047627
189899,0.8753528072320369
189900,0.03232873225737543
189901,0.14369991955313358
189902,0.00862644929347653
189903,0.3369360197435699
189904,0.3342271874048386
189905,0.691483994709596
189906,0.3911399366424114
189907,0.9212120661209612
189908,0.02442494125560742
189909,0.7451425091241292
189910,0.8493007485649098
189911,0.8270210570809151
189912,0.8576726766990425
189913,0.9104903622836003
189914,0.74864672008581
189915,0.4265501929361288
189916,0.28326841528763164
189917,0.05929888510642166
189918,0.3489076042741375
189919,0.4434576699496866
189920,0.5585148690352285
189921,0.06642093254734775
189922,0.41243335863394853
189923,0.2636657409974502
189924,0.978483871994037
189925,0.9427781893546525
189926,0.19063634834856674
189927,0.65404211416183
189928,0.5566332304643649
189929,0.17270169665622828
189930,0.8564773362542666
189931,0.013403266051876866
189932,0.34489435099376875
189933,0.5686275400984452
189934,0.9522954627058328
189935,0.6399389149217575
189936,0.38768117588775614
189937,0.964321587484831
189938,0.5542925448025416
189939,0.8596224905804446
189940,0.4792951581894455
189941,0.1326237041009722
189942,0.12342003717826934
189943,0.9542361865458298
189944,0.6790033678603407
189945,0.15092650247021874
189946,0.6031515173551616
189947,0.15585784993250645
189948,0.5001977084005618
189949,0.3003076979015639
189950,0.8951191022675109
189951,0.41407865612827865
189952,0.8600042723194605
189953,0.6646047422746011
189954,0.35053472168565725
189955,0.8848564455211093
189956,0.24063157607682903
189957,0.30933865403756916
189958,0.5611600710841238
189959,0.04977252171383641
189960,0.44934347175951384
189961,0.1942132796414888
189962,0.3889719617672858
189963,0.9049499820471683
189964,0.8523140972907132
189965,0.22313324637193724
189966,0.6529194940482954
189967,0.8340203889628717
189968,0.515328082319415
189969,0.726748810340831
189970,0.262761281877639
189971,0.9929006776625867
189972,0.10422641475131919
189973,0.9603401493493804
189974,0.8235713863676649
189975,0.5583012530622078
189976,0.7717899655032929
189977,0.2308370564627922
189978,0.6548920330332105
189979,0.4600651755968748
189980,0.8634766681362234
189981,0.9108403288776981
189982,0.8418196444884807
189983,0.5578876561782738
189984,0.47554551610982587
189985,0.9694983660650575
189986,0.03148335840669755
189987,0.21636116552510898
189988,0.9088541548306752
189989,0.8329568541184705
189990,0.10858963462578572
189991,0.0809059135264361
189992,0.10605805809445461
189993,0.437121911090305
189994,0.5235272996668501
189995,0.24427213765958705
189996,0.6499834106744357
189997,0.7332027397384795
189998,0.32789597356615957
189999,0.336513332818231
190000,0.9143036346530559
190001,0.25667549915689863
190002,0.08784161511855687
190003,0.5295994473254827
190004,0.3844996613959576
190005,0.37520509405920344
190006,0.4729094041023357
190007,0.67813526890615
190008,0.4822630567082233
190009,0.2882861181432681
190010,0.36127006058512595
190011,0.995791310829421
190012,0.06123051890501361
190013,0.5945068879788747
190014,0.32868680716840665
190015,0.20578035732952762
190016,0.7372841683293867
190017,0.5925752541802828
190018,0.5461115075379169
190019,0.522050167938515
190020,0.05530381190886325
190021,0.04145967884883716
190022,0.33980392780689117
190023,0.381899909554088
190024,0.06926157048645355
190025,0.8910785788629267
190026,0.7207493830134397
190027,0.7287713445534745
190028,0.5629508092409361
190029,0.5879711482085802
190030,0.5186550374736958
190031,0.12671517718763212
190032,0.7542052804050523
190033,0.5653551251925952
190034,0.9042954990659983
190035,0.9427463742097346
190036,0.93916489789611
190037,0.6008653719417693
190038,0.226364756091464
190039,0.46131505629008135
190040,0.04947255034746684
190041,0.1058808022870544
190042,0.047831797873839316
190043,0.13159198440148895
190044,0.09256389162852637
190045,0.4925666186409479
190046,0.16194363265324674
190047,0.2580662754918848
190048,0.09367742170065584
190049,0.17174724230868874
190050,0.27957785847714534
190051,0.5268815249453462
190052,0.6545557015012203
190053,0.4293362906268038
190054,0.3887810708977779
190055,0.35561605483112974
190056,0.9367424018616405
190057,0.8085682730284837
190058,0.6136959653851224
190059,0.1616709314110926
190060,0.42431858777116727
190061,0.7873157562232697
190062,0.08181946268765253
190063,0.5567423109612264
190064,0.7775939569404738
190065,0.1654705687184405
190066,0.09330927502374772
190067,0.7535144372582617
190068,0.26564282500306785
190069,0.6606869344289864
190070,0.5013748687625272
190071,0.32020125351670975
190072,0.5092422995986747
190073,0.11128483190240931
190074,0.9424100426777444
190075,0.9881238609041865
190076,0.6244631194295089
190077,0.3241736016107553
190078,0.18325977974829674
190079,0.6210361738197718
190080,0.26127506010789875
190081,0.9333063662104981
190082,0.5948568545729725
190083,0.9669895146372391
190084,0.2205016793851496
190085,0.9489685075515519
190086,0.9299885010976225
190087,0.31200203616927474
190088,0.12911949313929125
190089,0.00824921257516328
190090,0.2721831097940651
190091,0.7595411347098687
190092,0.10566718631403366
190093,0.07302939264888351
190094,0.5001977084005618
190095,0.059589766431386096
190096,0.9068225305766268
190097,0.3288958781207248
190098,0.17629680803196057
190099,0.8252394089655078
190100,0.46203771458178994
190101,0.3817362888087955
190102,0.6463110339467597
190103,0.5890028679080634
190104,0.8602951536444249
190105,0.7864431122483763
190106,0.8803341499220529
190107,0.291135846123779
190108,0.9907281577667587
190109,0.6324078156176002
190110,0.5149463005803991
190111,0.07468378018461874
190112,0.21713381904454576
190113,0.6308943237236446
190114,0.2097436153821681
190115,0.6896296262629477
190116,0.18615041291513085
190117,0.560282882088528
190118,0.780580035542062
190119,0.3553842587752987
190120,0.8326296126278856
190121,0.5139691211293468
190122,0.21593393357906746
190123,0.4516432522350139
190124,0.35147554097108913
190125,0.21602483399311884
190126,0.5921980174619697
190127,0.9118584135150736
190128,0.968648447193677
190129,0.488998777389431
190130,0.18466419114539068
190131,0.5098695124556293
190132,0.9821289785974976
190133,0.9550315651687794
190134,0.8587862067711719
190135,0.5946659637034647
190136,0.33262734011753425
190137,0.8798614677689857
190138,0.8838020007181133
190139,0.8989414646783715
190140,0.558742120070357
190141,0.8509324109971321
190142,0.2956899568677535
190143,0.409315474431986
190144,0.6029015412165203
190145,0.30659800655391983
190146,0.35408438285436383
190147,0.6409615445798357
190148,0.8302116616141186
190149,0.28890424095881756
190150,0.1795964930620259
190151,0.7353979847378206
190152,0.5954567973057118
190153,0.1143345407938333
190154,0.6215543061798647
190155,0.6738856745492475
190156,0.15604874080201436
190157,0.48007235672958487
190158,0.9137400520859373
190159,0.9333927216038469
190160,0.3875902754737048
190161,0.4597288440648847
190162,0.2521668386199499
190163,0.09428645447480012
190164,0.9479595129555816
190165,0.025297585230500727
190166,0.08640993359724754
190167,0.15066289126946975
190168,0.9228573636152912
190169,0.11353916217088368
190170,0.7058644402125251
190171,0.6687043509483186
190172,0.5979747387749351
190173,0.6751855504701824
190174,0.8116907022511487
190175,0.4462255875575513
190176,0.9122811004404126
190177,0.7845614736775126
190178,0.571868139859377
190179,0.40401598029279023
190180,0.33101385776812214
190181,0.47683630198935556
190182,0.2832275101013085
190183,0.7197812936037924
190184,0.20342603660559674
190185,0.7485194595061381
190186,0.6563146245131147
190187,0.16723403675103743
190188,0.7440880643211331
190189,0.3699419600856282
190190,0.22546484199235528
190191,0.1576258629858059
190192,0.062830366192318
190193,0.18619131810145395
190194,0.18820930729339472
190195,0.8130360283791093
190196,0.6406479381513583
190197,0.22852818594588697
190198,0.14480435958385793
190199,0.8968053049481641
190200,0.027383749732980033
190201,0.3533162743556297
190202,0.683421127983238
190203,0.1907772439903464
190204,0.45649278932465537
190205,0.15692138477690767
190206,0.5784129696710769
190207,0.37440062539484864
190208,0.1494221006176683
190209,0.21187523009167308
190210,0.7288713350089311
190211,0.09528635902936537
190212,0.1747424109516819
190213,0.23737279623308685
190214,0.5459342517305167
190215,0.30471182296235355
190216,0.7417155635143918
190217,0.4945300675844578
190218,0.17821480676844484
190219,0.46419659941551034
190220,0.4945164325223501
190221,0.11668431649706164
190222,0.23263688466100962
190223,0.04140968362110889
190224,0.24527658723485485
190225,0.796028560910095
190226,0.432563255325628
190227,0.1906136232450539
190228,0.6369619263615747
190229,0.06712541075624599
190230,0.8081364960617397
190231,0.19946277855295633
190232,0.5948477645315674
190233,0.05593556978652038
190234,0.9850105217229265
190235,0.01884820085355489
190236,0.026092963853450356
190237,0.24770817331072945
190238,0.5044927529644898
190239,0.679589675530972
190240,0.5272360365601466
190241,0.7255716499788656
190242,0.4344903441035174
190243,0.4598424695824489
190244,0.14301816644774817
190245,0.16063466669090679
190246,0.8698760572854409
190247,0.0990587262124979
190248,0.8330432095118193
190249,0.4297317074279273
190250,0.40214797678403424
190251,0.5848941691929407
190252,0.22967353116293446
190253,0.8974779680121443
190254,0.6690679526045241
190255,0.4621240699751387
190256,0.5733725417119275
190257,0.9311565714181829
190258,0.5734179919189533
190259,0.05079969639261707
190260,0.726317033374087
190261,0.6032287827071052
190262,0.3745369760159257
190263,0.12607432926856982
190264,0.1726517014285
190265,0.8140177528508643
190266,0.04633648606269402
190267,0.26492471173206195
190268,0.41915544425304857
190269,0.22041077897109823
190270,0.43096795305902613
190271,0.4358538503142882
190272,0.11320283063889355
190273,0.8641947814072294
190274,0.7746987787529372
190275,0.27751441907817886
190276,0.0983178878379791
190277,0.21999263706646185
190278,0.33424991250835145
190279,0.23302321142072802
190280,0.7458151721881093
190281,0.8252575890483181
190282,0.980056449157126
190283,0.4646692815685775
190284,0.092409360924639
190285,0.8805295858122634
190286,0.28147767713081934
190287,0.576354075292813
190288,0.622436040196163
190289,0.4581471768603906
190290,0.25598465601010806
190291,0.11928861335963384
190292,0.7489466914521796
190293,0.7171315465341944
190294,0.7169633807681994
190295,0.057353616245721994
190296,0.8406833893128383
190297,0.3864449302566573
190298,0.10078583407947422
190299,0.6583007985601375
190300,0.3548343112702878
190301,0.45437026465655544
190302,0.6059285250044314
190303,0.18669581539943916
190304,0.006972061757741306
190305,0.8992459810654437
190306,0.23075979111084852
190307,0.3793137927743261
190308,0.30942046441021537
190309,0.19935824307679723
190310,0.622954172556256
190311,0.6396025833897674
190312,0.0762563573477077
190313,0.5217638316342531
190314,0.019839015366714997
190315,0.22471945859713394
190316,0.1922134705323583
190317,0.8019007276578145
190318,0.6312715604419578
190319,0.6432522350139306
190320,0.1380959090268656
190321,0.965535108012417
190322,0.23242781370869145
190323,0.5327446016516605
190324,0.4480390508178765
190325,0.6203726007971966
190326,0.6550283836542876
190327,0.032442357774939666
190328,0.14237277350798333
190329,0.19931733789047412
190330,0.13670058767117685
190331,0.32618704578199353
190332,0.9747115048109044
190333,0.043082251239654396
190334,0.8229259934279001
190335,0.40779289249662526
190336,0.1675794583244327
190337,0.2978442966807714
190338,0.05541743742642748
190339,0.0834829402647929
190340,0.6113643697647043
190341,0.36098826930156663
190342,0.5966612277918927
190343,0.7826298398789207
190344,0.388262938537685
190345,0.41259697937924106
190346,0.727162407224765
190347,0.6925884347403203
190348,0.19767658541684657
190349,0.15917117002467945
190350,0.9381286331759241
190351,0.9207530190300017
190352,0.024456756400525404
190353,0.5414574063384859
190354,0.9216983833361362
190355,0.7408656446430113
190356,0.07834252185018702
190357,0.27655087468923417
190358,0.6602869726071602
190359,0.17390612714240913
190360,0.22207880156894114
190361,0.9868103499211439
190362,0.8460828739074907
190363,0.5258134450802423
190364,0.7968330295744497
190365,0.14353629880784108
190366,0.1714245458388063
190367,0.3957713127383295
190368,0.4824312224742184
190369,0.8475327355116102
190370,0.5781993536980561
190371,0.3135700683116612
190372,0.1340417505601738
190373,0.11425727544188964
190374,0.3692874771044582
190375,0.37815026747446834
190376,0.08046050149758431
190377,0.8981869912417452
190378,0.4254412078847019
190379,0.3187650269746979
190380,0.5260225160325606
190381,0.9022002445221138
190382,0.4236186545829716
190383,0.7246171956313261
190384,0.12062484944618923
190385,0.7087141681930362
190386,0.7993009758159448
190387,0.6280855009294568
190388,0.028619995364078884
190389,0.8139313974575154
190390,0.3527390567264034
190391,0.4286090873143927
190392,0.36292899314156374
190393,0.30579808291026767
190394,0.7491739424873081
190395,0.9889419646306489
190396,0.45517473332091024
190397,0.40304789088314297
190398,0.5723953622608752
190399,0.7558233077751669
190400,0.3174378809295476
190401,0.9561269151580986
190402,0.9972775325991611
190403,0.0424459483412947
190404,0.6432340549311202
190405,0.17719672213106932
190406,0.626585644097609
190407,0.19964912440176166
190408,0.1643752187291213
190409,0.09864512932856409
190410,0.7821707927879612
190411,0.26857890837692766
190412,0.03509664986524014
190413,0.38899923189150126
190414,0.3328182309870421
190415,0.6311715699865013
190416,0.2891678521595666
190417,0.4032751419182714
190418,0.868567091323101
190419,0.08281027720081265
190420,0.07746987787529372
190421,0.7725353488985143
190422,0.7295349080315061
190423,0.0838692670245113
190424,0.8830293471986765
190425,0.03000168165765995
190426,0.5220047177314893
190427,0.826725630735248
190428,0.9006912976488608
190429,0.7551870048768072
190430,0.5235818399152808
190431,0.43674467437199177
190432,0.36360165620554397
190433,0.9354834311270288
190434,0.8736711495720864
190435,0.15132646429204488
190436,0.8469327927788711
190437,0.782943446307398
190438,0.6183046163775276
190439,0.6408660991450816
190440,0.022075165552379095
190441,0.31171569986501285
190442,0.9865331036582872
190443,0.08485553651696882
190444,0.11194385990428185
190445,0.23257779939187623
190446,0.29249480731384725
190447,0.9555769676530876
190448,0.4542793642425041
190449,0.9604219597220266
190450,0.47683630198935556
190451,0.3253598520141259
190452,0.3105294494616423
190453,0.5335672503988256
190454,0.31795146826893794
190455,0.26857890837692766
190456,0.6546011517082461
190457,0.4091382186245858
190458,0.23553206284854628
190459,0.016157548597633863
190460,0.35166643184059704
190461,0.30202117070643253
190462,0.5744497116184365
190463,0.21556124188145676
190464,0.9608128315024475
190465,0.9182941628299117
190466,0.541266515468978
190467,0.6696269901509402
190468,0.35474341085623645
190469,0.583044345766995
190470,0.05584466937246899
190471,0.8970416460246977
190472,0.044491207657450876
190473,0.5320173983392494
190474,0.20832556892296644
190475,0.9830243476759037
190476,0.25603919625853894
190477,0.6514514523613655
190478,0.15603510573990664
190479,0.8923284595561334
190480,0.07562005444934801
190481,0.5277405338581317
190482,0.14663145790629079
190483,0.6232995941296513
190484,0.47209584539657573
190485,0.3776594052385908
190486,0.4877443516755219
190487,0.493821044354857
190488,0.34518523231873316
190489,0.5938660400598125
190490,0.6593325182596207
190491,0.1714836311079397
190492,0.9444553019939007
190493,0.8419059998818295
190494,0.7196494880034179
190495,0.351730062130433
190496,0.9741933724508115
190497,0.8024097699765023
190498,0.1263879356970471
190499,0.35915662595843123
190500,0.5612918766844983
190501,0.09943141791010857
190502,0.04139150353829862
190503,0.8627858249894328
190504,0.13447807254762045
190505,0.8069729707618818
190506,0.9511682975715955
190507,0.5228000963544389
190508,0.11079396966653182
190509,0.4758091273105749
190510,0.031215202185245955
190511,0.6356484153785321
190512,0.681880365965067
190513,0.5448070865962795
190514,0.30508905968066685
190515,0.3870130578444785
190516,0.9677530781152709
190517,0.1549352107298849
190518,0.12683789274660148
190519,0.7857295439980729
190520,0.037969102949263936
190521,0.10824875807309302
190522,0.8115225364851537
190523,0.8012644247594548
190524,0.16785215956658683
190525,0.3396857572686244
190526,0.2081119529499457
190527,0.8667945332490989
190528,0.14486798987369387
190529,0.404197781120893
190530,0.6170365556015108
190531,0.1972857136364256
190532,0.5068561637298258
190533,0.5560741929179488
190534,0.8462192245285678
190535,0.08783252507715172
190536,0.010149031228837247
190537,0.10961226428386381
190538,0.8673581158162176
190539,0.023265960976452248
190540,0.15635780220978907
190541,0.025252135023475033
190542,0.7965966884979161
190543,0.753046300125897
190544,0.7808254666600006
190545,0.8397562050895142
190546,0.2074165647824526
190547,0.27558733030028953
190548,0.6483517482422133
190549,0.22476036378345704
190550,0.8012871498629677
190551,0.37506874343812635
190552,0.269228846337395
190553,0.22828729984865082
190554,0.8384654192099845
190555,0.2585844078519777
190556,0.6301489403284232
190557,0.6078419787202131
190558,0.7710763972529896
190559,0.1275014657691766
190560,0.37861385958613036
190561,0.5469296112643793
190562,0.5797537507783348
190563,0.6430204389580995
190564,0.8399198258348067
190565,0.3082978442966807
190566,0.13784138786752176
190567,0.4618377336708768
190568,0.4799769112948309
190569,0.8305298130632985
190570,0.4001799828198217
190571,0.5633962212697878
190572,0.14409988137495966
190573,0.923525481658569
190574,0.835474795587694
190575,0.9951277378068457
190576,0.3250189754614332
190577,0.3467123592747965
190578,0.774848764436122
190579,0.9242254148467647
190580,0.9592947945877893
190581,0.7988192036214725
190582,0.024329495820853465
190583,0.8561955449707074
190584,0.5587148499461415
190585,0.9245662913994573
190586,0.9859195258634403
190587,0.8174674235641143
190588,0.1831916044377582
190589,0.2617886474472891
190590,0.027983692465719183
190591,0.9673258461692293
190592,0.31665159234800316
190593,0.921393866949064
190594,0.2517486967153135
190595,0.33070025133964487
190596,0.2699878647947241
190597,0.39029001777103095
190598,0.10020861645024792
190599,0.35598420150803783
190600,0.5203912353820772
190601,0.3421355234273092
190602,0.108903241054263
190603,0.004181419046363756
190604,0.4705914435440253
190605,0.9478458874380173
190606,0.8665672822139705
190607,0.4373900673117566
190608,0.78963371678158
190609,0.46049695256361894
190610,0.7250444275773676
190611,0.10490816785670458
190612,0.3152290008680989
190613,0.9281704928165948
190614,0.4273137564141604
190615,0.652533167288577
190616,0.930183936987833
190617,0.4351448270846874
190618,0.5726907886065421
190619,0.31315192640702477
190620,0.5651278741574668
190621,0.13735507065234684
190622,0.325991609891783
190623,0.5117329709436828
190624,0.8106317124274501
190625,0.4789270115125374
190626,0.9720390326377937
190627,0.14650419732661882
190628,0.42560937365069695
190629,0.9840106171683612
190630,0.1368823884992796
190631,0.9898555137918654
190632,0.13007849250753337
190633,0.3213602337958649
190634,0.5949432099663214
190635,0.39844832993214285
190636,0.16709314110925777
190637,0.6159412056121916
190638,0.7019693574704233
190639,0.7520463955713318
190640,0.18345067061780468
190641,0.534026297489785
190642,0.15176278627949152
190643,0.6283309320473955
190644,0.004272319460415142
190645,0.5984837810936229
190646,0.45999700028633633
190647,0.2835865667368115
190648,0.27345571559078446
190649,0.45991518991369
190650,0.8247758168538457
190651,0.9613809590902687
190652,0.30499361424591287
190653,0.3903263779366515
190654,0.31631526081601297
190655,0.9480958635766586
190656,0.13725053517618774
190657,0.9807291122211061
190658,0.8681898546047877
190659,0.4603742370046495
190660,0.5095377259443418
190661,0.6156730493907401
190662,0.10868962508124223
190663,0.5282859363424401
190664,0.3280686843528572
190665,0.11560260156985015
190666,0.8983642470491453
190667,0.4183873357543143
190668,0.33491348553092654
190669,0.511001222610569
190670,0.3672558528504097
190671,0.5132919130446639
190672,0.5833261370505544
190673,0.7939787565732362
190674,0.1581576304080065
190675,0.06695269996954835
190676,0.3007985601374414
190677,0.22715104467300848
190678,0.9423055072015853
190679,0.43444943891719423
190680,0.06438930829329927
190681,0.928865880984088
190682,0.2926584280591398
190683,0.09345017066552738
190684,0.5256452793142473
190685,0.5781948086773536
190686,0.11298466964517023
190687,0.01403047890883143
190688,0.39856650047040965
190689,0.3530435731134755
190690,0.06117597865658278
190691,0.7771439998909195
190692,0.5990473636607415
190693,0.1004495025474841
190694,0.5767494920939366
190695,0.6582098981460861
190696,0.7051099667758987
190697,0.5748042232332368
190698,0.08125588012053393
190699,0.1415910299471414
190700,0.8662127705991701
190701,0.31441089714163645
190702,0.18252348639448054
190703,0.45619736297898833
190704,0.07287940696569872
190705,0.7917880565945978
190706,0.28382290781334507
190707,0.24600379054726595
190708,0.03176060466955427
190709,0.28979051999581856
190710,0.7497602501579395
190711,0.316283445671095
190712,0.3037391885320037
190713,0.8514369082951173
190714,0.41561941814644965
190715,0.5323719099540498
190716,0.020570763699828656
190717,0.8295208184673282
190718,0.903886447202767
190719,0.19941278332522805
190720,0.9928234123106432
190721,0.07128410469909689
190722,0.9783066161866367
190723,0.2153385358670309
190724,0.1211157116820667
190725,0.21066625458478963
190726,0.4741592847955422
190727,0.6786488562455403
190728,0.13129201303511936
190729,0.7747351389185578
190730,0.0926911522081983
190731,0.1905499929552179
190732,0.03578749301203067
190733,0.6228496370800969
190734,0.7411565259679758
190735,0.26155685139145807
190736,0.7264170238295435
190737,0.3154198917376068
190738,0.7797119365878712
190739,0.9880056903659196
190740,0.7633180469137038
190741,0.5905390849055318
190742,0.2962262693106567
190743,0.3776412251557806
190744,0.5216047559096633
190745,0.27774621513400993
190746,0.7741261061444136
190747,0.7921198431058853
190748,0.4654782952536349
190749,0.9342835456615506
190750,0.8198399243708556
190751,0.7155089741433772
190752,0.44629376286808986
190753,0.0998268347112321
190754,0.0666936337895019
190755,0.9032683243872176
190756,0.3197603865085605
190757,0.3787956604142332
190758,0.7726535194367811
190759,0.5837351889137856
190760,0.30675708227850973
190761,0.5689865967339481
190762,0.995273178469328
190763,0.18026915612600616
190764,0.2399861831370642
190765,0.28151858231714244
190766,0.6754537066916341
190767,0.21287058962553576
190768,0.6504515478068003
190769,0.5361806373028029
190770,0.9721481131346554
190771,0.0993223374132469
190772,0.5591920771199113
190773,0.5137055099285978
190774,0.9914008208307389
190775,0.19912644702096619
190776,0.059494320996632134
190777,0.35028474554701594
190778,0.883065707364297
190779,0.19547679539680304
190780,0.023824998522868273
190781,0.23352316369801066
190782,0.03623745006158503
190783,0.09375014203189695
190784,0.04652737693220193
190785,0.7683448398107454
190786,0.9074315633507711
190787,0.8983506119870376
190788,0.6235950204753183
190789,0.7545597920198527
190790,0.5012657882656656
190791,0.957726762445403
190792,0.6793215193095204
190793,0.9222301507583367
190794,0.98590134578063
190795,0.38461328691352187
190796,0.5269678803386949
190797,0.7852341367414929
190798,0.35404347766804073
190799,0.6411024402216152
190800,0.5108466919066816
190801,0.5764767908517824
190802,0.6542511851141483
190803,0.38643129519454955
190804,0.9627671904045524
190805,0.15237636407433836
190806,0.2518895923570932
190807,0.5727953240827012
190808,0.7787620272610342
190809,0.90719976729494
190810,0.42978624767635815
190811,0.13011030765245135
190812,0.6356984106062603
190813,0.9924916257993555
190814,0.9408692806595734
190815,0.8743392676153641
190816,0.9153853495802674
190817,0.540348421287059
190818,0.4000436321987446
190819,0.8914467255398348
190820,0.5188550183846088
190821,0.8607269306111689
190822,0.15735316174365174
190823,0.8454420259884283
190824,0.9489276023652288
190825,0.6051195113193741
190826,0.6673635698410607
190827,0.6947064143877175
190828,0.626067511737516
190829,0.7606364846991878
190830,0.01767104049158944
190831,0.45101149435735677
190832,0.9290067766258675
190833,0.22297417064734731
190834,0.02512032942310052
190835,0.8012780598215624
190836,0.4034205825807536
190837,0.8532367364933348
190838,0.42838183627926424
190839,0.15968930238477236
190840,0.284541021084351
190841,0.32047849977956644
190842,0.7821253425809355
190843,0.09315474431986037
190844,0.733366360483772
190845,0.5075515518973189
190846,0.5527063325773449
190847,0.46540557492239376
190848,0.4359356606869344
190849,0.4455801946177865
190850,0.21327509646806442
190851,0.4970025588466555
190852,0.561337326891524
190853,0.3603337863203967
190854,0.9089496002654293
190855,0.5391939860286064
190856,0.8613132382818004
190857,0.8709668622540576
190858,0.5679230618895469
190859,0.49745706091691244
190860,0.5690456820030816
190861,0.11707973329818518
190862,0.136055194731412
190863,0.14107289758704852
190864,0.8635312083846542
190865,0.2856227360115625
190866,0.23312320187618457
190867,0.47218674581062714
190868,0.6704405488567
190869,0.041446043786729454
190870,0.8127769621990628
190871,0.4951709155035201
190872,0.4759272978488417
190873,0.4344857990828148
190874,0.2652837683675649
190875,0.21226610187209402
190876,0.2372500806741175
190877,0.08822339685757268
190878,0.02579299248708078
190879,0.9750841965085152
190880,0.13236463792092573
190881,0.5700274064748365
190882,0.21411592529803974
190883,0.5686593552433632
190884,0.8175355988746529
190885,0.6636684680098719
190886,0.8107589730071221
190887,0.6179410147213221
190888,0.1106348939419419
190889,0.6338122270146941
190890,0.47782711650251564
190891,0.5654233005031338
190892,0.9177578503870085
190893,0.08822794187827525
190894,0.17733761777284898
190895,0.8451465996427614
190896,0.3986710359465687
190897,0.7602137977738489
190898,0.9369469277932562
190899,0.15439435326627915
190900,0.6729221301603029
190901,0.5251816872025853
190902,0.22052894950936502
190903,0.7146363301684839
190904,0.6370073765686004
190905,0.08544638920830283
190906,0.7503874630148941
190907,0.5868803432399634
190908,0.5244999340971997
190909,0.9821244335767949
190910,0.9499365969611991
190911,0.0314015480340513
190912,0.48613995936751486
190913,0.581503583748824
190914,0.10655346535103467
190915,0.3490757700401325
190916,0.2962989896418978
190917,0.03680103262870362
190918,0.7860476954472527
190919,0.9858877107185223
190920,0.4909167761259153
190921,0.3932988214761318
190922,0.6085964521568397
190923,0.8848064502933811
190924,0.891192204380491
190925,0.3998300162257239
190926,0.4247594547793165
190927,0.3723099158716668
190928,0.34115834397625683
190929,0.19279068816158457
190930,0.9271614982206244
190931,0.13706418932738237
190932,0.9643897627953696
190933,0.13334181737197814
190934,0.7167224946709632
190935,0.3520027633725871
190936,0.3855677412610614
190937,0.3978074820130806
190938,0.3682057621772467
190939,0.6355984201508038
190940,0.5411756150549266
190941,0.7466787261215975
190942,0.329368560273792
190943,0.16894296453520347
190944,0.39104903622836
190945,0.6562191790783607
190946,0.04500479499684121
190947,0.7128137768667536
190948,0.0425641188795615
190949,0.603242417769213
190950,0.5990564537021467
190951,0.7163543479940552
190952,0.4293771958131269
190953,0.02383863358497598
190954,0.41549215756677765
190955,0.27939151262834
190956,0.11320283063889355
190957,0.488703351043764
190958,0.2555119738570409
190959,0.5641416046650093
190960,0.4525295312720149
190961,0.11253925761631844
190962,0.8410606260311516
190963,0.8786570372828049
190964,0.2561664568382109
190965,0.9785020520768473
190966,0.8660809649987956
190967,0.9162398134723504
190968,0.7913926397934743
190969,0.16367528554092564
190970,0.2901723017348344
190971,0.5463251235109376
190972,0.046541011994309635
190973,0.0914185464114789
190974,0.7666949972957127
190975,0.4558746665091059
190976,0.6699860467864431
190977,0.4291999400057267
190978,0.5319674031115212
190979,0.26674272001308963
190980,0.9636443794001481
190981,0.31129755796037645
190982,0.9162489035137555
190983,0.48610359920189433
190984,0.6313488257939015
190985,0.32465537380522763
190986,0.030969771067307215
190987,0.12658791660796018
190988,0.5453115838942646
190989,0.29708527822344233
190990,0.677912562891724
190991,0.8178719304066431
190992,0.1609709982228969
190993,0.5020020816194818
190994,0.8046868253484895
190995,0.6415523972711696
190996,0.712282009444553
190997,0.330350284745547
190998,0.7492103026529287
190999,0.18357338617677404
191000,0.6696860754200736
191001,0.1892773871584985
191002,0.4899577767576731
191003,0.780061903181969
191004,0.8940282972988942
191005,0.2524077247171861
191006,0.6356256902750193
191007,0.7777212175201458
191008,0.842524122697379
191009,0.42876361801828006
191010,0.3869539725753451
191011,0.3097658859836106
191012,0.15242635930206663
191013,0.11074397443880356
191014,0.859386149503911
191015,0.5932570072856682
191016,0.0783607019329973
191017,0.11377095822671471
191018,0.0296244449393467
191019,0.42914994477799845
191020,0.2879952368183037
191021,0.09742251875957295
191022,0.11303466487289848
191023,0.9296703496484428
191024,0.34560337422336956
191025,0.14962662654928394
191026,0.5182459856104644
191027,0.7739170351920953
191028,0.7271760422868726
191029,0.9145717908745075
191030,0.8446966425932071
191031,0.8851200567218583
191032,0.9805927616000291
191033,0.6944518932283738
191034,0.34788042959535675
191035,0.6165184232414179
191036,0.5241726926066149
191037,0.19762204516841575
191038,0.14025024883988346
191039,0.8466737265988247
191040,0.215379441053354
191041,0.11557987646633729
191042,0.39503047436381067
191043,0.974188827430109
191044,0.3252144113516437
191045,0.8780798196535785
191046,0.32268283482031257
191047,0.8630948863972076
191048,0.9222301507583367
191049,0.8837610955317903
191050,0.0653301275787311
191051,0.5244681189522818
191052,0.786552192745238
191053,0.7038600860826921
191054,0.3030028951781875
191055,0.4123197331163843
191056,0.3607064780180073
191057,0.9481731289286023
191058,0.44868898877834384
191059,0.705232682334868
191060,0.06719358606678452
191061,0.5869439735297994
191062,0.2063484849173488
191063,0.9616400252703151
191064,0.25564832447811797
191065,0.3754596152185473
191066,0.6786806713904583
191067,0.8202580662754919
191068,0.7482513032846865
191069,0.1255471068670718
191070,0.5492293917398794
191071,0.608919148626722
191072,0.9730843873993846
191073,0.26207952877225354
191074,0.00590398189263752
191075,0.41521491130392096
191076,0.13057389976411343
191077,0.20114443621290698
191078,0.1892046668272574
191079,0.5555742406406662
191080,0.04260047904518205
191081,0.08705532653701237
191082,0.3005031337917744
191083,0.58140813831407
191084,0.5864076610868963
191085,0.9738843110430369
191086,0.5032110571263652
191087,0.05737179632853228
191088,0.6712041123347318
191089,0.9865103785547743
191090,0.2573754323450943
191091,0.31991037219174534
191092,0.6680816831120666
191093,0.6100963089886874
191094,0.8729939414874035
191095,0.5033564977888474
191096,0.4269365196958472
191097,0.7468150767426746
191098,0.3071206839347153
191099,0.6099145081605847
191100,0.4756955017930107
191101,0.8710123124610832
191102,0.1853277641679658
191103,0.7735761586394025
191104,0.5785947704991796
191105,0.19626308397834752
191106,0.9369105676276356
191107,0.08815522154703415
191108,0.5839033546797805
191109,0.5183187059417056
191110,0.284181964448848
191111,0.9694938210443549
191112,0.7156135096195363
191113,0.5410710795787675
191114,0.810359011185296
191115,0.7784711459360697
191116,0.6827530099399602
191117,0.03634198553774413
191118,0.740574763318047
191119,0.3000986269492458
191120,0.6213770503724645
191121,0.89883238418151
191122,0.6079874193826953
191123,0.7768849337108731
191124,0.531431090668618
191125,0.4113561887274396
191126,0.5671549533908127
191127,0.7335617963739826
191128,0.4433531344735275
191129,0.45034337631407906
191130,0.41995082287599816
191131,0.8897923380040996
191132,0.44453029483549295
191133,0.7988282936628777
191134,0.934447166406843
191135,0.033492257557233174
191136,0.39957095004567744
191137,0.39878011644343037
191138,0.6652774053385814
191139,0.5137327800528132
191140,0.32674608332840954
191141,0.510314924484481
191142,0.5684866444566655
191143,0.5468659809745433
191144,0.36910113125565286
191145,0.8267483558387608
191146,0.05440389780975453
191147,0.744615286722631
191148,0.41732380090991317
191149,0.3476440885188232
191150,0.23075070106944337
191151,0.44860263338499506
191152,0.5730498452420452
191153,0.10426277491693975
191154,0.41989173760686477
191155,0.515264452029579
191156,0.25415755768767523
191157,0.880829557178633
191158,0.19325882529394922
191159,0.37355525154417074
191160,0.888901513946396
191161,0.9509774067020875
191162,0.7763213511437546
191163,0.013353270824148604
191164,0.5054244822085165
191165,0.5511155753314457
191166,0.5765767813072389
191167,0.2794051476904477
191168,0.09595447707264305
191169,0.22624204053249464
191170,0.12333822680562309
191171,0.15407620181709927
191172,0.7801346235132101
191173,0.2994032387817526
191174,0.4809722708286936
191175,0.18677308075138283
191176,0.46546466019152716
191177,0.7833843133155471
191178,0.48190400007272033
191179,0.510705796264902
191180,0.8692579344698915
191181,0.9812245194776863
191182,0.8250712431995127
191183,0.02274328359565678
191184,0.3591475359170261
191185,0.1627935515246272
191186,0.4703641925088969
191187,0.6781170888233397
191188,0.45039337154180736
191189,0.8541275605510383
191190,0.3872130387553915
191191,0.6510469455188369
191192,0.8841292422086983
191193,0.7077460787833889
191194,0.6571736334259002
191195,0.773930670254203
191196,0.8023143245417483
191197,0.13470532358274892
191198,0.6282400316333442
191199,0.4518477781666295
191200,0.21183432490534995
191201,0.8563818908195127
191202,0.38956281445861984
191203,0.14854945664277502
191204,0.3066480017816481
191205,0.5083196603960531
191206,0.3377223083251144
191207,0.5956704132787325
191208,0.449679803291504
191209,0.6346576008653719
191210,0.24508569636534694
191211,0.33157744033524067
191212,0.7236172910767609
191213,0.7793119747660451
191214,0.5410801696201727
191215,0.941560123806364
191216,0.4106108053322183
191217,0.6854936574236096
191218,0.23580476409070042
191219,0.03979620127169679
191220,0.4059430690706796
191221,0.3725553469896055
191222,0.4383081614936756
191223,0.7621499765931434
191224,0.0725567104958163
191225,0.8417832843228601
191226,0.8059821562487218
191227,0.5108830520723022
191228,0.80226432931402
191229,0.5426572918039642
191230,0.36056558237622766
191231,0.6231996036741948
191232,0.757109548633994
191233,0.08949600265429208
191234,0.9700028633630426
191235,0.7940151167388567
191236,0.23943169061135075
191237,0.47449561632753234
191238,0.13975029656260085
191239,0.8386426750173847
191240,0.5833170470091492
191241,0.4944800723567296
191242,0.0785379577403975
191243,0.7956422341503766
191244,0.576754037114639
191245,0.20601215338535867
191246,0.43213147835888394
191247,0.709695892664791
191248,0.6252448629903509
191249,0.38310434004026883
191250,0.8772344458029006
191251,0.6184000618122816
191252,0.3918125997063916
191253,0.7627999145536108
191254,0.4453983937896837
191255,0.8856972743510847
191256,0.23309138673126656
191257,0.8455965566923157
191258,0.11095304539112176
191259,0.6253857586321306
191260,0.2773008031051581
191261,0.8466510014953118
191262,0.6227723717281533
191263,0.7792983397039374
191264,0.6767172224469482
191265,0.3211738879470596
191266,0.43149972048122676
191267,0.7202539757568596
191268,0.7961740015725772
191269,0.1453224919439508
191270,0.6080146895069107
191271,0.5436662863999345
191272,0.8225896618959099
191273,0.08002417951013767
191274,0.2955490612259739
191275,0.49424373128019594
191276,0.4161875457342708
191277,0.28352748146767803
191278,0.6370028315478977
191279,0.38309524999886374
191280,0.7810618077365342
191281,0.3866449111675703
191282,0.8545366124142696
191283,0.3670376918566864
191284,0.4299407783802455
191285,0.4512705605374032
191286,0.46077419882647563
191287,0.9592811595256816
191288,0.5208230123488213
191289,0.7814390444548475
191290,0.8848200853554888
191291,0.7463514846310124
191292,0.9356606869344289
191293,0.7715218092818413
191294,0.5065425573013485
191295,0.42318687761622753
191296,0.1048763527117866
191297,0.28847246399207344
191298,0.17318346885070063
191299,0.37007831070670527
191300,0.12303371041855095
191301,0.5640279791474451
191302,0.04664100244976616
191303,0.17229264479299705
191304,0.7376841301512128
191305,0.5360397416610233
191306,0.8586407661086897
191307,0.24186327668722532
191308,0.15716227087414383
191309,0.5868439830743429
191310,0.4099881374959663
191311,0.31639252616795666
191312,0.8453465805536744
191313,0.7674222006081238
191314,0.3717326982424405
191315,0.6142322778280255
191316,0.0019043636743765369
191317,0.20408960962817185
191318,0.6146049695256361
191319,0.3998845564741547
191320,0.5146281491312193
191321,0.7297621590666346
191322,0.6931747424109517
191323,0.34162193608791885
191324,0.8826566555010659
191325,0.4051567804891351
191326,0.9698983278868836
191327,0.41166979515591695
191328,0.27066052785870437
191329,0.6891887592547984
191330,0.3182468946146049
191331,0.40879734207189317
191332,0.04144149876602688
191333,0.6561646388299298
191334,0.7853932124660827
191335,0.8329750342012808
191336,0.08325114420896186
191337,0.8196853936669681
191338,0.7655178369337472
191339,0.9470868689806883
191340,0.22778280255066563
191341,0.6457656314624514
191342,0.8713304639102631
191343,0.8684352857227265
191344,0.8780070993223374
191345,0.8155176096827121
191346,0.45950159302975624
191347,0.7599774566973153
191348,0.8854609332745511
191349,0.7626862890360465
191350,0.2722103799182805
191351,0.6617959194804132
191352,0.5607237490966772
191353,0.7926697906108963
191354,0.5258407152044579
191355,0.6650546993241554
191356,0.899095995382259
191357,0.22011535262543122
191358,0.04534567154953391
191359,0.1569441098804205
191360,0.3958894832765963
191361,0.14718140541130165
191362,0.23716827030147122
191363,0.2117979647397294
191364,0.4397125728907695
191365,0.5669095222728741
191366,0.3023484121970175
191367,0.5602465219229074
191368,0.2482581208157403
191369,0.3442625931161116
191370,0.927661450497907
191371,0.7787574822403317
191372,0.411088032505988
191373,0.2712695606328487
191374,0.33887219856286444
191375,0.9666940882915721
191376,0.14369991955313358
191377,0.2847091868503461
191378,0.7993918762299963
191379,0.7886928974961481
191380,0.8180219160898278
191381,0.6095281814008663
191382,0.0653028574545157
191383,0.8827202857909019
191384,0.9361515491703065
191385,0.20077174451529628
191386,0.07124774453347635
191387,0.856304625467569
191388,0.8699533226373847
191389,0.10601715290813149
191390,0.568713895491794
191391,0.4937755941478313
191392,0.6081374050658801
191393,0.734738956735948
191394,0.9587357570413734
191395,0.9549179396512152
191396,0.35783402493398353
191397,0.9955731498356974
191398,0.29232664154785226
191399,0.946941428318206
191400,0.2989760068357111
191401,0.7293440171619981
191402,0.1883911081214975
191403,0.5738452238649948
191404,0.5687911608437377
191405,0.6203180605487659
191406,0.5180232795960387
191407,0.9560269247026421
191408,0.9390603624199508
191409,0.7953649878875199
191410,0.09723162789006504
191411,0.5797083005713091
191412,0.7540871098667854
191413,0.2718513232827775
191414,0.06667999872739419
191415,0.4385172324459938
191416,0.14976297717036102
191417,0.37641861458678944
191418,0.37262806732084663
191419,0.2430631621527036
191420,0.7843933079115175
191421,0.3102294780952727
191422,0.27961876366346844
191423,0.2463537571413638
191424,0.10562173610700797
191425,0.720903913717327
191426,0.873939305793538
191427,0.7509964957890383
191428,0.5004295044563929
191429,0.49994773226192046
191430,0.0438367246762809
191431,0.22480581399048272
191432,0.09521818371882683
191433,0.28056412796960284
191434,0.6981060898732394
191435,0.7942605478567956
191436,0.5567559460233341
191437,0.3083069343380859
191438,0.5607828343658106
191439,0.6911158480326878
191440,0.5435481158616678
191441,0.4921621117984192
191442,0.7911017584685098
191443,0.019007276578144817
191444,0.17406520286699906
191445,0.2914812676971743
191446,0.08046959153898944
191447,0.046541011994309635
191448,0.648006326668818
191449,0.5334763499847742
191450,0.5324173601610755
191451,0.16063466669090679
191452,0.17622408770071948
191453,0.4131696519877648
191454,0.10039950731975585
191455,0.3222919630398916
191456,0.1897818844564837
191457,0.42540030269837875
191458,0.2035669322473764
191459,0.10403552388181127
191460,0.09014139559405691
191461,0.8024143149972048
191462,0.9044091245835625
191463,0.9764840628849064
191464,0.3485349125765268
191465,0.9774976025015795
191466,0.17409701801191707
191467,0.7250262474945574
191468,0.32151476449975225
191469,0.7613636880115988
191470,0.2835865667368115
191471,0.774289726889706
191472,0.2705105421755196
191473,0.8050640620668028
191474,0.9470414187736625
191475,0.08751891864867443
191476,0.5451843233145928
191477,0.2761054626603824
191478,0.2060212434267638
191479,0.9914235459342517
191480,0.48180855463796635
191481,0.9181305420846192
191482,0.508701442135069
191483,0.010235386622186062
191484,0.8537275987292122
191485,0.2171701792101663
191486,0.07000695388167492
191487,0.6800532676426342
191488,0.665281950359284
191489,0.9483185695910845
191490,0.8752528167765805
191491,0.8085591829870785
191492,0.04207325664368402
191493,0.09407738352248195
191494,0.1708609632716877
191495,0.1908499643215875
191496,0.5696410797151181
191497,0.31294285545470657
191498,0.6630185300494044
191499,0.7263533935397075
191500,0.8508778707487012
191501,0.7132910040405234
191502,0.43871721335690683
191503,0.9358788479281523
191504,0.7385840442503216
191505,0.38694488253393994
191506,0.8273892037578231
191507,0.3684602833365906
191508,0.6543420855281996
191509,0.35619781748105855
191510,0.08006962971716336
191511,0.9502411133482713
191512,0.1118938646765536
191513,0.8112725603465124
191514,0.12095209093677421
191515,0.4617104730912049
191516,0.50040677935288
191517,0.3390085491839415
191518,0.5489703255598329
191519,0.13447807254762045
191520,0.556842301416683
191521,0.3330500270428731
191522,0.8834838492689334
191523,0.7546643274960118
191524,0.5937115093559251
191525,0.5834443075888212
191526,0.3545479749660259
191527,0.23928170492816594
191528,0.12576526786079512
191529,0.3225146690543175
191530,0.23660014271365007
191531,0.19123629108130588
191532,0.544116243449489
191533,0.4919712209289113
191534,0.3631289740524768
191535,0.15472159475686412
191536,0.6658364428849973
191537,0.5082696651683248
191538,0.9940142077347163
191539,0.8310752155476068
191540,0.3811181659932461
191541,0.5425391212656975
191542,0.16592961580940002
191543,0.7396975743224511
191544,0.7151999127356026
191545,0.4607605637643679
191546,0.1533762686289036
191547,0.06537103276505424
191548,0.7803618745483386
191549,0.47294121924725363
191550,0.29149035773857945
191551,0.16337985919525863
191552,0.7409883602019808
191553,0.3575431436090191
191554,0.8825839351698248
191555,0.6319260434231279
191556,0.9993091568532095
191557,0.6199999090995859
191558,0.22569663804818632
191559,0.6975152371819053
191560,0.2706559828380018
191561,0.6224542202789733
191562,0.3310320378509324
191563,0.5279859649760705
191564,0.9744478936101555
191565,0.10554447075506429
191566,0.2859408874607423
191567,0.7908699624126788
191568,0.9337063280323242
191569,0.5018657309984048
191570,0.8136041559669305
191571,0.12190654528431377
191572,0.25008976415887574
191573,0.14193645152053666
191574,0.8723621836097464
191575,0.5327627817344709
191576,0.19672213106930703
191577,0.501388503824635
191578,0.830557083187514
191579,0.5355625144872536
191580,0.11030310743065434
191581,0.11080305970793697
191582,0.6434885760904642
191583,0.36427431926952425
191584,0.5553742597297531
191585,0.7650860599670032
191586,0.027511010312651976
191587,0.6493516527967785
191588,0.5059289795065016
191589,0.5488612450629713
191590,0.7106139868467101
191591,0.06867071779511955
191592,0.10575354170738246
191593,0.8105817171997219
191594,0.3465441935088014
191595,0.9336790579081088
191596,0.11249380740929274
191597,0.9551224655828308
191598,0.1939723935442526
191599,0.8396243994891397
191600,0.048518095999927284
191601,0.5306811622526941
191602,0.011476177273987483
191603,0.08011962494489161
191604,0.9676758127633271
191605,0.13460078810658985
191606,0.9625626644729367
191607,0.5353443534935303
191608,0.2878634312179292
191609,0.9154217097458879
191610,0.7181723562750828
191611,0.21737016012107935
191612,0.48199490048677174
191613,0.4239004458665309
191614,0.6099235982019898
191615,0.395048654446621
191616,0.027451925043518576
191617,0.19405420391689884
191618,0.8331522900086811
191619,0.1718972279918735
191620,0.9692665700092263
191621,0.514050931501993
191622,0.9420600760836466
191623,0.3801409865421937
191624,0.5815899391421728
191625,0.1281923089159671
191626,0.7929743069979683
191627,0.636957381340872
191628,0.07709264115698046
191629,0.744901623026893
191630,0.2529531272014944
191631,0.2201789829152672
191632,0.37100094990932686
191633,0.5200821739743025
191634,0.2082028533639971
191635,0.01649842515032656
191636,0.20230796151276467
191637,0.3929443098613314
191638,0.8334113561887275
191639,0.6155866939973912
191640,0.7728989505547198
191641,0.7322119252253194
191642,0.5750223842269603
191643,0.34507160680116894
191644,0.45780630030769787
191645,0.8212034305816264
191646,0.66288672444903
191647,0.12218379154717049
191648,0.3124792633430445
191649,0.29811245290222294
191650,0.5210775335081651
191651,0.9526363392585254
191652,0.8164856990923595
191653,0.651056035560242
191654,0.5990473636607415
191655,0.8038959917462424
191656,0.9749660259702483
191657,0.7349934778952918
191658,0.22027442835002112
191659,0.42979079269706066
191660,0.000831738788570182
191661,0.5429708982324415
191662,0.3401357143181787
191663,0.09499093268369838
191664,0.9174760591034492
191665,0.3201194431440635
191666,0.9761113711872959
191667,0.19851286922611935
191668,0.5269815154008026
191669,0.2560028360929184
191670,0.4975979565586921
191671,0.18118725030792515
191672,0.07575640507042508
191673,0.8034687598002009
191674,0.9708845973793411
191675,0.1082669381559033
191676,0.3541843733098204
191677,0.23769549270296927
191678,0.22164702460219707
191679,0.4674917394248731
191680,0.9974002481581304
191681,0.05993518800478136
191682,0.365901436681044
191683,0.5174960571945405
191684,0.041664204780452775
191685,0.5555606055785585
191686,0.9573222556028743
191687,0.6910158575772313
191688,0.5864303861904092
191689,0.10143122701923907
191690,0.364783361588212
191691,0.39296703496484425
191692,0.6719358606678453
191693,0.6067602637930016
191694,0.624981251789602
191695,0.08912785597738397
191696,0.8040550674708324
191697,0.5687048054503888
191698,0.393866949063953
191699,0.769435644779362
191700,0.5820535312538349
191701,0.8966825893891947
191702,0.3671558623949532
191703,0.8981597211175297
191704,0.5299039637125547
191705,0.18794115107194312
191706,0.7878611587075779
191707,0.8430877052644975
191708,0.8682171247290033
191709,0.4801405320401234
191710,0.3097795210457184
191711,0.937919562223606
191712,0.31234745774267003
191713,0.9074815585784993
191714,0.8355884211052582
191715,0.2688970598261075
191716,0.4423668649810699
191717,0.8214352266374574
191718,0.9796473972938947
191719,0.9525590739065817
191720,0.8058912558346704
191721,0.694933665422846
191722,0.001772558074002027
191723,0.07516555237909107
191724,0.22872816685680003
191725,0.33125019884465573
191726,0.5186823075979111
191727,0.08670990496361711
191728,0.26065693729234934
191729,0.3813045118420514
191730,0.3633834952118207
191731,0.17721035719317701
191732,0.7962921721108439
191733,0.5401984356038743
191734,0.8785888619722663
191735,0.07716990650892414
191736,0.29825789356470517
191737,0.7704491843960349
191738,0.8157857659041637
191739,0.4919212257011831
191740,0.7616909295021839
191741,0.7097458878925195
191742,0.762881724926257
191743,0.917203357861295
191744,0.28013235100285877
191745,0.678239804382309
191746,0.798096545329764
191747,0.9194758682125798
191748,0.18937283259325247
191749,0.6177773939760296
191750,0.29735797946559644
191751,0.7407202039805291
191752,0.696569872875771
191753,0.1417546506924339
191754,0.07706082601206247
191755,0.5875939114902669
191756,0.5400120897550689
191757,0.4625513019211802
191758,0.6418523686375391
191759,0.731889228755437
191760,0.7766622276964472
191761,0.6813713236463792
191762,0.1703428309115948
191763,0.2891360370146486
191764,0.08148767617636497
191765,0.011998854654782953
191766,0.6409751796419433
191767,0.008812795142281872
191768,0.9398966462292235
191769,0.9738070456910931
191770,0.3548388562909904
191771,0.18842292326641547
191772,0.3545979701937542
191773,0.40684298316978834
191774,0.5854441166979515
191775,0.9200439958004009
191776,0.5650369737434154
191777,0.14484526477018103
191778,0.08366474109289566
191779,0.1518991369005686
191780,0.01720744837992737
191781,0.8741574667872613
191782,0.4808813704146422
191783,0.7757759486594462
191784,0.7895428163675287
191785,0.4637466423659559
191786,0.49272114934483524
191787,0.8728303207421111
191788,0.4305498111543898
191789,0.001636207452924948
191790,0.2672835774766954
191791,0.6385254134832585
191792,0.7770076492698424
191793,0.3414674053840315
191794,0.5301266697269806
191795,0.16674771953586248
191796,0.6546420568945692
191797,0.7223765004249594
191798,0.724439939823926
191799,0.32693697419791745
191800,0.2251057853568523
191801,0.9851786874889216
191802,0.2834093109294113
191803,0.6375618690943137
191804,0.27549188486553555
191805,0.14911758423059618
191806,0.829511728425923
191807,0.38772208107407924
191808,0.8806295762677199
191809,0.8646174683325683
191810,0.48955781493584705
191811,0.5854986569463824
191812,0.8798978279346064
191813,0.06350757427700082
191814,0.46389208302843815
191815,0.18934101744833448
191816,0.29618536412433355
191817,0.7684902804732275
191818,0.9368287572549893
191819,0.7327618727303303
191820,0.8574454256639139
191821,0.2772553528981324
191822,0.7099595038655401
191823,0.7084460119715845
191824,0.8712577435790221
191825,0.6470155121556579
191826,0.5762677198994642
191827,0.3178378427513737
191828,0.8079137900473137
191829,0.2368773889765068
191830,0.9796973925216229
191831,0.9410329014048658
191832,0.43305411756150547
191833,0.1995400439049
191834,0.7125138055003841
191835,0.1733925398030188
191836,0.7162361774557883
191837,0.7147954058930739
191838,0.942869089768704
191839,0.9123401857095459
191840,0.5828170947318666
191841,0.9668077138091364
191842,0.20894823675921845
191843,0.5309584085155508
191844,0.9683166606823895
191845,0.19121356597779304
191846,0.9154898850564265
191847,0.9279977820298971
191848,0.354747955876939
191849,0.9791019948095865
191850,0.37170088309752247
191851,0.8802568845701092
191852,0.4822812367910336
191853,0.8766345030701616
191854,0.2236286536285173
191855,0.5334854400261793
191856,0.8504370037405521
191857,0.7281350416551148
191858,0.7573095295449072
191859,0.09661805009521818
191860,0.441121529308566
191861,0.546943246326487
191862,0.7766258675308266
191863,0.820562582662564
191864,0.7444653010394463
191865,0.9068270755973293
191866,0.048572636248358114
191867,0.1628390017316529
191868,0.7943832634157649
191869,0.12332913676421794
191870,0.5845669277023557
191871,0.8973825225773904
191872,0.7039328064139333
191873,0.9765840533403629
191874,0.4699415055835579
191875,0.027151953677149003
191876,0.7128592270737794
191877,0.0446366483199331
191878,0.13662786733993573
191879,0.21914271819508138
191880,0.01795737679585131
191881,0.60238795387713
191882,0.388949236663773
191883,0.9312338367701266
191884,0.007481104076429068
191885,0.07654723867267216
191886,0.7608728257757215
191887,0.9850105217229265
191888,0.5372259920643939
191889,0.6864253866676363
191890,0.019016366619549956
191891,0.49645261134164465
191892,0.028501824825812084
191893,0.8502142977261262
191894,0.9138218624585835
191895,0.07503829179941914
191896,0.19604946800532677
191897,0.4427350116579781
191898,0.5542425495748134
191899,0.8309979501956632
191900,0.9317610591716246
191901,0.5558514869035229
191902,0.7821026174774226
191903,0.5484158330341194
191904,0.6172047213675059
191905,0.2974852400452684
191906,0.13723690011408002
191907,0.3769640170710977
191908,0.410265383758823
191909,0.5431754241640572
191910,0.6012926038878107
191911,0.34600788106589825
191912,0.18595497702492036
191913,0.32560528313206466
191914,0.020566218679126086
191915,0.10792151658250802
191916,0.6376936746946883
191917,0.8517823298685125
191918,0.8029642625022158
191919,0.5564150694706415
191920,0.5776903113793683
191921,0.25674821948813975
191922,0.23443671285922707
191923,0.8887924334495344
191924,0.9042727739624854
191925,0.8189445552924495
191926,0.09792247103685557
191927,0.8786070420550767
191928,0.9382695288177039
191929,0.7401657114548158
191930,0.8002145249771614
191931,0.8475827307393385
191932,0.5795583148881244
191933,0.42974079746933247
191934,0.5383258870744156
191935,0.25266679089723254
191936,0.4127106048968053
191937,0.3829679894191918
191938,0.9948959417510148
191939,0.2874498343339954
191940,0.5990200935365261
191941,0.8463737552324552
191942,0.5568922966444112
191943,0.3717326982424405
191944,0.23477758941191978
191945,0.22765099695029112
191946,0.24237686402661565
191947,0.5689593266097327
191948,0.7406065784629648
191949,0.7354207098413333
191950,0.7785756814122289
191951,0.6872344003526937
191952,0.8227305575376896
191953,0.3467759895646324
191954,0.8748619449961594
191955,0.6656637320982998
191956,0.9953186286763537
191957,0.31291558533049113
191958,0.9843014984933256
191959,0.03178787479376969
191960,0.10569445643824907
191961,0.7531372005399485
191962,0.3281823098704214
191963,0.3118020552583617
191964,0.8906104417305621
191965,0.587380295517246
191966,0.5407983783366134
191967,0.8441148799432782
191968,0.9962094527340571
191969,0.7885247317301531
191970,0.3758459419782657
191971,0.9698028824521296
191972,0.9024774907849705
191973,0.08646901886638092
191974,0.8675717317892384
191975,0.34111743878993367
191976,0.2865726453383995
191977,0.6192454356629595
191978,0.036932838229078134
191979,0.14733139109448645
191980,0.08219669940596579
191981,0.38804932256466423
191982,0.6422250603351498
191983,0.3263279414237732
191984,0.6748401288967871
191985,0.731816508424196
191986,0.9372423541389231
191987,0.016012107935151645
191988,0.21904272773962488
191989,0.48008144677099
191990,0.5031201567123138
191991,0.6623504120061267
191992,0.8957781302693834
191993,0.7611682521213884
191994,0.2243967621272515
191995,0.14588152949036684
191996,0.7132819139991183
191997,0.8977415792128933
191998,0.10710341285604555
191999,0.12729693983756096
192000,0.04550474727412383
192001,0.11358915739861195
192002,0.9086269037955468
192003,0.44950709250480636
192004,0.8374836947382296
192005,0.5613964121606574
192006,0.12753782593479715
192007,0.787765713272824
192008,0.3916535239818017
192009,0.9019048181764469
192010,0.6377345798810115
192011,0.5656278264347494
192012,0.7893428354566155
192013,0.8269119765840534
192014,0.42538212261556846
192015,0.12087482558483052
192016,0.31075670049677073
192017,0.17453788502006626
192018,0.43025438480872275
192019,0.34927575095104557
192020,0.23854541157434972
192021,0.5445025702092073
192022,0.030497088914240005
192023,0.6747128683171153
192024,0.6144413487803437
192025,0.978915648960781
192026,0.6525058971643616
192027,0.31924225414846763
192028,0.12740147531372006
192029,0.2385772267192677
192030,0.37906836165638735
192031,0.4709823153244463
192032,0.59600219979002
192033,0.6866753628062776
192034,0.5812263374859673
192035,0.67993964212507
192036,0.9686529922143795
192037,0.8368155766949519
192038,0.9727707809709074
192039,0.6689497820662573
192040,0.37137818662764005
192041,0.10730339376695859
192042,0.9549679348789434
192043,0.011507992418905467
192044,0.8419241799646398
192045,0.10572627158316705
192046,0.6851664159330246
192047,0.10807604728639539
192048,0.8187127592366183
192049,0.17196994832311463
192050,0.2597570231932406
192051,0.25582558028551816
192052,0.08146040605214956
192053,0.8412333368178493
192054,0.264206598461056
192055,0.6330668436194727
192056,0.16612959672031308
192057,0.33528617722853726
192058,0.40353420809831786
192059,0.24806722994623243
192060,0.2722331050217934
192061,0.03569659259797928
192062,0.4901532126478836
192063,0.6606187591184479
192064,0.3000622667836252
192065,0.15280814104108245
192066,0.7437562778098454
192067,0.23208693715599876
192068,0.5843533117293349
192069,0.9551860958726668
192070,0.9695801764377037
192071,0.8158130360283791
192072,0.7864794724139968
192073,0.31004313224646735
192074,0.8934601697110731
192075,0.32635975656869115
192076,0.12065211957040464
192077,0.06322578299344152
192078,0.8958190354557065
192079,0.22728739529408556
192080,0.7334254457529055
192081,0.9120629394466891
192082,0.7235536607869248
192083,0.16577963012621522
192084,0.45542016443884903
192085,0.9131219292703878
192086,0.5424800359965639
192087,0.5306357120456684
192088,0.6628276391798964
192089,0.5179505592647975
192090,0.8426241131528355
192091,0.1972857136364256
192092,0.15345353398084727
192093,0.053503983710645804
192094,0.9780884551929134
192095,0.431286104508206
192096,0.42424132241922363
192097,0.7704082792097119
192098,0.11961130982951626
192099,0.8760118352339096
192100,0.7568050322469219
192101,0.4532703696465337
192102,0.5042927720535767
192103,0.8371246381027265
192104,0.5331809236391073
192105,0.25834352175474157
192106,0.4765272405815808
192107,0.2851500538584953
192108,0.7069097949741161
192109,0.6293262915812582
192110,0.07272487626181137
192111,0.4004208689170579
192112,0.24768999322791915
192113,0.05797173906127143
192114,0.189113766413206
192115,0.6985378668399834
192116,0.17683312047486377
192117,0.40165256952745415
192118,0.07937878657037283
192119,0.08161493675603691
192120,0.5696410797151181
192121,0.9578812931492904
192122,0.7393976029560815
192123,0.5655641961449135
192124,0.20296244449393466
192125,0.04942255511973857
192126,0.816626594734139
192127,0.6590416369346562
192128,0.9071815872121298
192129,0.9467959876557238
192130,0.043173151653705784
192131,0.979170170120125
192132,0.8919375877757123
192133,0.548683989255571
192134,0.8670808695533608
192135,0.153435353898037
192136,0.49962503579203804
192137,0.16466155503338317
192138,0.9880465955522427
192139,0.6486062694015571
192140,0.6254721140254794
192141,0.852991305375396
192142,0.023629562632657794
192143,0.9460687843433128
192144,0.5361533671785875
192145,0.0292244831175206
192146,0.41791010858054456
192147,0.689529635807491
192148,0.3136382436221997
192149,0.6362256330077585
192150,0.04934528976779489
192151,0.4753046300125897
192152,0.45276132732784596
192153,0.9314974479708755
192154,0.9990682707559734
192155,0.6742265511019403
192156,0.3575249635262088
192157,0.2223242326868799
192158,0.4718095090923139
192159,0.44655737406883883
192160,0.5678685216411161
192161,0.5138827657359979
192162,0.09589993682421223
192163,0.9768703896446249
192164,0.8512732875498248
192165,0.5023202330686617
192166,0.45780630030769787
192167,0.052917676040014364
192168,0.6890433185923162
192169,0.649451643252235
192170,0.7332800050904232
192171,0.9736616050286109
192172,0.6313897309802247
192173,0.36554238004554107
192174,0.3720599397330255
192175,0.09124129060407869
192176,0.24769453824862173
192177,0.41858277164452484
192178,0.6127278759754752
192179,0.19572677153544435
192180,0.18020098081546762
192181,0.9748660355147918
192182,0.8427013785047792
192183,0.9081224064975617
192184,0.8102499306884343
192185,0.8589634625785721
192186,0.18042368682989351
192187,0.901186704905441
192188,0.3816772035396621
192189,0.9419010003590567
192190,0.2593297912471991
192191,0.5667231764240687
192192,0.43903081978538405
192193,0.6274173828861791
192194,0.2950672890315015
192195,0.91523081887638
192196,0.5552151840051631
192197,0.6808122860999632
192198,0.2692879316065285
192199,0.34991205384940527
192200,0.16869298839656216
192201,0.11282559392058031
192202,0.42555028838156356
192203,0.8784843264961072
192204,0.0698342430949773
192205,0.1644388490189573
192206,0.27083778366610456
192207,0.9774930574808768
192208,0.877029919871285
192209,0.8058503506483472
192210,0.8859018002827003
192211,0.36931474722867363
192212,0.599338244985706
192213,0.6004290499543226
192214,0.8141404684098337
192215,0.9917689675076471
192216,0.3006394844128515
192217,0.32410997132091934
192218,0.7192086209952687
192219,0.19984001527126957
192220,0.16522968262120435
192221,0.0860736020652574
192222,0.9397193904218234
192223,0.05502202062530395
192224,0.976679498775117
192225,0.12830593443353136
192226,0.8598406515741679
192227,0.9558405788538367
192228,0.7223128701351235
192229,0.4101063080342331
192230,0.4494798223805909
192231,0.7890974043386768
192232,0.6340440230705251
192233,0.61600938092273
192234,0.5873530253930307
192235,0.687261670476909
192236,0.5482113071025039
192237,0.06589825516655227
192238,0.6644320314879034
192239,0.4695779039273524
192240,0.7415246726448839
192241,0.9042500488589726
192242,0.4708641447861795
192243,0.3781775375986837
192244,0.22613750505633554
192245,0.16039832561437317
192246,0.5466387299394149
192247,0.7468605269497003
192248,0.5005249498911467
192249,0.19037273714781772
192250,0.30589807336572417
192251,0.5742770008317388
192252,0.8698078819749024
192253,0.23095068198035643
192254,0.5398802841546944
192255,0.8510005863076706
192256,0.0038769026592916133
192257,0.25751632798687396
192258,0.7404611378004827
192259,0.7404838629039956
192260,0.8155130646620096
192261,0.1017948286754446
192262,0.8059185259588858
192263,0.9448461737743216
192264,0.7185268678898833
192265,0.14937210538994006
192266,0.946550556537785
192267,0.5894573699783203
192268,0.6639138991278105
192269,0.6208498279709664
192270,0.21812463355770584
192271,0.7571459087996146
192272,0.23423673194831404
192273,0.7289985955886029
192274,0.7186314033660424
192275,0.8970643711282106
192276,0.7165316038014554
192277,0.5112693788320206
192278,0.788715622599661
192279,0.2701014903122883
192280,0.013162379954640693
192281,0.9081314965389669
192282,0.9573677058098999
192283,0.6491834870307834
192284,0.42055076560873733
192285,0.3105158143995345
192286,0.37978647492739326
192287,0.9914371809963595
192288,0.3082387590275474
192289,0.3576067738988551
192290,0.6626731084760091
192291,0.28925420755291537
192292,0.3959758386699451
192293,0.04578653855768313
192294,0.7756486880797742
192295,0.7668358929374923
192296,0.5591420818921831
192297,0.6534785315947114
192298,0.0894051022402407
192299,0.9368832975034201
192300,0.2781325418937283
192301,0.7317983283413856
192302,0.9627035601147164
192303,0.33569977411247104
192304,0.3506574372446266
192305,0.5507383386131324
192306,0.8114225460296972
192307,0.6025015793946942
192308,0.9982183518845928
192309,0.5012294281000451
192310,0.25242135977929375
192311,0.05458115361715472
192312,0.738420423505029
192313,0.6165229682621205
192314,0.24157239536226088
192315,0.5110057676312716
192316,0.9818062821276151
192317,0.3993891492175747
192318,0.6326850618804569
192319,0.09554997023011438
192320,0.7839069906963426
192321,0.6007608364656101
192322,0.024420396234904853
192323,0.6350439276250903
192324,0.904709095949932
192325,0.3201921634753046
192326,0.058958008553728965
192327,0.006194863217601956
192328,0.15320355784220596
192329,0.7853977574867854
192330,0.4964389762795369
192331,0.9890646801896184
192332,0.748773980665482
192333,0.6424704914530887
192334,0.7576458610768972
192335,0.6642547756805032
192336,0.5909663168515733
192337,0.21891092213925034
192338,0.9248208125588013
192339,0.43848541730107576
192340,0.42376409524545383
192341,0.010294471891319464
192342,0.6544693461078716
192343,0.34505342671835865
192344,0.8438012735148009
192345,0.8431286104508207
192346,0.34974843310411274
192347,0.4133559978365701
192348,0.17606955699683213
192349,0.519295885392758
192350,0.19008185582285328
192351,0.8910194935937933
192352,0.2969034773953395
192353,0.09155944205325856
192354,0.8584907804255049
192355,0.690175028747256
192356,0.35384349675712773
192357,0.11018039187168498
192358,0.7872839410783516
192359,0.34433076842665017
192360,0.10169483821998808
192361,0.7708718713213739
192362,0.38020916185273224
192363,0.4896578053913035
192364,0.16729766704087337
192365,0.8403288776980379
192366,0.24899441416955656
192367,0.5351580076447249
192368,0.448793524254503
192369,0.7335390712704697
192370,0.787765713272824
192371,0.26223860449684344
192372,0.3767913062844001
192373,0.7710218570045587
192374,0.28548638539048543
192375,0.5069970593716056
192376,0.6789670076947201
192377,0.9161080078719759
192378,0.42070075129192214
192379,0.6829302657473605
192380,0.8966416842028715
192381,0.7105776266810896
192382,0.0525858895287268
192383,0.9444780270974135
192384,0.26113870948682166
192385,0.5045382031715155
192386,0.3897264352039123
192387,0.7121320237613682
192388,0.03131064761999991
192389,0.5126965153326274
192390,0.9059907917880566
192391,0.0758427604637739
192392,0.23166879525136236
192393,0.07906518014189555
192394,0.6006790260929639
192395,0.34445348398561954
192396,0.5808354657055463
192397,0.3071434090382281
192398,0.11938860381509038
192399,0.009599083723826361
192400,0.9353425354852491
192401,0.4412487898882379
192402,0.33977665768267573
192403,0.8670036042014171
192404,0.4698642402316142
192405,0.08199217347435016
192406,0.40144349857513595
192407,0.13855041109712254
192408,0.33308184218779113
192409,0.666472745783357
192410,0.8638948100408598
192411,0.3409992682516669
192412,0.9210848055412892
192413,0.7068961599120084
192414,0.4388399289158762
192415,0.8895969021138892
192416,0.07580640029815336
192417,0.9640943364497025
192418,0.5015521245699275
192419,0.090868598906468
192420,0.755041564214325
192421,0.3113430081674022
192422,0.40853827589184666
192423,0.6073692965671459
192424,0.1380550038405425
192425,0.13331000222706016
192426,0.6340076629049046
192427,0.04488207943787184
192428,0.7760304698187901
192429,0.022825093968303026
192430,0.41272878497961557
192431,0.8204807722899178
192432,0.06909794974116107
192433,0.3207739261252335
192434,0.5453433990391826
192435,0.5478113452806778
192436,0.6291354007117503
192437,0.7106048968053049
192438,0.7745260679662396
192439,0.6951972766235951
192440,0.12904677280805016
192441,0.043036801032628705
192442,0.675094650056131
192443,0.3029438099090541
192444,0.9978320251248745
192445,0.25012612432449627
192446,0.8981915362624476
192447,0.9606128505915346
192448,0.6785306857072734
192449,0.9184714186373119
192450,0.07609273660241522
192451,0.6887342571845415
192452,0.11351189204666826
192453,0.664563837088278
192454,0.32227832797778394
192455,0.6739902100254067
192456,0.8582135341626482
192457,0.32655064743819906
192458,0.3158516687043509
192459,0.2990441821462496
192460,0.692106662545848
192461,0.09698165175142372
192462,0.2649019866285491
192463,0.39316701587575725
192464,0.4476890842237786
192465,0.38248167220401685
192466,0.0341558305798083
192467,0.7166906795260454
192468,0.7696447157316801
192469,0.9406692997486603
192470,0.3366724085428209
192471,0.23812726966971334
192472,0.39556678680671387
192473,0.7381204521386595
192474,0.6763899809563634
192475,0.2967943968984778
192476,0.3262461310511269
192477,0.275096468064412
192478,0.9833015939387604
192479,0.9248889878693398
192480,0.5165779630126215
192481,0.5291676703587385
192482,0.10824421305239044
192483,0.3873312092936583
192484,0.954645238409061
192485,0.2693606519377696
192486,0.16220724385399576
192487,0.6598688307025239
192488,0.05353579885556379
192489,0.3722690106853436
192490,0.5509655896482608
192491,0.061866821803373315
192492,0.7957240445230228
192493,0.8040959726571555
192494,0.24116334349902963
192495,0.8328295935387986
192496,0.02091618527322392
192497,0.33321364778816565
192498,0.008426468382563482
192499,0.47774530612986943
192500,0.6478245258407151
192501,0.875489157853114
192502,0.4491571259107085
192503,0.06981606301216702
192504,0.7574958753937124
192505,0.7282713922761919
192506,0.4452120479408784
192507,0.43542661836824664
192508,0.14689961412774236
192509,0.6705132691879412
192510,0.4366265038337249
192511,0.16895659959731119
192512,0.036128369564723366
192513,0.2048577181269061
192514,0.3386813076933565
192515,0.5182187154862491
192516,0.34209916326168865
192517,0.9987682993896038
192518,0.0048040868826157495
192519,0.45105694456438244
192520,0.5685411847050964
192521,0.22548302207516555
192522,0.9062225878438877
192523,0.40830647983601565
192524,0.9257979920098537
192525,0.7601956176910386
192526,0.4898032460537857
192527,0.34139468505279036
192528,0.9543270869598811
192529,0.06922975534153558
192530,0.06998422877816209
192531,0.015184914167284031
192532,0.8943964439758023
192533,0.5005658550774699
192534,0.2824230414369537
192535,0.4623467759895646
192536,0.3813817771939951
192537,0.133891764876989
192538,0.12481535853395812
192539,0.25853441262424953
192540,0.7248580817285623
192541,0.4372855318355975
192542,0.8760345603374224
192543,0.09301839369878329
192544,0.08875970930047586
192545,0.7185768631176115
192546,0.6472336731493812
192547,0.11103940078447055
192548,0.6557055917389704
192549,0.4391308102408406
192550,0.14054113016484793
192551,0.13515073561160074
192552,0.5198821930633895
192553,0.6123142790915412
192554,0.9726298853291276
192555,0.7359161170979134
192556,0.4078201626208407
192557,0.7003695101831189
192558,0.7939651215111285
192559,0.571699974093382
192560,0.2825503020166257
192561,0.22763281686748082
192562,0.7567504919984911
192563,0.8134632603251508
192564,0.9139945732452811
192565,0.8780298244258503
192566,0.12155657869021594
192567,0.9009230937046918
192568,0.8728394107835162
192569,0.052654064839265345
192570,0.8891424000436322
192571,0.5246726448838975
192572,0.6800032724149059
192573,0.056394616877479875
192574,0.47683175696865293
192575,0.16775216911113033
192576,0.7728944055340172
192577,0.883879266070057
192578,0.0323923625472114
192579,0.2885542743647197
192580,0.18761390958135815
192581,0.9836515605328583
192582,0.7830388917421519
192583,0.5213820498952373
192584,0.7220265338308617
192585,0.09708164220688024
192586,0.8116225269406102
192587,0.3569295658141723
192588,0.14364537930470275
192589,0.6227269215211275
192590,0.3309138673126656
192591,0.6198271983128883
192592,0.3738870380554583
192593,0.6958017643770368
192594,0.5143963530753883
192595,0.4709595902209335
192596,0.4167693083841997
192597,0.9374423350498362
192598,0.4038887197131183
192599,0.664500206798442
192600,0.047054599333699966
192601,0.9840151621890638
192602,0.1267015421255244
192603,0.4055249271660432
192604,0.011080760472863955
192605,0.40689297839751654
192606,0.05196322169247481
192607,0.31777421246153775
192608,0.06474381990809967
192609,0.16541148344930712
192610,0.7810845328400471
192611,0.8062912176564965
192612,0.607832888678808
192613,0.9281250426095691
192614,0.883033892219379
192615,0.2209743615382168
192616,0.8553047209130038
192617,0.06985242317778757
192618,0.6956381436317443
192619,0.26364301589393735
192620,0.18482781189068317
192621,0.1634889396921203
192622,0.17610137214175012
192623,0.5752950854691143
192624,0.33673603883265685
192625,0.8573318001463497
192626,0.9845969248389926
192627,0.4999977274896487
192628,0.045095695410892596
192629,0.813999572768054
192630,0.9972366274128379
192631,0.654632966853164
192632,0.19481776739493048
192633,0.6585780448229942
192634,0.8999322791915317
192635,0.2524622649656169
192636,0.07748351293740142
192637,0.5691593075206458
192638,0.18961371869048865
192639,0.6136005199503685
192640,0.5677458060821466
192641,0.5363897082551211
192642,0.5030701614845856
192643,0.2912812867862613
192644,0.2915539880284154
192645,0.07509283204784997
192646,0.6424250412460629
192647,0.43057708127860517
192648,0.47379113811863416
192649,0.21624754000754476
192650,0.9412192472536712
192651,0.6457838115452617
192652,0.24220415323991804
192653,0.9894510069493367
192654,0.9588766526831529
192655,0.6739356697769758
192656,0.180291881229519
192657,0.5738270437821844
192658,0.09196394889578721
192659,0.33606337576867656
192660,0.9746251494175556
192661,0.6117916017107459
192662,0.8568682080346877
192663,0.42619113630062583
192664,0.8342521850187028
192665,0.3352589071043218
192666,0.30805241317874205
192667,0.8373246190136396
192668,0.2575299630489817
192669,0.6316669772430813
192670,0.6632366910431278
192671,0.9755386985787721
192672,0.3444216688407016
192673,0.7112775598692852
192674,0.49662986714904483
192675,0.07700174074292908
192676,0.32064212052485896
192677,0.09106857981738106
192678,0.7114957208630086
192679,0.5749860240613396
192680,0.10634439439871647
192681,0.9370696433522255
192682,0.592098027006513
192683,0.06353029938051366
192684,0.8586134959844742
192685,0.9622945082514851
192686,0.022956899568677535
192687,0.8974416078465237
192688,0.28505460842374136
192689,0.6024652192290736
192690,0.1587348480372328
192691,0.09328654992023487
192692,0.12391089941414682
192693,0.7962239968003054
192694,0.2977579412874225
192695,0.43223146881434044
192696,0.3246962789915508
192697,0.12648792615250362
192698,0.641802373409811
192699,0.5600283609291841
192700,0.9149308475100105
192701,0.30095763586203134
192702,0.016275719135900667
192703,0.03409220028997233
192704,0.9021547943150882
192705,0.821089805064062
192706,0.4042068711622981
192707,0.29573086205407667
192708,0.5445480204162331
192709,0.3095113648242667
192710,0.8094590970861872
192711,0.2683198421968812
192712,0.4287727080596852
192713,0.8383745187959332
192714,0.1458133541798283
192715,0.8699760477408975
192716,0.935860667845342
192717,0.8880061448679899
192718,0.9904600015453071
192719,0.43211784329677616
192720,0.5751541898273347
192721,0.7578140268428922
192722,0.6120415778493872
192723,0.2793006122142886
192724,0.10391735334354447
192725,0.8414742229150853
192726,0.9778975643234055
192727,0.801346235132101
192728,0.27166497743397217
192729,0.09369105676276356
192730,0.38952190927229674
192731,0.44494843674012935
192732,0.5571922680107808
192733,0.1739015821217066
192734,0.7630362556301444
192735,0.3228737256898205
192736,0.03925079878738848
192737,0.4346675999109176
192738,0.10424004981342688
192739,0.7417201085350944
192740,0.22674653783047982
192741,0.1017948286754446
192742,0.26040696115370804
192743,0.865358306707087
192744,0.5399393694238277
192745,0.666600006363029
192746,0.36057012739693023
192747,0.04463210329923053
192748,0.5072379454688417
192749,0.09669077042645928
192750,0.7198676489971412
192751,0.33311820235341166
192752,0.46767354025297586
192753,0.3970439185350489
192754,0.3486303580112807
192755,0.5101922089255118
192756,0.1196658500779471
192757,0.3077433517709673
192758,0.6987196676680862
192759,0.025956613232373273
192760,0.8728485008249213
192761,0.9914371809963595
192762,0.12016580235522972
192763,0.0754155285177324
192764,0.3525799810018134
192765,0.3342180973634335
192766,0.9188304752728149
192767,0.10301743924443575
192768,0.8640993359724753
192769,0.03488757891292195
192770,0.7358706668908876
192771,0.39158534867126316
192772,0.11308011507992417
192773,0.24754455256543695
192774,0.6002017989191941
192775,0.7205175869576086
192776,0.0484408306479836
192777,0.8333477258988915
192778,0.4965026065693729
192779,0.863617563778003
192780,0.3926943337226901
192781,0.10868962508124223
192782,0.1518082364865172
192783,0.7278987005785812
192784,0.9064816540239341
192785,0.7687857068188947
192786,0.6509242299598675
192787,0.5710591261743198
192788,0.5723180969089314
192789,0.8593997845660187
192790,0.6705269042500489
192791,0.6081555851486904
192792,0.4612968762072711
192793,0.2991578076638139
192794,0.19129992137114185
192795,0.16829757159543862
192796,0.7993237009194577
192797,0.3187922970989132
192798,0.6684361947268671
192799,0.40884733729962136
192800,0.010598988278391607
192801,0.5864258411697065
192802,0.4585244135787038
192803,0.5958476690861327
192804,0.4345176142277328
192805,0.7637316437976375
192806,0.04467300848555365
192807,0.21286149958413061
192808,0.9002049804336859
192809,0.5572468082592117
192810,0.36190636348348565
192811,0.3061071443180423
192812,0.3552524531749242
192813,0.7592502533849042
192814,0.8467828070956864
192815,0.4172101753923489
192816,0.26472018580044626
192817,0.4346675999109176
192818,0.9168806613914127
192819,0.7068734348084956
192820,0.596329441280605
192821,0.2884860990541812
192822,0.27595093195649506
192823,0.8565591466269129
192824,0.8875470977770304
192825,0.21811099849559817
192826,0.6122233786774899
192827,0.8250485180959999
192828,0.23460033360451957
192829,0.480408688261575
192830,0.505692638429968
192831,0.015148554001663478
192832,0.9205121329327655
192833,0.5554015298539685
192834,0.6285127328754982
192835,0.087259852468628
192836,0.22055167461287786
192837,0.9410828966325943
192838,0.17210629894419172
192839,0.5628190036405617
192840,0.10618986369482912
192841,0.22237877293531072
192842,0.48519459506138046
192843,0.06974788770162847
192844,0.9436826484744638
192845,0.6602915176278629
192846,0.772876225451207
192847,0.7716627049236209
192848,0.6176819485412757
192849,0.4152694515523518
192850,0.18115998018370974
192851,0.9114084564655193
192852,0.09380922730103035
192853,0.5486930792969763
192854,0.7269215211275288
192855,0.7920198526504288
192856,0.49852514078201626
192857,0.016993832406906613
192858,0.7595593147926789
192859,0.1751151026492926
192860,0.5366305943523573
192861,0.779407420200799
192862,0.16737493239281703
192863,0.8395834943028165
192864,0.22471945859713394
192865,0.3532617341071988
192866,0.17431063398493782
192867,0.18761390958135815
192868,0.3240327059689757
192869,0.7365160598306525
192870,0.8613768685716364
192871,0.4331450179755568
192872,0.47445925616191176
192873,0.01598483781093623
192874,0.10079946914158193
192875,0.8088227941878275
192876,0.41846914612696057
192877,0.20035814763136248
192878,0.6164320678480691
192879,0.8543457215447616
192880,0.10593534253548526
192881,0.952090936774217
192882,0.28332750055676503
192883,0.6831393366996786
192884,0.44785270496907115
192885,0.31926043423127787
192886,0.6665818262802188
192887,0.4163420764381581
192888,0.8637948195854032
192889,0.4704232777780303
192890,0.560355602419769
192891,0.3891992128024143
192892,0.7944014434985751
192893,0.8114907213402358
192894,0.19632671426818352
192895,0.09206393935124374
192896,0.6992059848832611
192897,0.31808327386931246
192898,0.23943169061135075
192899,0.17805118602315234
192900,0.0704114607242036
192901,0.23300048631721518
192902,0.3754278000736293
192903,0.817249262570391
192904,0.45359306611641614
192905,0.49368014871307736
192906,0.48718076910840324
192907,0.004431395185005067
192908,0.5927570550083856
192909,0.8003190604533205
192910,0.8422059712481991
192911,0.6837574595152281
192912,0.3728825884801905
192913,0.055390167302212065
192914,0.6948654901123075
192915,0.0021225246680998634
192916,0.7091732152839957
192917,0.3858813476895387
192918,0.7460833284095609
192919,0.16880661391412638
192920,0.012421541580121896
192921,0.718740483862904
192922,0.4090791333554524
192923,0.0923366405933979
192924,0.6552192745237955
192925,0.9907008876425432
192926,0.9002322505579012
192927,0.16411615254907488
192928,0.23168697533417265
192929,0.8360111080305971
192930,0.32058758027642814
192931,0.5801809827243763
192932,0.10394007844705733
192933,0.019111812054303907
192934,0.9509228664536566
192935,0.23396857572686244
192936,0.2555437890019589
192937,0.3004849537089641
192938,0.7257761759104813
192939,0.9170306470745975
192940,0.19014094109198668
192941,0.22567391294467348
192942,0.849118947736807
192943,0.9284159239345335
192944,0.6459519773112566
192945,0.3473123020075356
192946,0.8044368492098481
192947,0.5886119961276424
192948,0.7654587516646139
192949,0.1593120656664591
192950,0.23388222033351364
192951,0.8269347016875662
192952,0.984974161557306
192953,0.7706128051413275
192954,0.7534508069684258
192955,0.39658032642338686
192956,0.6132960035632963
192957,0.8326432476899933
192958,0.5771630889778704
192959,0.7768213034210372
192960,0.9944505297221629
192961,0.717822389680985
192962,0.39893010212661517
192963,0.9620536221542489
192964,0.18420514405443117
192965,0.03063798455601965
192966,0.8396607596547603
192967,0.9426327486921704
192968,0.7919925825262134
192969,0.22077892564800636
192970,0.6878479781475405
192971,0.2656291899409602
192972,0.699219619945369
192973,0.6610823512301098
192974,0.618690943137246
192975,0.34576244994795946
192976,0.1385595011385277
192977,0.6783443398584681
192978,0.06929338563137155
192979,0.14022752373637062
192980,0.8695033655878303
192981,0.38015916662500393
192982,0.39945277950741065
192983,0.3574295180914549
192984,0.3019802655201094
192985,0.9500502224787634
192986,0.6035514791769877
192987,0.5468114407261125
192988,0.03412401543489031
192989,0.37557324073611154
192990,0.08447375477795302
192991,0.2834138559501138
192992,0.48119043182241694
192993,0.041718745028883605
192994,0.176978561137346
192995,0.09611809781793557
192996,0.5491430363465305
192997,0.7746669636080193
192998,0.5188777434881215
192999,0.8368701169433828
193000,0.3791638070911413
193001,0.9861967721262971
193002,0.765995064107517
193003,0.29375832306916155
193004,0.6351257379977365
193005,0.4485253680330513
193006,0.5529699437780939
193007,0.763040800650847
193008,0.6788715622599661
193009,0.693424718549593
193010,0.7869521545670641
193011,0.23451397821117076
193012,0.09508637811845232
193013,0.3824453120383963
193014,0.17778757482240334
193015,0.770912776507697
193016,0.7752169111130301
193017,0.6624276773580704
193018,0.07307029783520663
193019,0.7034328541366506
193020,0.5626281127710537
193021,0.19177260352420905
193022,0.358420332604615
193023,0.5690184118788661
193024,0.33007303848269026
193025,0.9120720294880943
193026,0.6763536207907427
193027,0.22158793933306367
193028,0.7282986624004073
193029,0.59846105599011
193030,0.19959003913262827
193031,0.8647583639743479
193032,0.35961112802868817
193033,0.7662314051840506
193034,0.6374664236595597
193035,0.6242722285600012
193036,0.35992018943646287
193037,0.6522741011085306
193038,0.892278464328405
193039,0.9715345353398085
193040,0.17201994355084288
193041,0.8783025256680045
193042,0.018375518700487682
193043,0.1604392308006963
193044,0.40697478877016285
193045,0.309920416687498
193046,0.28821339781202704
193047,0.4346448748074047
193048,0.816890205934888
193049,0.6171592711604802
193050,0.6464519295885393
193051,0.6833484076519969
193052,0.5264588380200071
193053,0.38879470595988563
193054,0.8180946364210689
193055,0.5283404765908709
193056,0.26657909926779716
193057,0.8049413465078334
193058,0.3198103817362888
193059,0.8656219179078362
193060,0.8060821467041782
193061,0.9188577453970302
193062,0.5109648624449485
193063,0.19757204994068747
193064,0.5191277196267629
193065,0.11313465532835501
193066,0.9647624544929803
193067,0.2492262102253876
193068,0.344912531076579
193069,0.6834711232109663
193070,0.33314092745692453
193071,0.7240854282091255
193072,0.4770090127760532
193073,0.4415533062753101
193074,0.366092327550552
193075,0.7393430627076507
193076,0.35757495875393713
193077,0.7026874707414293
193078,0.5706727994146014
193079,0.1500038632675972
193080,0.4229596265810991
193081,0.9315610782607114
193082,0.3802182518941374
193083,0.18343703555569696
193084,0.07715172642611387
193085,0.11186659455233819
193086,0.10115852577708491
193087,0.6831347916789762
193088,0.11717063371223656
193089,0.2895178187536644
193090,0.927334209007322
193091,0.4271683157516782
193092,0.5401348053140382
193093,0.9097267988055685
193094,0.7842115070834148
193095,0.36539693938305884
193096,0.7960558310343103
193097,0.5600692661155072
193098,0.16472064030251657
193099,0.3073342999077361
193100,0.5323128246849165
193101,0.7130273928397743
193102,0.8475327355116102
193103,0.8511369369287477
193104,0.40649756159639305
193105,0.1218429149944778
193106,0.32507351570986404
193107,0.4984887806163957
193108,0.17688311570259202
193109,0.6006517559687485
193110,0.9467232673244828
193111,0.472504897259807
193112,0.0511496629867149
193113,0.10272201289876876
193114,0.5556742310961227
193115,0.35628417287440745
193116,0.3419673576613141
193117,0.17144727094231915
193118,0.12791051763240782
193119,0.640293426536558
193120,0.7345389758250349
193121,0.18232805050427006
193122,0.04498206989332836
193123,0.8667263579385605
193124,0.8934101744833448
193125,0.9595856759127538
193126,0.2414542248239941
193127,0.0940092082119434
193128,0.6485471841324237
193129,0.13807772894405534
193130,0.5898891469450643
193131,0.37088277937106
193132,0.6039878011644343
193133,0.48580817285622735
193134,0.6403388767435837
193135,0.7453379450143396
193136,0.342053713054663
193137,0.8188400198162903
193138,0.6231905136327897
193139,0.9377650315197186
193140,0.02508851427818254
193141,0.04021434317633317
193142,0.5769040227978239
193143,0.49388921966539556
193144,0.3527163316228905
193145,0.9645806536648774
193146,0.9465051063307593
193147,0.7823025983883357
193148,0.218429149944778
193149,0.38581317237900015
193150,0.809040955181551
193151,0.09659077997100275
193152,0.6378027551915499
193153,0.533721781102713
193154,0.807213856859118
193155,0.3324728094136468
193156,0.26800623576840393
193157,0.34505342671835865
193158,0.8038959917462424
193159,0.46122415587603
193160,0.7522463764822449
193161,0.5421118893196559
193162,0.5939660305152691
193163,0.276837210993496
193164,0.26966062330413915
193165,0.23535935206184863
193166,0.6907386113143745
193167,0.2840274337449607
193168,0.836601960721931
193169,0.12347457742670018
193170,0.963330772971671
193171,0.23519573131655613
193172,0.987010330832057
193173,0.35070743247235486
193174,0.13785047790892688
193175,0.8692170292835685
193176,0.17751941860095174
193177,0.6708450556992287
193178,0.4258684398307434
193179,0.6273037573686149
193180,0.9733525436208362
193181,0.37383704282773006
193182,0.67666722721922
193183,0.05394939573949759
193184,0.14965844169420192
193185,0.31104758182173514
193186,0.3129928506824349
193187,0.5298857836297445
193188,0.4664963798910104
193189,0.8123133700874007
193190,0.08608269210666254
193191,0.8939737570504634
193192,0.1500174983297049
193193,0.2735193458806205
193194,0.09769976502242966
193195,0.8328068684352857
193196,0.8637493693783775
193197,0.9357288622449675
193198,0.8056412796960291
193199,0.1615663959349335
193200,0.5073879311520264
193201,0.43094068293481075
193202,0.037428245485658186
193203,0.8387608455556516
193204,0.29791247199130994
193205,0.8698215170370102
193206,0.16351620981633572
193207,0.7491875775494158
193208,0.9002277055371988
193209,0.8945100694933665
193210,0.5963158062184973
193211,0.1855232000581763
193212,0.1867003604201417
193213,0.14906304398216533
193214,0.9526454292999305
193215,0.03346044241231519
193216,0.8265620099899555
193217,0.6694997295712681
193218,0.10968498461510491
193219,0.27695538153176286
193220,0.19312247467287216
193221,0.6565918707759714
193222,0.11353461715018111
193223,0.7002195244999342
193224,0.9982592570709159
193225,0.5274723776366802
193226,0.3495757223174152
193227,0.9460460592397999
193228,0.5665595556787761
193229,0.19808563728007783
193230,0.5677776212270647
193231,0.515232636884661
193232,0.48334477163543477
193233,0.7749260297880658
193234,0.6211225292131206
193235,0.32795960385599554
193236,0.8378472963944351
193237,0.9267160861917727
193238,0.8524277228082774
193239,0.20067175405983975
193240,0.7518645947432291
193241,0.7073006667545371
193242,0.26408388290208656
193243,0.7778939283068435
193244,0.21737470514178195
193245,0.6008971870866872
193246,0.36782852545893346
193247,0.6886933519982184
193248,0.19073633880402327
193249,0.8048049958867564
193250,0.24878988823794093
193251,0.20987542098254258
193252,0.5224592198017461
193253,0.7328664082064894
193254,0.49541634662145884
193255,0.35762495398166533
193256,0.925920707568823
193257,0.5682275782766191
193258,0.5513882765735999
193259,0.16085737270533268
193260,0.4167193131564714
193261,0.1576849482549393
193262,0.08960053813045118
193263,0.49862513123747276
193264,0.2945127965057881
193265,0.9548997595684048
193266,0.7724808086500835
193267,0.8750437458242623
193268,0.8047186404934075
193269,0.11094850037041917
193270,0.7574822403316047
193271,0.17953286277218994
193272,0.2701423954986115
193273,0.8290208661900456
193274,0.14579062907631546
193275,0.4536612414269547
193276,0.3504256411887956
193277,0.9419646306488927
193278,0.47887247126410654
193279,0.06591643524936255
193280,0.10273110294017389
193281,0.1994036932838229
193282,0.4144740729294022
193283,0.037528235941114714
193284,0.4387035782947991
193285,0.6543966257766304
193286,0.15705773539798476
193287,0.33408629176305893
193288,0.307820617122911
193289,0.34410351739152173
193290,0.8911740242976808
193291,0.6157321346598734
193292,0.8484462846728268
193293,0.3261597756577781
193294,0.4629421737016012
193295,0.9865967339481232
193296,0.5036064739274887
193297,0.37363251689611443
193298,0.3995027747351389
193299,0.9361379141081988
193300,0.42584571472723054
193301,0.4061430499815926
193302,0.05428118225078515
193303,0.2192018034642148
193304,0.5113466441839642
193305,0.5172824412215198
193306,0.6490971316374347
193307,0.1393276096372619
193308,0.43004985887710717
193309,0.8845155689684167
193310,0.4402943355406984
193311,0.7154180737293259
193312,0.6295535426163867
193313,0.6206180319151354
193314,0.45382940719294973
193315,0.951563714372719
193316,0.2231968766617732
193317,0.2071029583539753
193318,0.43229509910417635
193319,0.8448420832556892
193320,0.03653287640725203
193321,0.6046104690006863
193322,0.897068916148913
193323,0.2635975656869117
193324,0.4128560455592875
193325,0.30646165593284275
193326,0.5946477836206544
193327,0.4918575954113471
193328,0.27437835479340605
193329,0.9631671522263784
193330,0.4648010871689521
193331,0.5468023506847074
193332,0.5052608614632239
193333,0.025115784402397954
193334,0.3932715513519164
193335,0.5424573108930512
193336,0.9534817131092033
193337,0.043200421777921195
193338,0.6366483199330973
193339,0.7301348507642452
193340,0.9518318705941706
193341,0.975593238827203
193342,0.9361742742738194
193343,0.9697574322451039
193344,0.3327636907386113
193345,0.9664850173392541
193346,0.143040891551261
193347,0.14585425936615143
193348,0.22514669054317543
193349,0.22258784388762892
193350,0.7174178828384564
193351,0.4370037405520382
193352,0.5389530999313702
193353,0.5379804655010204
193354,0.683811999763659
193355,0.22876907204312316
193356,0.9591039037182815
193357,0.8876334531703792
193358,0.8687534371719063
193359,0.6526331577440336
193360,0.6369210211752515
193361,0.24721276605414938
193362,0.4525022611477995
193363,0.42630476181819005
193364,0.6251221474313816
193365,0.7677176269537908
193366,0.34535339808472826
193367,0.34493525618009185
193368,0.2611341644661191
193369,0.44559837470059677
193370,0.3498347884974616
193371,0.7299166897705219
193372,0.41979629217211084
193373,0.47951331918316886
193374,0.5806309397739308
193375,0.8719804018707306
193376,0.823475940932911
193377,0.8969234754864308
193378,0.7761850005226775
193379,0.9992546166047787
193380,0.28211398002917903
193381,0.9020911640252521
193382,0.6215952113661878
193383,0.4600515405347671
193384,0.0664572927129683
193385,0.6562873543888993
193386,0.8997413883220239
193387,0.028688170674617423
193388,0.9478004372309916
193389,0.1395957658587135
193390,0.1036310170392826
193391,0.7389930961135528
193392,0.4692006672090391
193393,0.7944923439126265
193394,0.803541480131442
193395,0.19066816349348473
193396,0.03621472495807218
193397,0.6185136873298458
193398,0.5347216856572783
193399,0.39456688225214864
193400,0.6130596624867627
193401,0.9353834406715723
193402,0.45070243294958207
193403,0.18967280395962205
193404,0.4607514737229628
193405,0.5274451075124648
193406,0.8398880106898887
193407,0.1694565518745938
193408,0.814390444548475
193409,0.0004590470909594993
193410,0.2621431590620895
193411,0.37456424614014117
193412,0.399016457519964
193413,0.7194858672581254
193414,0.5152735420709842
193415,0.383049799791838
193416,0.8866562737193268
193417,0.4309043227691902
193418,0.7459878829748069
193419,0.658337158725758
193420,0.3529890328650447
193421,0.1063262143159062
193422,0.8425604828629994
193423,0.4168420287154408
193424,0.28570909140491135
193425,0.06433022302416587
193426,0.8254348448557184
193427,0.12287008967325845
193428,0.5209366378663856
193429,0.7045645642915903
193430,0.19139991182659838
193431,0.6166865890074129
193432,0.6399889101494858
193433,0.7784393307911518
193434,0.5182687107139773
193435,0.9339153989846424
193436,0.34070384190599984
193437,0.6781988991959859
193438,0.6750082946627822
193439,0.022952354547974965
193440,0.3253325818899105
193441,0.6695633598611042
193442,0.5625690275019203
193443,0.868239849832516
193444,0.6007153862585844
193445,0.5193413355997837
193446,0.6713359179351062
193447,0.13755959658396244
193448,0.5524836265629189
193449,0.7014330450275201
193450,0.7890474091109485
193451,0.6277900745837898
193452,0.8679126083419311
193453,0.14514523613655061
193454,0.2550120215797583
193455,0.9718390517268806
193456,0.35925661641388773
193457,0.1986401298057913
193458,0.19490866780898186
193459,0.17741488312479264
193460,0.8245122056530968
193461,0.8964826084782817
193462,0.4016934747137773
193463,0.819349062134978
193464,0.9533135473432082
193465,0.5964612468809796
193466,0.6794715049927054
193467,0.40596124915348986
193468,0.2499488685170961
193469,0.36638775389621897
193470,0.9655260179710119
193471,0.15005385849532546
193472,0.08219215438526323
193473,0.8020598033824043
193474,0.5227501011267107
193475,0.32979124719913094
193476,0.8665900073174834
193477,0.9311792965216957
193478,0.7371160025633917
193479,0.8333068207125683
193480,0.37305075424618556
193481,0.30420732566436837
193482,0.29828516368892055
193483,0.723130973861586
193484,0.7379113811863414
193485,0.49424827630089857
193486,0.6164457029101769
193487,0.4203462396771217
193488,0.17974647874521069
193489,0.21107076142731832
193490,0.1811372550801969
193491,0.6132323732734603
193492,0.790879052454084
193493,0.8689988682898452
193494,0.4708505097240717
193495,0.47395021384322406
193496,0.5276996286718086
193497,0.2618204625922071
193498,0.6873025756632322
193499,0.316347075960931
193500,0.33380904550020224
193501,0.5756132369182942
193502,0.7031556078737939
193503,0.3242008717349707
193504,0.8500415869394286
193505,0.7768031233382268
193506,0.10888960599215529
193507,0.35137100549493
193508,0.5139327609637262
193509,0.908740529313111
193510,0.2571209111857504
193511,0.638825384849628
193512,0.5182778007553824
193513,0.5600738111362097
193514,0.044318496870753246
193515,0.3006803895991746
193516,0.09444553019939006
193517,0.505356306897978
193518,0.331468359838379
193519,0.9569586539466688
193520,0.8923057344526205
193521,0.7834479436053832
193522,0.24827630089855057
193523,0.09256389162852637
193524,0.9282068529822153
193525,0.8709032319642217
193526,0.023984074247458197
193527,0.4989796428522732
193528,0.6130414824039524
193529,0.836983742460947
193530,0.4964798814658601
193531,0.0870507815163098
193532,0.15297630680707752
193533,0.6285672731239291
193534,0.29968503006531194
193535,0.7126547011421637
193536,0.5851850505179051
193537,0.6887251671431364
193538,0.204394126015244
193539,0.12353366269583357
193540,0.8091500356784125
193541,0.6132505533562705
193542,0.47359115720772105
193543,0.7948559455688321
193544,0.17143363588021143
193545,0.6394344176237723
193546,0.17211538898559683
193547,0.6641956904113698
193548,0.03376495879938733
193549,0.6314669963321684
193550,0.3403266051876866
193551,0.08084682825730272
193552,0.7251716881570396
193553,0.6149003958713032
193554,0.9367560369237482
193555,0.03290594988660174
193556,0.454143013621427
193557,0.634721231155208
193558,0.49297112548347655
193559,0.34011753423536845
193560,0.2973897946105144
193561,0.5106239858922558
193562,0.5560651028765435
193563,0.5836397434790316
193564,0.1408865517382432
193565,0.8076183637016466
193566,0.2633657696310806
193567,0.29889874148376744
193568,0.8984778725667095
193569,0.5787129410374464
193570,0.5147326846073784
193571,0.5590330013953213
193572,0.35778857472695785
193573,0.3496075374623331
193574,0.7794574154285272
193575,0.9046363756186909
193576,0.19299521409320022
193577,0.09503638289072407
193578,0.7764667918062368
193579,0.6864572018125543
193580,0.002477036282900269
193581,0.5089332381909
193582,0.22541030174392446
193583,0.8058912558346704
193584,0.8071093213829589
193585,0.9150126578826567
193586,0.23295958113089205
193587,0.17912835592966128
193588,0.4300998541048354
193589,0.03304230050767881
193590,0.39785293222010626
193591,0.2786370391917135
193592,0.8797842024170421
193593,0.5883256598233806
193594,0.26666090964044337
193595,0.6711359370241932
193596,0.4858581680839556
193597,0.05709000504497298
193598,0.574517886928975
193599,0.14209098222442404
193600,0.16527058780752746
193601,0.8261302330232114
193602,0.7496875298266984
193603,0.11830234386717631
193604,0.2127569641079715
193605,0.5197594775044201
193606,0.5654460256066466
193607,0.6590643620381691
193608,0.5763358952100027
193609,0.7754623422309689
193610,0.9608764617922835
193611,0.5106694360992815
193612,0.2433585884983706
193613,0.6101008540093901
193614,0.2938446784625104
193615,0.4760136532421905
193616,0.8489053317637862
193617,0.5080833193195194
193618,0.4171374550611078
193619,0.8995914026388391
193620,0.6040877916198909
193621,0.0067448107226128415
193622,0.825639370787334
193623,0.8629903509210485
193624,0.009044591198112907
193625,0.4814722231059762
193626,0.06130323923625472
193627,0.145236136550602
193628,0.32048758982097164
193629,0.07033874039296248
193630,0.7587548461283241
193631,0.029638080001454407
193632,0.2773371632707787
193633,0.8197172088118861
193634,0.7525917980556401
193635,0.21199340062993988
193636,0.22007899245981064
193637,0.29141763740733834
193638,0.04126424295862668
193639,0.7119502229332655
193640,0.34775771403638744
193641,0.40011180750928316
193642,0.6692497534326268
193643,0.2699742297326164
193644,0.18376427704628195
193645,0.02682016716586144
193646,0.7431563350771062
193647,0.5813126928793161
193648,0.9827834615786675
193649,0.1495857213629608
193650,0.43315865303766454
193651,0.4262411315283541
193652,0.8793569704710006
193653,0.9852923130064858
193654,0.1256334622604206
193655,0.9902054803859632
193656,0.9403693283822908
193657,0.9704982706196227
193658,0.16976106826166595
193659,0.6058512596524878
193660,0.49169851968675715
193661,0.582358047640907
193662,0.9851877775303267
193663,0.8454102108435104
193664,0.6785852259557043
193665,0.7949150308379656
193666,0.9711709336836029
193667,0.4423668649810699
193668,0.017975556878661585
193669,0.6975879575131465
193670,0.26904704550929226
193671,0.5099922280145986
193672,0.04340949273023939
193673,0.34189918235077554
193674,0.33449079860558767
193675,0.4425123056435522
193676,0.7743669922416496
193677,0.16932929129492186
193678,0.6971107303393766
193679,0.3550297471604983
193680,0.452402270692343
193681,0.3147835888392472
193682,0.2554983387949332
193683,0.7656087373477987
193684,0.9304702732920949
193685,0.43096340803832356
193686,0.6713131928315933
193687,0.7265670095127283
193688,0.5839260797832934
193689,0.06859345244317588
193690,0.24902168429377197
193691,0.9015139463960258
193692,0.4623376859481595
193693,0.32713241008812793
193694,0.05898982369864695
193695,0.8019734479890557
193696,0.666504560928275
193697,0.8851882320323968
193698,0.4742320051267833
193699,0.5744588016598416
193700,0.030315288086137232
193701,0.9100631303375587
193702,0.8714940846555557
193703,0.6606505742633657
193704,0.8194626876525423
193705,0.5390667254489344
193706,0.45712454720231244
193707,0.5786902159339335
193708,0.08193763322591933
193709,0.2659427963694374
193710,0.6288172492625704
193711,0.6034378536594235
193712,0.5480295062744011
193713,0.1746515105376305
193714,0.7701083078433423
193715,0.8818340067539008
193716,0.12668790706341668
193717,0.19087268942510033
193718,0.8404379581948996
193719,0.7776303171060944
193720,0.49024865808263757
193721,0.5181914453620337
193722,0.13985028701805738
193723,0.5314401807100232
193724,0.7077006285763632
193725,0.8308752346366939
193726,0.9189895509974049
193727,0.8737029647170044
193728,0.4619377241263334
193729,0.9383422491489449
193730,0.67420837101913
193731,0.6458065366487744
193732,0.5877484421941542
193733,0.9334290817694675
193734,0.6800350875598238
193735,0.3177060371509992
193736,0.056021925179869196
193737,0.6846210134487163
193738,0.5604646829166308
193739,0.9318474145649734
193740,0.9652124115425347
193741,0.24313588248394474
193742,0.9733707237036465
193743,0.4746001518036914
193744,0.771639979820108
193745,0.713813681421319
193746,0.5951704610014499
193747,0.1491039491684885
193748,0.5327900518586862
193749,0.12650156121461134
193750,0.47387294849128037
193751,0.665713727326028
193752,0.771958131269288
193753,0.09410465364669736
193754,0.133300912185655
193755,0.8211761604574109
193756,0.982388044777544
193757,0.9105721726562465
193758,0.3906081692202108
193759,0.2606023970439185
193760,0.37524145422482397
193761,0.6584235141191068
193762,0.25657096368073956
193763,0.6244585744088065
193764,0.21761104621831553
193765,0.9001095349989319
193766,0.549729344017162
193767,0.28571363642561387
193768,0.28334568063957527
193769,0.7590139123083706
193770,0.9738888560637393
193771,0.5043882174883306
193772,0.6422159702937447
193773,0.8248667172678972
193774,0.5311947495920843
193775,0.8200444503024712
193776,0.9164534294453711
193777,0.7728807704719095
193778,0.0009771794510523995
193779,0.17005649460733294
193780,0.4244867535371623
193781,0.12513350998313796
193782,0.3063616654773862
193783,0.5162416314806315
193784,0.042350502906540737
193785,0.4256957290440458
193786,0.9925416210270839
193787,0.0920684843719463
193788,0.3677921652933129
193789,0.5370305561741834
193790,0.12430177119456778
193791,0.6597961103712828
193792,0.8270392371637253
193793,0.1588711986583099
193794,0.7865749178487509
193795,0.6380209161852732
193796,0.7314165466023698
193797,0.826166593188832
193798,0.6975197822026079
193799,0.7129728525913436
193800,0.7001922543757186
193801,0.9816744765272406
193802,0.591666250039769
193803,0.1982038078183446
193804,0.10685798173810682
193805,0.7041646024697643
193806,0.8814976752219107
193807,0.6768217579231074
193808,0.7727580549129401
193809,0.3820453502165702
193810,0.34197190268201666
193811,0.8142722740102081
193812,0.9421100713113749
193813,0.12193836042923174
193814,0.7846978242985897
193815,0.8742438221806101
193816,0.7339390330922958
193817,0.399607310211298
193818,0.7599774566973153
193819,0.3885447298212443
193820,0.47707264306588915
193821,0.45205230409824515
193822,0.8348975779584676
193823,0.6039650760609214
193824,0.15849850696069923
193825,0.30857963558024004
193826,0.4679098813295094
193827,0.5881393139745752
193828,0.150385645006613
193829,0.5107421564305226
193830,0.1842460492407543
193831,0.5549697528872245
193832,0.5952659064362038
193833,0.5354352539075816
193834,0.4444439394421441
193835,0.2588434740320242
193836,0.5571331827416475
193837,0.6691997582048986
193838,0.0683980165529654
193839,0.11665704637284623
193840,0.577367614909486
193841,0.1333736325168961
193842,0.932865499202349
193843,0.3566386844892078
193844,0.7457151817326528
193845,0.767599456415524
193846,0.7303530117579685
193847,0.5821762468128042
193848,0.4543566295944478
193849,0.6275537335072562
193850,0.8377654860217889
193851,0.6474609241845096
193852,0.791797146636003
193853,0.06765717817844659
193854,0.08346476018198262
193855,0.7785347762259057
193856,0.8873743869903328
193857,0.5467705355397894
193858,0.995314083655651
193859,0.20977543052708605
193860,0.6020198072002217
193861,0.5915435344807997
193862,0.4113016484790088
193863,0.949663895719045
193864,0.882570300107717
193865,0.43511755696047194
193866,0.08089682348503097
193867,0.8019461778648401
193868,0.21461133255461978
193869,0.13133291822144252
193870,0.503424673099386
193871,0.06377573049845242
193872,0.8550956499606855
193873,0.07506556192363455
193874,0.2868726167047691
193875,0.8285072788506552
193876,0.4918076001836188
193877,0.8891242199608219
193878,0.729398557410429
193879,0.3793501529399466
193880,0.5423982256239177
193881,0.47328209579994635
193882,0.18479145172506262
193883,0.8650674253821227
193884,0.05558560319242255
193885,0.6777671222292417
193886,0.678398880106899
193887,0.29812608796433065
193888,0.5969157489512366
193889,0.9387603910535813
193890,0.3182514396353075
193891,0.58844837538235
193892,0.905586284945528
193893,0.1330236659227983
193894,0.5541789192849774
193895,0.7650406097599775
193896,0.23207784711459362
193897,0.31358370337376884
193898,0.43969439280795924
193899,0.43580840010726246
193900,0.9596220360783744
193901,0.17412428813613245
193902,0.8143040891551261
193903,0.6362710832147841
193904,0.5050154303452853
193905,0.3589384649647079
193906,0.5658596224905805
193907,0.025138509505910803
193908,0.7918562319051364
193909,0.39886192681607663
193910,0.7473513891855778
193911,0.7179996454883852
193912,0.002876998104726367
193913,0.8608405561287332
193914,0.2855954658873471
193915,0.8130951136482426
193916,0.6553692602069803
193917,0.4057794483253871
193918,0.8104862717649679
193919,0.20213525072606706
193920,0.02788370201026266
193921,0.4992932492807504
193922,0.5192095299994092
193923,0.0885460933274551
193924,0.3319501320328514
193925,0.69257025465751
193926,0.23170970043768552
193927,0.7798346521468406
193928,0.6006699360515587
193929,0.21168433922216517
193930,0.2959717481513128
193931,0.17103821907908792
193932,0.9585585012339731
193933,0.6205453115838944
193934,0.8969371105485385
193935,0.007176587689356925
193936,0.643574931483813
193937,0.5331218383699737
193938,0.18323250962408136
193939,0.4615104921802919
193940,0.551733698146995
193941,0.23456851845960158
193942,0.4006390299107812
193943,0.9306202589752797
193944,0.5190686343576295
193945,0.109166852255012
193946,0.8755936933292732
193947,0.5375759586584917
193948,0.2318596861208703
193949,0.795574058839838
193950,0.3667513555524245
193951,0.7487967057689948
193952,0.12220651665068334
193953,0.908372382636203
193954,0.42741829189031955
193955,0.1500311333918126
193956,0.3622517850568809
193957,0.6763990709977684
193958,0.4474118379609219
193959,0.3863858449875239
193960,0.9918825930252113
193961,0.5425345762449948
193962,0.6001108985051428
193963,0.22507851523263692
193964,0.9895419073633881
193965,0.20141713745506112
193966,0.3318365065152871
193967,0.7614773135291633
193968,0.14699960458319888
193969,0.8361474586516742
193970,0.5420709841333328
193971,0.8997232082392135
193972,0.37465060153348995
193973,0.7669313383722464
193974,0.6035605692183927
193975,0.9871239563496212
193976,0.5229864422032443
193977,0.3919762204516841
193978,0.27872793960576486
193979,0.650560628303662
193980,0.44824357674949206
193981,0.26512469264297495
193982,0.060357874930120306
193983,0.003299685030065312
193984,0.42660927820526223
193985,0.10245840169801972
193986,0.33257734488980595
193987,0.4744138059548861
193988,0.6383481576758583
193989,0.5773039846196499
193990,0.15059017093822863
193991,0.2861635934751683
193992,0.6005699455961023
193993,0.313170106489835
193994,0.2515078106180773
193995,0.31619254525704366
193996,0.2182837092822958
193997,0.053122201971629986
193998,0.5567559460233341
193999,0.6399707300666755
194000,0.10545811536171547
194001,0.8931647433654061
194002,0.4963298957826753
194003,0.18460965089695985
194004,0.4456301898455147
194005,0.993868767072234
194006,0.4533703601019903
194007,0.14682234877579867
194008,0.8350112034760319
194009,0.806127596911204
194010,0.9055408347385023
194011,0.5098649674349267
194012,0.7434835765676913
194013,0.38993096113552794
194014,0.028919966730448457
194015,0.8805432208743712
194016,0.22811913408265574
194017,0.07582458038096362
194018,0.5518336886024516
194019,0.4472300371328191
194020,0.643806727539644
194021,0.37337799573677055
194022,0.6700542220969816
194023,0.41754196190363646
194024,0.3994982297144363
194025,0.49537089641443316
194026,0.9545861531399276
194027,0.8153585339581222
194028,0.5606373937033283
194029,0.43401766195045016
194030,0.4859945187050327
194031,0.5309856786397662
194032,0.27902336595143185
194033,0.3614654964753364
194034,0.7917471514082747
194035,0.3420400779925552
194036,0.007908336022470581
194037,0.187373023484122
194038,0.4417123819999
194039,0.5035246635548425
194040,0.5869530635712046
194041,0.07926061603210603
194042,0.3008167402202517
194043,0.941919180441867
194044,0.5750269292476627
194045,0.6580599124629013
194046,0.35414801314419986
194047,0.08069684257411792
194048,0.4389126492471173
194049,0.08728257757214083
194050,0.4521931997400248
194051,0.6564782452584071
194052,0.9130901141254698
194053,0.4281591302648383
194054,0.6875843669467915
194055,0.04744092609341836
194056,0.3061162343594475
194057,0.8034914849037138
194058,0.4518477781666295
194059,0.37599592766145046
194060,0.22080619577222174
194061,0.8901468496189
194062,0.18107816981106348
194063,0.18101908454193008
194064,0.04385490475909118
194065,0.33408629176305893
194066,0.16465701001268063
194067,0.8183855177460333
194068,0.4989432826866526
194069,0.056808213761413685
194070,0.544379854650238
194071,0.7998327432381455
194072,0.17002922448311752
194073,0.5183596111280286
194074,0.6708905059062544
194075,0.9431236109280479
194076,0.4271228655446525
194077,0.05813535980656392
194078,0.18061457769940145
194079,0.6737947741351962
194080,0.7688266120052177
194081,0.7711354825221229
194082,0.878402516123461
194083,0.029538089545997882
194084,0.8302752919039547
194085,0.4482253966666818
194086,0.4457847205494021
194087,0.25632098754209826
194088,0.6408479190622715
194089,0.1316874298362429
194090,0.6154003481485858
194091,0.08962326323396402
194092,0.928747710445821
194093,0.08344203507846977
194094,0.23357770394644148
194095,0.9307384295135465
194096,0.3168152130932956
194097,0.9541271060489681
194098,0.507392476172729
194099,0.8711304829993501
194100,0.057394521432045126
194101,0.0800332695515428
194102,0.1588439285340945
194103,0.8946055149281206
194104,0.3579931006585735
194105,0.339826652910404
194106,0.4728457738124997
194107,0.5536198817385614
194108,0.21750651074215643
194109,0.7901200339967549
194110,0.11449361651842323
194111,0.21488403379677393
194112,0.7624499479595129
194113,0.17439244435758405
194114,0.6972198108362384
194115,0.21214338631312465
194116,0.10290381372687152
194117,0.19770840056176459
194118,0.10263111248471736
194119,0.2930720249430736
194120,0.6054240277064462
194121,0.01737106912521987
194122,0.754587062144068
194123,0.4298180628212761
194124,0.5397302984715096
194125,0.3516482517577867
194126,0.9708982324414488
194127,0.5475886392662519
194128,0.9521636571054581
194129,0.892342094618241
194130,0.33885401848005414
194131,0.35143918080546854
194132,0.13386903977347617
194133,0.27447380022816
194134,0.7989328291390367
194135,0.7067098140632031
194136,0.11409365469659713
194137,0.6014244094881852
194138,0.4928029597174815
194139,0.9596583962439948
194140,0.5259361606392117
194141,0.8238531776512242
194142,0.17914653601247155
194143,0.4884942800914458
194144,0.4133559978365701
194145,0.2191245381122711
194146,0.1964766999513683
194147,0.08281027720081265
194148,0.5322855545607011
194149,0.3438944464392035
194150,0.6121870185118694
194151,0.39014003208784614
194152,0.11634343994436895
194153,0.22683289322382863
194154,0.009880875007385659
194155,0.7630362556301444
194156,0.19622672381272696
194157,0.5649233482258512
194158,0.4406261220519859
194159,0.8047322755555152
194160,0.13361906363483486
194161,0.4280682298507869
194162,0.24634012207925607
194163,0.755496066284582
194164,0.9273796592143477
194165,0.09617263806636639
194166,0.9407556551420092
194167,0.7799119174987843
194168,0.9097313438262712
194169,0.8427877338981279
194170,0.3415128555910572
194171,0.8944464392035306
194172,0.05215865758268529
194173,0.2903495575422346
194174,0.2305689002413406
194175,0.0050222478763390765
194176,0.40139350334740775
194177,0.478604315042655
194178,0.6546738720394872
194179,0.9292431177024012
194180,0.7032010580808196
194181,0.973207102958354
194182,0.24338585862258605
194183,0.9192531621981538
194184,0.5588193854223007
194185,0.9870421459769749
194186,0.025447570913685515
194187,0.8989505547197768
194188,0.8384881443134974
194189,0.5941387413019666
194190,0.8107089777793939
194191,0.22181064534748957
194192,0.7878929738524959
194193,0.3545843351316465
194194,0.3657787211220747
194195,0.45754268910694884
194196,0.7236809213665969
194197,0.644302134796224
194198,0.925529835788402
194199,0.0752519077724399
194200,0.6509515000840829
194201,0.5925161689111494
194202,0.052422268783434305
194203,0.7879429690802241
194204,0.7693174742410951
194205,0.19971275469159763
194206,0.5600010908049686
194207,0.22645565650551538
194208,0.6064421123438217
194209,0.4455029292658428
194210,0.37661859549770244
194211,0.011957949468459829
194212,0.484703732825503
194213,0.8202444312133842
194214,0.6606551192840684
194215,0.6379981910817604
194216,0.16317987828434558
194217,0.8889605992155294
194218,0.3797001195340444
194219,0.3709055044745729
194220,0.49593447898155174
194221,0.8338567682175793
194222,0.019489048772617163
194223,0.5190731793783321
194224,0.04280954999750024
194225,0.062380409142763646
194226,0.2693879220619849
194227,0.6527513282823003
194228,0.7213084205598557
194229,0.2589570995495884
194230,0.2567164043432218
194231,0.0025315765313311
194232,0.7311983856086465
194233,0.9405647642725012
194234,0.7517827843705829
194235,0.8190718158721213
194236,0.7192268010780789
194237,0.5830034405806719
194238,0.895528154130742
194239,0.29336290626803807
194240,0.6092327550551992
194241,0.12667427200130896
194242,0.8675626417478333
194243,0.5281677658041732
194244,0.9553860767835798
194245,0.787597547506829
194246,0.23614564064339313
194247,0.013603246962789915
194248,0.5306266220042632
194249,0.8173492530258476
194250,0.9195167733989028
194251,0.6029333563614383
194252,0.2188472918494144
194253,0.33380904550020224
194254,0.28108680535039837
194255,0.7558323978165721
194256,0.04175510519450416
194257,0.7705991700792197
194258,0.28271392276191815
194259,0.9805518564137059
194260,0.38065911890228654
194261,0.8185264133878131
194262,0.8605178596588507
194263,0.04666827257398158
194264,0.4103244690279564
194265,0.34193099749569356
194266,0.7501193067934425
194267,0.20560764654283
194268,0.5687320755746043
194269,0.69306566191409
194270,0.6001154435258452
194271,0.23440944273501166
194272,0.36322896450793335
194273,0.01631207930152122
194274,0.26991059944278045
194275,0.07187041236972833
194276,0.5397621136164275
194277,0.1481358597588412
194278,0.2623931352007308
194279,0.34219915371714515
194280,0.9617218356429613
194281,0.873789320110353
194282,0.16717040646120143
194283,0.34974843310411274
194284,0.6619640852464083
194285,0.276964471573168
194286,0.7127637816390254
194287,0.4643465850986951
194288,0.5535744315315357
194289,0.5595284086519015
194290,0.8585771358188538
194291,0.5979020184436941
194292,0.716018016462065
194293,0.23611837051917772
194294,0.34093109294112833
194295,0.24075883665650097
194296,0.6183409765431482
194297,0.2849137127819617
194298,0.08579635580240066
194299,0.6789261025083969
194300,0.009035501156707768
194301,0.7950104762727195
194302,0.755791492630249
194303,0.6932929129492185
194304,0.4562564482481217
194305,0.12885588193854222
194306,0.7866885433663151
194307,0.18485962703560113
194308,0.810063584839629
194309,0.9251071488630631
194310,0.9613355088832429
194311,0.23588657446334668
194312,0.7188859245253862
194313,0.8494825493930125
194314,0.9424282227605547
194315,0.8717167906699814
194316,0.44187145772448994
194317,0.8765754178010281
194318,0.3673922034714868
194319,0.5410301743924444
194320,0.18246440112534715
194321,0.26173410719885826
194322,0.17916017107457924
194323,0.34597152090027766
194324,0.03902354775226002
194325,0.16109825880256884
194326,0.6535512519259525
194327,0.7816072102208426
194328,0.2655791947132319
194329,0.9362379045636553
194330,0.10548084046522832
194331,0.6358620313515528
194332,0.8996368528458648
194333,0.14285909072315825
194334,0.5213502347503193
194335,0.22953718054185737
194336,0.33698601497129815
194337,0.19773567068597997
194338,0.18970461910454003
194339,0.13530072129478551
194340,0.5263315774403352
194341,0.5499747751351007
194342,0.0037496420796196725
194343,0.17846932792778872
194344,0.6916657955376987
194345,0.4138059548861245
194346,0.49178942010080856
194347,0.46635548424923073
194348,0.5020338967643998
194349,0.7394521432045124
194350,0.8269892419359971
194351,0.20186709450461549
194352,0.38819476322714647
194353,0.7635089377832116
194354,0.5037746396934838
194355,0.8037278259802474
194356,0.5242545029792611
194357,0.08870516905204502
194358,0.037255534698960556
194359,0.8587907517918745
194360,0.16930202117070645
194361,0.33580430958863017
194362,0.15588966507742444
194363,0.4033660423323228
194364,0.8856654592061668
194365,0.165961430954318
194366,0.2716104371855414
194367,0.686143595384077
194368,0.9309475004658646
194369,0.3822089709618627
194370,0.22175610509905874
194371,0.4766454111198476
194372,0.9597811118029642
194373,0.6572009035501157
194374,0.11284377400339059
194375,0.7565368760254703
194376,0.6434249458006281
194377,0.6910340376600416
194378,0.3523890901323055
194379,0.9435462978533867
194380,0.9605583103431037
194381,0.5606782988896515
194382,0.7170633712236559
194383,0.600160893732871
194384,0.5426118415969385
194385,0.24973525254407536
194386,0.7685584557837661
194387,0.6848437194631423
194388,0.3516164366128688
194389,0.036301080351421
194390,0.6218588225669369
194391,0.06482108526004335
194392,0.9913144654373901
194393,0.3471350462001354
194394,0.23861358688488826
194395,0.880015998472873
194396,0.39717117911472083
194397,0.22277873475713683
194398,0.4520068538912195
194399,0.49325746178773844
194400,0.42626385663186694
194401,0.6100644938437696
194402,0.12837865476477248
194403,0.4662509487730716
194404,0.6842255966475927
194405,0.9417828298207899
194406,0.06888887878884288
194407,0.8755164279773295
194408,0.7224628558183083
194409,0.7447652724058158
194410,0.22692379363788004
194411,0.337758668490735
194412,0.9630989769158399
194413,0.5559060271519537
194414,0.3657923561841824
194415,0.7452515896209907
194416,0.3161243699465051
194417,0.1576122279236982
194418,0.040641575122374686
194419,0.2593025211229837
194420,0.6305398121088442
194421,0.7254943846269221
194422,0.27720081264970164
194423,0.7210720794833221
194424,0.484081064989251
194425,0.3660014271365006
194426,0.7133682693924671
194427,0.7874430168029415
194428,0.15176733130019407
194429,0.7579049272569437
194430,0.6274128378654765
194431,0.4319769476549965
194432,0.41954631603346954
194433,0.9057635407529282
194434,0.09709982228969052
194435,0.8755436981015449
194436,0.7149953868039869
194437,0.845573831588803
194438,0.2612068847973602
194439,0.6921612027942788
194440,0.06721631117029737
194441,0.35977474877398063
194442,0.5952886315397167
194443,0.7813254189372832
194444,0.4532294644602106
194445,0.8167811254380264
194446,0.08414196826666544
194447,0.25807082051258745
194448,0.8402834274910123
194449,0.055912844683007536
194450,0.24461301421227974
194451,0.876143640834284
194452,0.32622340594761406
194453,0.7876611777966649
194454,0.5030110762154523
194455,0.7455833761322783
194456,0.16513423718645037
194457,0.2793006122142886
194458,0.4100881279514228
194459,0.9842333231827871
194460,0.8659855195640417
194461,0.534744410760791
194462,0.5080105989882784
194463,0.015925752541802826
194464,0.641147890428641
194465,0.8995732225560288
194466,0.48892605705818987
194467,0.3266506378936556
194468,0.9217756486880798
194469,0.29494911849323474
194470,0.7892292099390513
194471,0.7473332091027675
194472,0.8204807722899178
194473,0.8800023634107654
194474,0.7759032092391182
194475,0.913203739643034
194476,0.8254439348971234
194477,0.44731639252616795
194478,0.9821244335767949
194479,0.2964807904700006
194480,0.6265174687870704
194481,0.5454570245567468
194482,0.4553110839419873
194483,0.9381695383622473
194484,0.01740288427013785
194485,0.9245981065443754
194486,0.4641284241049718
194487,0.7089459642488671
194488,0.25902527486012694
194489,0.5755632416905659
194490,0.6812077029010868
194491,0.7778075729134947
194492,0.3670240567945787
194493,0.11935678867017238
194494,0.9569495639052635
194495,0.5649733434535795
194496,0.8186264038432696
194497,0.6440339785747725
194498,0.016416614777680315
194499,0.16810213570522814
194500,0.5308538730393917
194501,0.08972779871012311
194502,0.029197212993305185
194503,0.4368173947032329
194504,0.9636443794001481
194505,0.5911935678867017
194506,0.8874561973629791
194507,0.8676580871825871
194508,0.3582067166315942
194509,0.38571318192354365
194510,0.6077828934510797
194511,0.2782325323491848
194512,0.17501511219383606
194513,0.9698437876384527
194514,0.03783729734888943
194515,0.0205344035342081
194516,0.42833638607223856
194517,0.5798219260888733
194518,0.21205248589907327
194519,0.6931974675144645
194520,0.897387067598093
194521,0.07192949763886174
194522,0.48605814899486866
194523,0.6843119520409416
194524,0.18077365342399135
194525,0.6860981451770513
194526,0.24883988346566918
194527,0.3319637670949591
194528,0.7999827289213303
194529,0.7097231627890066
194530,0.7843296776216816
194531,0.9970639166261402
194532,0.9655078378882016
194533,0.4608832793233373
194534,0.061471405002249783
194535,0.5525608919148627
194536,0.028606360301971175
194537,0.24309952231832418
194538,0.9023865903709192
194539,0.4174283363860722
194540,0.18069638807204766
194541,0.15322628294571883
194542,0.6504742729103131
194543,0.9277478058912558
194544,0.8317160634666692
194545,0.42725921616572965
194546,0.8006372119025003
194547,0.6443157698583318
194548,0.6244994795951296
194549,0.03673740233886765
194550,0.08299207802891541
194551,0.6186500379509229
194552,0.5014021388867427
194553,0.9328564091609438
194554,0.8809931779239254
194555,0.2712332004672281
194556,0.3597429336290626
194557,0.2235968384835993
194558,0.9535180732748237
194559,0.5502702014807678
194560,0.15139009458188082
194561,0.6449384376945838
194562,0.04675917298803296
194563,0.7117866021879731
194564,0.28733166379572855
194565,0.9537135091650343
194566,0.05384940528404107
194567,0.23051890501361233
194568,0.5454115743497212
194569,0.8499597765667822
194570,0.5539016730221206
194571,0.038359974729684894
194572,0.9104994523250054
194573,0.5296994377809391
194574,0.20743928988596544
194575,0.27578731121120253
194576,0.4161102803823271
194577,0.8152721785647734
194578,0.5033564977888474
194579,0.16387072143113612
194580,0.008326477927106958
194581,0.29459006185773173
194582,0.41532399180078267
194583,0.9022411497084369
194584,0.8246985515019022
194585,0.5322628294571883
194586,0.05903527390567264
194587,0.15887574367901247
194588,0.8975688684261957
194589,0.7401293512891951
194590,0.9994136923293686
194591,0.753005394939574
194592,0.3098613314183646
194593,0.14898123360951912
194594,0.10213570522813731
194595,0.26996968471191385
194596,0.6834120379418328
194597,0.37767304030069854
194598,0.3347634998477418
194599,0.47480013271460453
194600,0.9213893219283614
194601,0.9501365778721123
194602,0.34588971052763146
194603,0.49624354038932644
194604,0.17115184459665214
194605,0.8753982574390626
194606,0.410919866739993
194607,0.6157821298876016
194608,0.07410656255539243
194609,0.27120593034301266
194610,0.7735170733702692
194611,0.25498929647624546
194612,0.26106598915558055
194613,0.9170442821367052
194614,0.1988264756545966
194615,0.13480076901750287
194616,0.3127201494402807
194617,0.636598324705369
194618,0.9940732930038497
194619,0.20845737452334095
194620,0.8583317047009149
194621,0.6972061757741307
194622,0.3332590979951913
194623,0.6282900268610724
194624,0.6502697469786975
194625,0.5192822503306503
194626,0.43811727062416767
194627,0.20903459215256726
194628,0.32665518291435813
194629,0.8393335181641752
194630,0.34650783334318086
194631,0.22361956358711213
194632,0.955763313501893
194633,0.3473213920489408
194634,0.6198544684371038
194635,0.4089518727757805
194636,0.693456533694511
194637,0.39857104549111216
194638,0.3570840965180596
194639,0.6304625467569005
194640,0.5497066189136491
194641,0.5536653319455871
194642,0.493198376518605
194643,0.8300344058067184
194644,0.01468041686929884
194645,0.7722081074079293
194646,0.12950581989900967
194647,0.5343898991459906
194648,0.9795519518591407
194649,0.4733139109448643
194650,0.5968293935578877
194651,0.43416764763363497
194652,0.45923343680830464
194653,0.5733134564427942
194654,0.3501120347603183
194655,0.8488326114325452
194656,0.8703169242935902
194657,0.5016384799632763
194658,0.7951195567695811
194659,0.7595002295235455
194660,0.33032301462133157
194661,0.2052849500729476
194662,0.311629344471664
194663,0.9083360224705824
194664,0.4904213688693352
194665,0.669586084964617
194666,0.884565564196145
194667,0.3440398871016857
194668,0.7094640966089601
194669,0.06213043300412233
194670,0.7712627431017949
194671,0.9822880543220875
194672,0.6282491216747493
194673,0.35460706023515937
194674,0.012426086600824466
194675,0.7452652246830985
194676,0.017702855636507427
194677,0.1255607419291795
194678,0.6681998536503334
194679,0.5821898818749119
194680,0.514737229628081
194681,0.7862749464823813
194682,0.9928643174969662
194683,0.7118547774985116
194684,0.7850796060376055
194685,0.9282704832720513
194686,0.22741011085305496
194687,0.6773489803246054
194688,0.4170056494607333
194689,0.9492093936487881
194690,0.06403479667849887
194691,0.2104480935910663
194692,0.9413328727712356
194693,0.002681562214515887
194694,0.09515909844969342
194695,0.8474691052217743
194696,0.4281545852441358
194697,0.31756514150921955
194698,0.055262906722540125
194699,0.7114639057180906
194700,0.6726176137732308
194701,0.3946441476040923
194702,0.35265270133305454
194703,0.21186614005026794
194704,0.4632648701714836
194705,0.5967793983301595
194706,0.7707082505760814
194707,0.5607510192208925
194708,0.2508669626990151
194709,0.9486185409574541
194710,0.26117506965244225
194711,0.2526077056280991
194712,0.26500652210470815
194713,0.2809549997500238
194714,0.5368533003667832
194715,0.2597115729862149
194716,0.6317033374087019
194717,0.8655355625144873
194718,0.062325868894332816
194719,0.18932283736552422
194720,0.7972329913962758
194721,0.14764045250226115
194722,0.7206993877857113
194723,0.30132578253893944
194724,0.10139486685361852
194725,0.9570813695056382
194726,0.3920580308243304
194727,0.33943123610928044
194728,0.42976806759354785
194729,0.1362642656837302
194730,0.3270824148603997
194731,0.8497234354902486
194732,0.20349875693683786
194733,0.8735211638889016
194734,0.9513819135446162
194735,0.12148385835897481
194736,0.10106308034233095
194737,0.28795887665268316
194738,0.08121951995491339
194739,0.42895905390849054
194740,0.47862704014616786
194741,0.9012639702573845
194742,0.8437967284940983
194743,0.7796937565050609
194744,0.32828684534658054
194745,0.6545920616668409
194746,0.3324364492480263
194747,0.1689975047836343
194748,0.4708505097240717
194749,0.5351080124169966
194750,0.04036887388022053
194751,0.34153558069457
194752,0.1495130010317197
194753,0.9115629871694065
194754,0.8598679216983834
194755,0.4782725285313675
194756,0.1102212970580081
194757,0.5807809254571155
194758,0.28416832938674036
194759,0.9064089336926929
194760,0.31065216502061166
194761,0.8464055703773731
194762,0.9606673908399652
194763,0.47484103790092763
194764,0.21845187504829086
194765,0.10129487639816198
194766,0.2726148867608092
194767,0.6805123147335936
194768,0.7029056317351526
194769,0.2514714504524568
194770,0.8537366887706175
194771,0.07740170256475518
194772,0.04541839188077502
194773,0.6857572686243586
194774,0.16756582326232497
194775,0.5582558028551821
194776,0.9620218070093309
194777,0.47580003726916975
194778,0.9811881593120657
194779,0.2709695892664791
194780,0.6213770503724645
194781,0.19236800123624564
194782,0.5042927720535767
194783,0.08189218301889364
194784,0.8966280491407639
194785,0.6035742042805006
194786,0.8356975016021198
194787,0.23247780893641973
194788,0.12101117620590762
194789,0.7035964748819431
194790,0.33567250398825565
194791,0.40632485080969544
194792,0.6267810799878194
194793,0.5266042786824894
194794,0.023202330686616278
194795,0.8400698115179914
194796,0.3438217261079624
194797,0.8511505719908554
194798,0.7895655414710415
194799,0.6451520536676044
194800,0.7649178942010081
194801,0.2788142949991137
194802,0.5528926784261502
194803,0.5031792419814473
194804,0.751073761140982
194805,0.9640988814704051
194806,0.9681575849577996
194807,0.7652587707537007
194808,0.12461992264374765
194809,0.4220369873784775
194810,0.7159816562964445
194811,0.47778621131619253
194812,0.9652533167288577
194813,0.09473641152435448
194814,0.20216706587098507
194815,0.30330741156525964
194816,0.2796642138704941
194817,0.252798596497607
194818,0.1258243531299285
194819,0.24553110839419873
194820,0.8039868921602937
194821,0.23899536862390408
194822,0.3633289549633898
194823,0.6765581467223583
194824,0.6627094686416297
194825,0.4391535353443535
194826,0.0227841887819799
194827,0.5702637475513702
194828,0.44363947077778937
194829,0.09705437208266483
194830,0.6759263888447012
194831,0.3511346644183964
194832,0.5867939878466147
194833,0.6970880052358638
194834,0.6822166974970572
194835,0.5408120133987211
194836,0.32126478836111094
194837,0.6991378095727226
194838,0.3213602337958649
194839,0.9429599901827553
194840,0.35657505419937185
194841,0.5802491580349148
194842,0.1771830870689616
194843,0.48486280855009295
194844,0.0971043673103931
194845,0.6751719154080748
194846,0.31836961017357435
194847,0.07538371337281441
194848,0.10901232155112466
194849,0.09232755055199275
194850,0.41300603124247226
194851,0.3903536480608669
194852,0.7683630198935556
194853,0.40105717181541756
194854,0.9967048599906373
194855,0.009312747419564496
194856,0.1556396889387831
194857,0.2233559523863631
194858,0.08590998131996491
194859,0.7229537180541857
194860,0.3115111739333972
194861,0.2279509683166607
194862,0.6364710641256971
194863,0.1654705687184405
194864,0.1852232286918067
194865,0.0748655810127215
194866,0.3195604055976475
194867,0.6277173542525487
194868,0.3114748137677767
194869,0.015593966030515268
194870,0.6669090677708037
194871,0.7981419955367898
194872,0.5906572554437987
194873,0.027188313842769554
194874,0.6035287540734748
194875,0.1579667395384986
194876,0.8159266615459433
194877,0.6838938101363052
194878,0.7201948904877262
194879,0.943500847646361
194880,0.7152999031910591
194881,0.9386376754946119
194882,0.8495461796828485
194883,0.011689793247008239
194884,0.8871653160380146
194885,0.3804545929706709
194886,0.415183096159003
194887,0.9383740642938629
194888,0.35628417287440745
194889,0.9445052972216289
194890,0.7552506351666433
194891,0.27399202803368766
194892,0.03641016084828266
194893,0.9678667036328351
194894,0.5325400757200449
194895,0.6819939914826312
194896,0.15018566409569997
194897,0.7698128814976752
194898,0.08527822344230777
194899,0.40043904899986815
194900,0.9828152767235855
194901,0.7758668490734976
194902,0.9306838892651156
194903,0.7752578162993533
194904,0.6281854913849133
194905,0.1984765090604988
194906,0.7064462028624541
194907,0.22896905295403622
194908,0.5810672617613774
194909,0.18033278641584213
194910,0.09574995114102744
194911,0.7757668586180411
194912,0.42914994477799845
194913,0.6324487208039232
194914,0.12656064648374474
194915,0.7095004567745806
194916,0.8109498638766299
194917,0.8410015407620182
194918,0.29428100044995703
194919,0.5007931061125984
194920,0.9574222460583308
194921,0.9004958617586504
194922,0.33217738306797984
194923,0.5358988460192438
194924,0.55025656641866
194925,0.42384136059739747
194926,0.11656160093809227
194927,0.7980420050813332
194928,0.022488762436312898
194929,0.42753191740788377
194930,0.924970798241986
194931,0.038828111862049534
194932,0.07636543784456937
194933,0.3688102499306884
194934,0.8661673203921445
194935,0.049122583753369004
194936,0.1765785993155199
194937,0.511160298335159
194938,0.6689770521904728
194939,0.31611982492580254
194940,0.7638407242944992
194941,0.059103449216211176
194942,0.7226355666050059
194943,0.33461805918525955
194944,0.5530699342335504
194945,0.6152594525068062
194946,0.18737756850482454
194947,0.676476336349712
194948,0.38132269192486173
194949,0.6530603896900751
194950,0.8582135341626482
194951,0.8360383781548125
194952,0.6162048168129406
194953,0.05673094840947
194954,0.14676780852736784
194955,0.9572768053958486
194956,0.58779389240118
194957,0.21580212797869297
194958,0.6213543252689516
194959,0.6405615827580095
194960,0.9009821789738252
194961,0.8165175142372774
194962,0.8837383704282774
194963,0.6082510305834443
194964,0.5354397989282842
194965,0.06689815972111753
194966,0.9172397180269156
194967,0.48525368033051386
194968,0.7580049177124002
194969,0.8699305975338718
194970,0.2820458047186405
194971,0.1594938664945619
194972,0.6843892173928853
194973,0.2738647674540157
194974,0.4228278209807245
194975,0.2113343726280673
194976,0.4875352807232037
194977,0.7600819921734744
194978,0.25797537507783347
194979,0.22142886360847375
194980,0.7762077256261903
194981,0.4438030915230819
194982,0.5299085087332573
194983,0.8297344344403489
194984,0.012626067511737516
194985,0.17012012489716893
194986,0.82013080569582
194987,0.10784879625126692
194988,0.3496575326900614
194989,0.5001704382763463
194990,0.2984442394135105
194991,0.770162848091773
194992,0.49739797564777904
194993,0.6027242854091202
194994,0.8991459906099872
194995,0.4707141591029947
194996,0.2977670313288277
194997,0.49598901922998256
194998,0.9418373700692206
194999,0.7586139504865446
195000,0.5196685770903687
195001,0.6095281814008663
195002,0.17947377750305654
195003,0.0004272319460415142
195004,0.4992296189909145
195005,0.8707259761568215
195006,0.8610496270810514
195007,0.7690175028747256
195008,0.43338590407279304
195009,0.3215556696860754
195010,0.48652174110653074
195011,0.12476536330622985
195012,0.6065284677371705
195013,0.9209893601065353
195014,0.0036632866862708557
195015,0.9212302462037715
195016,0.31754241640570674
195017,0.7694083746551467
195018,0.4305725362579026
195019,0.49368469373377993
195020,0.06579826471109576
195021,0.07064325678003462
195022,0.1022856909113221
195023,0.9521182068984325
195024,0.2668245303857359
195025,0.27830525268042594
195026,0.3445761995445889
195027,0.3274869217029283
195028,0.8235304811813418
195029,0.36240177074006574
195030,0.3420946182409861
195031,0.5287586184955072
195032,0.18276437249171673
195033,0.5734134468982507
195034,0.6326668817976465
195035,0.3410038132723694
195036,0.38625403938714936
195037,0.2741965539653033
195038,0.934638057276351
195039,0.49372559892010304
195040,0.6494061930452094
195041,0.6381572668063503
195042,0.7345389758250349
195043,0.5972929856695497
195044,0.10893960121988355
195045,0.44260775107830613
195046,0.9703619199985456
195047,0.3538116816122097
195048,0.46733720872098566
195049,0.5580330968407561
195050,0.28534548974870577
195051,0.6898750573808864
195052,0.9451234200371782
195053,0.2310324923530027
195054,0.26613823225964794
195055,0.5851214202280691
195056,0.628135496157185
195057,0.20256702769281115
195058,0.24447211857050008
195059,0.7137136909658623
195060,0.13514164557019556
195061,0.52156385072334
195062,0.3230464364765181
195063,0.3528844973888856
195064,0.02526577008558274
195065,0.17012466991787148
195066,0.4048886242676835
195067,0.26289308747801343
195068,0.7602274328359566
195069,0.6875616418432787
195070,0.13251007858340794
195071,0.3203694192827048
195072,0.39483503847360024
195073,0.7520963907990602
195074,0.8943191786238586
195075,0.5037837297348889
195076,0.4360492862044986
195077,0.14949482094890942
195078,0.5537016921112076
195079,0.9346653274005663
195080,0.32352820867099047
195081,0.5476886297217084
195082,0.5883983801546216
195083,0.7698946918703214
195084,0.45175687775257817
195085,0.47318210534448985
195086,0.10359465687366205
195087,0.9131855595602238
195088,0.35509792247103683
195089,0.19573131655614692
195090,0.9026547465923708
195091,0.16831575167824891
195092,0.7300303152880862
195093,0.8939101267606274
195094,0.09576358620313515
195095,0.7470923230055313
195096,0.3056162820821649
195097,0.30107126137959556
195098,0.7566368664809269
195099,0.17546052422268785
195100,0.6046422841456043
195101,0.39462596752128204
195102,0.17063371223655924
195103,0.3175015112193836
195104,0.45470205116784307
195105,0.5223501393048846
195106,0.40779289249662526
195107,0.059076179091995765
195108,0.6072511260288791
195109,0.6165820535312538
195110,0.7286986242222333
195111,0.7352889042409588
195112,0.7250126124324496
195113,0.4029978956554147
195114,0.21529308566000518
195115,0.6769172033578613
195116,0.4350175665050154
195117,0.0921593847859977
195118,0.9167852159566586
195119,0.5092195744951619
195120,0.43137245990155487
195121,0.772158112180201
195122,0.2602569754705233
195123,0.6671454088473374
195124,0.44386217679221524
195125,0.677521691111303
195126,0.33192286190863596
195127,0.7607682902995624
195128,0.9319701301239428
195129,0.08490098672399451
195130,0.7932470082401226
195131,0.09385013248735347
195132,0.6741220156257811
195133,0.04373673422082438
195134,0.35001658932556434
195135,0.7508601451679612
195136,0.2913085569104767
195137,0.017307438835383895
195138,0.3597202085255498
195139,0.2869907872430359
195140,0.4318542320960272
195141,0.023765913253734873
195142,0.14747683175696866
195143,0.8530503906445294
195144,0.35703410129033136
195145,0.0643983983347044
195146,0.13226464746546923
195147,0.22666927247853613
195148,0.7673131201112622
195149,0.5522063803000623
195150,0.8003099704119152
195151,0.7207084778271166
195152,0.30400734475345537
195153,0.5436390162757192
195154,0.3098476963562569
195155,0.17207902881997628
195156,0.7063189422827821
195157,0.06737993191558987
195158,0.49188941055626506
195159,0.6916612505169961
195160,0.2884042886815349
195161,0.7855931933769958
195162,0.10881688566091417
195163,0.9281523127337846
195164,0.45433844951163754
195165,0.46499197803845993
195166,0.11488448829884419
195167,0.6176092282100345
195168,0.019966275946386936
195169,0.888669717890565
195170,0.8703532844592107
195171,0.40849737070552355
195172,0.12692879316065286
195173,0.351698246985515
195174,0.8681307693356544
195175,0.7312620158984825
195176,0.628789979138355
195177,0.3341044718458692
195178,0.11477086278127996
195179,0.2816640229796246
195180,0.7505692638429968
195181,0.40076629049045315
195182,0.7202176155912391
195183,0.30413460533312725
195184,0.8484053794865036
195185,0.3928488644265774
195186,0.17419700846737357
195187,0.2140659300703115
195188,0.6784852355002476
195189,0.3932715513519164
195190,0.4563564387035783
195191,0.22891905772630794
195192,0.490180482772099
195193,0.28750891960312874
195194,0.675780948182219
195195,0.2660700569491094
195196,0.684443757641316
195197,0.34233550433822224
195198,0.8665763722553756
195199,0.5986564918803206
195200,0.37283713827316484
195201,0.6441612391544443
195202,0.3031846960062903
195203,0.682902995623145
195204,0.5591738970371011
195205,0.17431972402634294
195206,0.3893719235891119
195207,0.07238399970911867
195208,0.24499934097199816
195209,0.34472618522777365
195210,0.4464210234477618
195211,0.5812945127965058
195212,0.6231268833429536
195213,0.9034046750082947
195214,0.5431754241640572
195215,0.6921839278977917
195216,0.3648242667745351
195217,0.4476163638925375
195218,0.3283186604914985
195219,0.8421196158548502
195220,0.25793446989151037
195221,0.6855800128169585
195222,0.2674790133669058
195223,0.7329709436826485
195224,0.10035860213343271
195225,0.8546684180146441
195226,0.6351620981633572
195227,0.11356188727439653
195228,0.591666250039769
195229,0.20788015689411468
195230,0.7426518377791211
195231,0.5610828057321801
195232,0.3686193590611805
195233,0.8762345412483354
195234,0.2984260593307002
195235,0.4427668268028961
195236,0.010680798651037854
195237,0.6246221951540989
195238,0.2656291899409602
195239,0.6303807363842543
195240,0.7598638311797511
195241,0.5546197862931266
195242,0.15891664886533557
195243,0.11208021052535894
195244,0.30618440966998606
195245,0.36280627758259437
195246,0.8849791610800788
195247,0.15286268128951327
195248,0.9655623781366324
195249,0.7942741829189032
195250,0.07954240731566532
195251,0.21436135641597848
195252,0.09585448661718653
195253,0.7137955013385087
195254,0.791406274855582
195255,0.337399611855232
195256,0.8009917235173006
195257,0.36519695847214584
195258,0.21346598733757233
195259,0.1260788742892724
195260,0.5934888033414993
195261,0.17004285954522522
195262,0.3232736875116466
195263,0.05502656564600652
195264,0.2017898291526718
195265,0.08955054290272291
195266,0.3897491603074252
195267,0.2646520104899077
195268,0.33122747374114286
195269,0.2802505215411256
195270,0.33307729716708856
195271,0.4593606973879766
195272,0.48502188427468285
195273,0.46313760959181166
195274,0.24105880802287055
195275,0.747033237736398
195276,0.12538803114248187
195277,0.23090523177333075
195278,0.4528158675762768
195279,0.5657869021593394
195280,0.6568600269974231
195281,0.3920762109071407
195282,0.45483840178892015
195283,0.1639025365760541
195284,0.7939833015939388
195285,0.7572322641929634
195286,0.5413846860072449
195287,0.9803791456270083
195288,0.7455197458424423
195289,0.3363451670522359
195290,0.7497829752614523
195291,0.7564096154457983
195292,0.9465005613100568
195293,0.996295808127406
195294,0.698183355225183
195295,0.7572458992550711
195296,0.7083732916403433
195297,0.5552924493571069
195298,0.39424873080296874
195299,0.9093450170665528
195300,0.563005349489367
195301,0.8905831716063467
195302,0.4224596743038164
195303,0.5474431986037697
195304,0.7483921989264661
195305,0.7099413237827299
195306,0.6734629876239087
195307,0.021484312861045084
195308,0.47344571654523887
195309,0.9146308761436408
195310,0.5320310334013572
195311,0.6875525518018735
195312,0.08081955813308729
195313,0.096377163997982
195314,0.13111475722771918
195315,0.5011612527895064
195316,0.4803859631580622
195317,0.689129673985665
195318,0.7015466705450843
195319,0.5485385485930888
195320,0.4744138059548861
195321,0.2435085741815554
195322,0.9289204212325187
195323,0.555037928197763
195324,0.30509360470136937
195325,0.14432713241008813
195326,0.371273651151481
195327,0.8829657169088405
195328,0.5697865203776002
195329,0.5216002108889606
195330,0.359043000440867
195331,0.5258998004735912
195332,0.03354225278496144
195333,0.737134182646202
195334,0.06849346198771934
195335,0.7156544148058595
195336,0.7353888946964153
195337,0.40149349380286425
195338,0.3507347025965703
195339,0.29665350125669815
195340,0.18547320483044802
195341,0.83817453788502
195342,0.8232032396907568
195343,0.9308156948654902
195344,0.37732761872730325
195345,0.40727021511582984
195346,0.05060880552310915
195347,0.48045868348930326
195348,0.6942019170897324
195349,0.5996927566005064
195350,0.5930570263747551
195351,0.5622372409906328
195352,0.3115929843060435
195353,0.31755150644711183
195354,0.06902068438921738
195355,0.06883888356111462
195356,0.3908263302139341
195357,0.8763890719522228
195358,0.5574558792115298
195359,0.048122679198803746
195360,0.8869971502720195
195361,0.4650374282454856
195362,0.5215411256198272
195363,0.2757782211697974
195364,0.07089777793937851
195365,0.05705364487935243
195366,0.874571063671195
195367,0.7830025315765313
195368,0.38040005272224015
195369,0.24801268969780157
195370,0.6710359465687367
195371,0.7831161570940955
195372,0.7160543766276856
195373,0.9529499456870026
195374,0.048563546206952975
195375,0.7295758132178293
195376,0.601374414260457
195377,0.14552701787556643
195378,0.18074638329977594
195379,0.6088600633575886
195380,0.21792010762609024
195381,0.7242263238509052
195382,0.10433095022747828
195383,0.3355134282636657
195384,0.2921857459060726
195385,0.9578403879629672
195386,0.8723894537339618
195387,0.021329782157157726
195388,0.5155780584580563
195389,0.17857386340394782
195390,0.4964798814658601
195391,0.03248326296126279
195392,0.2848319024093155
195393,0.33804045977429426
195394,0.11295285450025225
195395,0.8528049595265906
195396,0.24606742083710192
195397,0.5663095795401348
195398,0.3699055999200076
195399,0.5348534912576527
195400,0.0842828639084451
195401,0.2617750123851814
195402,0.7079960549220302
195403,0.09385467750805604
195404,0.10787152135477977
195405,0.5755905118147814
195406,0.43458124451756874
195407,0.7228219124538113
195408,0.3430672526713359
195409,0.697497057099095
195410,0.9041864185691366
195411,0.7986010426277492
195412,0.8901423045981975
195413,0.35928388653810317
195414,0.8301162161793647
195415,0.5496338985824081
195416,0.688602451584167
195417,0.9269978774753319
195418,0.13418719122265604
195419,0.16752491807600184
195420,0.2858772571709064
195421,0.2993486985333218
195422,0.7678448875334628
195423,0.9167215856668228
195424,0.43983074342903633
195425,0.518777753032665
195426,0.7004513205557651
195427,0.05007249308020598
195428,0.21617027465560104
195429,0.47245490203207874
195430,0.42073711145754267
195431,0.9421009812699698
195432,0.9129583085250954
195433,0.04875898209716345
195434,0.2982669836061103
195435,0.32302825639370786
195436,0.20629848968962053
195437,0.5549061225973885
195438,0.693129292203926
195439,0.017307438835383895
195440,0.20091718517777848
195441,0.7125956158730303
195442,0.12881497675221912
195443,0.2326686998059276
195444,0.9049272569436554
195445,0.5035792038032734
195446,0.42216424795814944
195447,0.49291204021434315
195448,0.27836433794955934
195449,0.5593466078237986
195450,0.4863581203612382
195451,0.17334254457529055
195452,0.8160993723326411
195453,0.4033478622495125
195454,0.559037546416024
195455,0.9151853686693543
195456,0.9653078569772886
195457,0.9226028424559475
195458,0.3487894337358707
195459,0.7655496520786652
195460,0.5104467300848555
195461,0.4730821148890333
195462,0.3448579908281482
195463,0.5301312147476832
195464,0.6875798219260889
195465,0.630362556301444
195466,0.24609014594061476
195467,0.45199776384981427
195468,0.1820235341171979
195469,0.2600524495389076
195470,0.41500584035160276
195471,0.6052331368369384
195472,0.642920448502643
195473,0.8527504192781598
195474,0.5866030969771068
195475,0.26071147754078017
195476,0.40478408879152444
195477,0.08395562241786012
195478,0.35805673094840945
195479,0.4535657959922007
195480,0.40168438467237216
195481,0.6860117897837025
195482,0.27856886388117497
195483,0.8698169720163076
195484,0.46875525518018735
195485,0.32949582085346396
195486,0.18205989428281846
195487,0.8874289272387635
195488,0.4266547284122879
195489,0.8371791783511574
195490,0.5058789842787734
195491,0.026683816544784363
195492,0.5546697815208548
195493,0.2815640325241681
195494,0.08442375955022474
195495,0.22844637557324077
195496,0.21497493421082534
195497,0.8032733239099905
195498,0.7490875870939593
195499,0.5301675749133038
195500,0.6304216415705773
195501,0.43084069247935425
195502,0.561041900545857
195503,0.7966285036428341
195504,0.11719790383645197
195505,0.17774212461537764
195506,0.7598729212211562
195507,0.7060871462269511
195508,0.5471886774444258
195509,0.08541911908408742
195510,0.09125038064548384
195511,0.9788747437744578
195512,0.814654055749224
195513,0.15100376782216246
195514,0.04057339981183614
195515,0.9947414110471273
195516,0.9626308397834753
195517,0.8232168747528645
195518,0.021607028420014458
195519,0.37803209693620154
195520,0.3520982088073411
195521,0.024611287104412762
195522,0.08452829502638384
195523,0.3253098567863976
195524,0.8136950563809818
195525,0.8913421900636758
195526,0.14548611268924333
195527,0.884901895728135
195528,0.15207184768726623
195529,0.04778180264611105
195530,0.31812872407633813
195531,0.3962894450984224
195532,0.9453824862172248
195533,0.9115493521072988
195534,0.7726898796024017
195535,0.8646538284981888
195536,0.0870507815163098
195537,0.1423500484044705
195538,0.264997432063303
195539,0.8908831429727162
195540,0.14636784670554176
195541,0.19365424209507273
195542,0.2750782879816017
195543,0.8211307102503853
195544,0.9585539562132706
195545,0.1054672054031206
195546,0.17105185414119564
195547,0.2493262006808441
195548,0.4825312129296748
195549,0.12188836520150349
195550,0.3634016752946309
195551,0.9806518468691625
195552,0.33808590998131993
195553,0.34169011139845745
195554,0.11784329677621681
195555,0.6473382086255403
195556,0.6351393730598444
195557,0.11894319178623858
195558,0.0729566723176424
195559,0.7596865753723508
195560,0.01781648115407166
195561,0.856336440612487
195562,0.14764499752296373
195563,0.07101594847764531
195564,0.426663818453693
195565,0.2697333436353802
195566,0.8804023252325914
195567,0.08670990496361711
195568,0.48593997845660186
195569,0.06008517368796615
195570,0.9576767672176747
195571,0.5024520386690361
195572,0.596624867626272
195573,0.6284627376477699
195574,0.06146231496084465
195575,0.1679294249185305
195576,0.19949913871857688
195577,0.322414678598861
195578,0.947068688897878
195579,0.7529281295876303
195580,0.47379113811863416
195581,0.47247308211488903
195582,0.5908526913340091
195583,0.40070720522131975
195584,0.3520027633725871
195585,0.41610119034092197
195586,0.6182818912740148
195587,0.8002963353498076
195588,0.012830593443353133
195589,0.7549415737588685
195590,0.5908254212097936
195591,0.8662264056612778
195592,0.027565550561082806
195593,0.2480354148013144
195594,0.7800073629335382
195595,0.44360765563287136
195596,0.6489289658714396
195597,0.8105499020548039
195598,0.00493134746228769
195599,0.9645352034578518
195600,0.905818081001359
195601,0.7448925329854879
195602,0.022429677167179498
195603,0.5379895555424256
195604,0.9969139309429556
195605,0.7086778080274155
195606,0.18932283736552422
195607,0.9891237654587517
195608,0.2782007172042668
195609,0.3022393317001558
195610,0.5599147354116198
195611,0.6765990519086815
195612,0.5675776403161518
195613,0.13202376136823304
195614,0.9126265220138078
195615,0.4479390603624199
195616,0.6098781479949641
195617,0.3713009212756964
195618,0.6151549170306472
195619,0.45203866903613743
195620,0.42205971248199037
195621,0.9315610782607114
195622,0.7845978338431332
195623,0.6476063648469919
195624,0.14629512637430064
195625,0.9681666749992046
195626,0.8725076242722286
195627,0.6149549361197341
195628,0.322614659509774
195629,0.6336349712072938
195630,0.05705364487935243
195631,0.4197690220478954
195632,0.987537553233555
195633,0.2141931906499834
195634,0.4940028451829598
195635,0.5504520023088706
195636,0.24924893532890044
195637,0.24439485321855642
195638,0.8397743851723245
195639,0.5886847164588834
195640,0.5388258393516983
195641,0.028324569018411877
195642,0.41261970448275387
195643,0.40732930038496323
195644,0.6171774512432904
195645,0.36563782548029505
195646,0.9358152176383164
195647,0.6784216052104117
195648,0.6247176405888529
195649,0.6310397643861269
195650,0.775894119197713
195651,0.8761163707100686
195652,0.373437081005904
195653,0.9564087064416579
195654,0.4672781234518523
195655,0.7540371146390572
195656,0.45253862131342004
195657,0.6553783502483854
195658,0.3515664413851405
195659,0.41592847955422435
195660,0.989732798232896
195661,0.8031915135373442
195662,0.34328086864435664
195663,0.08729621263424855
195664,0.3301412137932288
195665,0.48777162179973726
195666,0.9320110353102659
195667,0.9278887015330355
195668,0.9615854850218842
195669,0.5022975079651488
195670,0.07649724344494388
195671,0.5685729998500143
195672,0.8285300039541681
195673,0.4548702169338381
195674,0.01213520527586003
195675,0.442303234691234
195676,0.14251821417046556
195677,0.04475027383749733
195678,0.05754905213593248
195679,0.8638766299580495
195680,0.7044691188568364
195681,0.9538816749310294
195682,0.29873512073847497
195683,0.8654083019348153
195684,0.881093168379382
195685,0.21752014580426415
195686,0.435612964217052
195687,0.8341703746460566
195688,0.3385722271964948
195689,0.5195822216970198
195690,0.2830093491075852
195691,0.41870094218279164
195692,0.3990073674785588
195693,0.06604824084973705
195694,0.4383899718663218
195695,0.9929370378282074
195696,0.0487226219315429
195697,0.34464437485512744
195698,0.09016412069756978
195699,0.4074202007990146
195700,0.8277300803105159
195701,0.950286563555297
195702,0.9002049804336859
195703,0.9528772253557616
195704,0.02201153526254312
195705,0.275487339844833
195706,0.841837824571291
195707,0.5690184118788661
195708,0.8904468209852696
195709,0.6311170297380705
195710,0.05084514659964276
195711,0.4756818667309029
195712,0.7287713445534745
195713,0.3083387494830039
195714,0.6324896259902464
195715,0.18260529676712678
195716,0.545234318542321
195717,0.2962262693106567
195718,0.9594175101467587
195719,0.5555651505992609
195720,0.29779884647374566
195721,0.03422400589034683
195722,0.4469164307043418
195723,0.9380377327618727
195724,0.3069434281273151
195725,0.4142422768735711
195726,0.8132223742279147
195727,0.5125056244631195
195728,0.04700460410597171
195729,0.3817590139123084
195730,0.4982478945191595
195731,0.8268756164184329
195732,0.5881665840987906
195733,0.24552656337349618
195734,0.9856740947455016
195735,0.10516268901604846
195736,0.863449398012008
195737,0.23347316847028238
195738,0.6275082833002305
195739,0.2094300089536908
195740,0.3565068788888333
195741,0.34045386576735853
195742,0.2642838638129996
195743,0.3345271587712082
195744,0.165961430954318
195745,0.21512037487330757
195746,0.4481208611905227
195747,0.20466682725739815
195748,0.00486771717245172
195749,0.8883288413378724
195750,0.7128728621358871
195751,0.4365719635852941
195752,0.5437617318346885
195753,0.1245971975402348
195754,0.6181864458392607
195755,0.8253075842760463
195756,0.823212329732162
195757,0.7269442462310417
195758,0.623313229191759
195759,0.2871498629676258
195760,0.4753273551161025
195761,0.38954463437580955
195762,0.5600147258670763
195763,0.01923907263397585
195764,0.1685975429618082
195765,0.34893487439835286
195766,0.9164897896109917
195767,0.42156885024611285
195768,0.18117361524581746
195769,0.6969107494284638
195770,0.08750073856586416
195771,0.06626640184346039
195772,0.7232127842342322
195773,0.08304207325664369
195774,0.8998731939223984
195775,0.7107185223228691
195776,0.6172547165952341
195777,0.8711168479372424
195778,0.45193413355997836
195779,0.8252984942346412
195780,0.15493975575058744
195781,0.4080292335731589
195782,0.6431067943514484
195783,0.1362960808286482
195784,0.8279073361179161
195785,0.9580585489566905
195786,0.022252421359779295
195787,0.0345103421946087
195788,0.33133655423800457
195789,0.6305716272537623
195790,0.7989964594288728
195791,0.8283345680639576
195792,0.000877188995595875
195793,0.656269174306089
195794,0.44243049527090594
195795,0.11567077688038868
195796,0.28660900550402
195797,0.7502102072074939
195798,0.20238068184400582
195799,0.7117184268774345
195800,0.7074461074170194
195801,0.8606678453420356
195802,0.45395666777262167
195803,0.9800928093227464
195804,0.5836442884997342
195805,0.8462646747355934
195806,0.7863249417101096
195807,0.6837756395980383
195808,0.39916644320314876
195809,0.478013462351321
195810,0.8070229659896101
195811,0.9727253307638817
195812,0.17252898586953064
195813,0.5068743438126361
195814,0.5959431145208867
195815,0.2846455565605101
195816,0.36759672940310245
195817,0.5919025911163026
195818,0.13718690488635177
195819,0.48882606660273337
195820,0.1737970466455475
195821,0.9645942887269852
195822,0.49810699887737986
195823,0.27050599715481705
195824,0.900932183746097
195825,0.03142427313756414
195826,0.11702519304975434
195827,0.3178832929583994
195828,0.04597288440648847
195829,0.44411215293085654
195830,0.4411942496398071
195831,0.8323887265306493
195832,0.5825716636139278
195833,0.9830016225723909
195834,0.9225483022075166
195835,0.24823994073293004
195836,0.8634312179291976
195837,0.3670376918566864
195838,0.7506328941328327
195839,0.20350784697824298
195840,0.32194199644579374
195841,0.9751978220260794
195842,0.391280832284191
195843,0.4518295980838193
195844,0.7656769126583371
195845,0.7937878657037283
195846,0.717886019970821
195847,0.5485294585516837
195848,0.5543107248853519
195849,0.08867789892782961
195850,0.08810977134000844
195851,0.7486921702928357
195852,0.599083723826362
195853,0.21396593961485494
195854,0.9550497452515897
195855,0.6720540312061122
195856,0.3930215752132751
195857,0.4316860663300321
195858,0.3494484617377432
195859,0.9294567336754219
195860,0.3688057049099858
195861,0.9704255502883816
195862,0.8301434863035801
195863,0.40894278273437534
195864,0.30232114207280214
195865,0.19259525227137408
195866,0.5114511796601234
195867,0.85243226782898
195868,0.8071547715899846
195869,0.6606096690770427
195870,0.8447057326346121
195871,0.6057785393212466
195872,0.4274546520559401
195873,0.09223210511723881
195874,0.3578749301203067
195875,0.0949409374559701
195876,0.15604874080201436
195877,0.1634889396921203
195878,0.0699069634262184
195879,0.9510683071161389
195880,0.07587912062939446
195881,0.29475822762372683
195882,0.04196872116752492
195883,0.9963367133137292
195884,0.8706078056185547
195885,0.49853423082342135
195886,0.9186986696724404
195887,0.27151953677149
195888,0.5232773235282088
195889,0.4412215197640225
195890,0.2125660732384636
195891,0.3888992414360447
195892,0.8014007753805319
195893,0.44543475395530424
195894,0.9206893887401657
195895,0.8653310365828717
195896,0.20000818103726462
195897,0.05593102476581781
195898,0.971761786374937
195899,0.1602483399311884
195900,0.26746992332550074
195901,0.17505601738015916
195902,0.6817758304889079
195903,0.46085146417841927
195904,0.5718499597765668
195905,0.993332454629331
195906,0.08346930520268518
195907,0.4787815708500552
195908,0.6196681225882984
195909,0.09435462978533866
195910,0.5204548656719131
195911,0.12309279568768434
195912,0.48885333672694875
195913,0.09641352416360256
195914,0.7137545961521855
195915,0.6196681225882984
195916,0.7917789665531927
195917,0.28919512228378197
195918,0.28785434117652403
195919,0.3142972716240722
195920,0.8783752459992455
195921,0.7492421177978467
195922,0.01727562369046591
195923,0.9556724130878417
195924,0.15274905577194905
195925,0.9343335408892788
195926,0.27860976906749807
195927,0.29343562659927913
195928,0.19596311261197794
195929,0.07416564782452584
195930,0.09076860845101148
195931,0.21881093168379384
195932,0.027497375250544267
195933,0.09528635902936537
195934,0.048831702428404566
195935,0.02483853813954123
195936,0.7425291222201518
195937,0.5555787856613686
195938,0.8590225478477055
195939,0.6757400429958959
195940,0.4750046586462201
195941,0.3433263188513823
195942,0.6394707777893929
195943,0.67059962458129
195944,0.4612059757932197
195945,0.7872975761404593
195946,0.4336449702528395
195947,0.3011667068143495
195948,0.12796051286013607
195949,0.005281314056385527
195950,0.10905322673744779
195951,0.4738502233877675
195952,0.6731721062989443
195953,0.014834947573186196
195954,0.019439053544888896
195955,0.5073106658000828
195956,0.2790688161584576
195957,0.05624463119429509
195958,0.9027820071720427
195959,0.610850782425314
195960,0.9333245462933084
195961,0.40308879606946607
195962,0.21959722026533832
195963,0.17839206257584503
195964,0.8562773553433537
195965,0.5715681684930075
195966,0.23580021906999787
195967,0.3469896055376532
195968,0.3124565382395317
195969,0.5977929379468323
195970,0.9448688988778344
195971,0.5116647956331442
195972,0.07722444675735497
195973,0.6641229700801288
195974,0.23418673672058576
195975,0.8920603033346817
195976,0.30692979306520735
195977,0.6283400220888007
195978,0.6487108048777163
195979,0.35280268701623935
195980,0.9152217288349749
195981,0.05404029615354898
195982,0.9590902686561738
195983,0.8074002027079233
195984,0.7662768553910764
195985,0.8949100313151928
195986,0.8367701264879261
195987,0.06319396784852355
195988,0.8269437917289714
195989,0.7439335336172457
195990,0.24723549115766222
195991,0.4042114161830007
195992,0.8588362019989002
195993,0.5212047940878372
195994,0.5765086059967004
195995,0.11839778930193026
195996,0.9613718690488636
195997,0.14380900004999522
195998,0.48648083592020763
195999,0.6321714745410666
196000,0.1924043614018662
196001,0.20579399239163534
196002,0.7357252262284055
196003,0.3031437908199672
196004,0.9966503197422064
196005,0.49821153435353893
196006,0.5465387394839584
196007,0.03359679303339227
196008,0.6753809863603929
196009,0.2160202889724163
196010,0.6260220615304903
196011,0.4862990350921048
196012,0.4019434508524186
196013,0.41217429245390214
196014,0.5283632016943837
196015,0.5864212961490041
196016,0.796428522731921
196017,0.15321719290431368
196018,0.18355520609396378
196019,0.39221710654892034
196020,0.9376695860849646
196021,0.009794519614036842
196022,0.5428254575699593
196023,0.8759845651096941
196024,0.7349889328745893
196025,0.3287686175410529
196026,0.8167902154794315
196027,0.40435685684548295
196028,0.5662732193745142
196029,0.7443653105839897
196030,0.34728048686261764
196031,0.6211043491303103
196032,0.22480581399048272
196033,0.48788070229659897
196034,0.15686229950777428
196035,0.09515909844969342
196036,0.5891255834670327
196037,0.9869966957699492
196038,0.41217883747460465
196039,0.44609378195717675
196040,0.893323819089996
196041,0.3648878970643711
196042,0.758218533685421
196043,0.3192331641070625
196044,0.4841810554447076
196045,0.7024511296648956
196046,0.011267106321669294
196047,0.26831529717617864
196048,0.2790097308893242
196049,0.43145881529490365
196050,0.007971966312306553
196051,0.1648479008821885
196052,0.5242045077515328
196053,0.061375959567495836
196054,0.6615232182382591
196055,0.5457160907367934
196056,0.7890246840074356
196057,0.6368755709682258
196058,0.6234586698542413
196059,0.7934469891510356
196060,0.8700533130928412
196061,0.6004063248508097
196062,0.06988423832270556
196063,0.7168043050436096
196064,0.4132969125674367
196065,0.5957749487548916
196066,0.4669054317542416
196067,0.5585739543043619
196068,0.39456688225214864
196069,0.7099958640311608
196070,0.10377645770176483
196071,0.5466250948773071
196072,0.024665827352843592
196073,0.11619799928188672
196074,0.7329618536412434
196075,0.36535603419673573
196076,0.5095468159857469
196077,0.6589734616241177
196078,0.5543470850509724
196079,0.7258761663659378
196080,0.32468718895014564
196081,0.9554633421355234
196082,0.21265242863181244
196083,0.5704455483794729
196084,0.6408615541243791
196085,0.9673531162934448
196086,0.34218097363433486
196087,0.8689988682898452
196088,0.9360061085078243
196089,0.6294626422023353
196090,0.8214443166788624
196091,0.8193808772798961
196092,0.9650624258593498
196093,0.6219815381259062
196094,0.7510055858304434
196095,0.04113243735825217
196096,0.7077188086591735
196097,0.31399730025770267
196098,0.399870921412047
196099,0.5243226782897996
196100,0.7719626762899905
196101,0.35850214297726124
196102,0.31312011126210676
196103,0.06704360038359974
196104,0.6763763458942555
196105,0.2023352316369801
196106,0.7107457924470847
196107,0.12448357202267055
196108,0.337208720985724
196109,0.22867817162907175
196110,0.1514809949959322
196111,0.373405265860986
196112,0.19337699583221601
196113,0.07144318042368683
196114,0.3853995754950663
196115,0.8438830838874471
196116,0.4295680866826348
196117,0.44514387263033983
196118,0.832202380681844
196119,0.03616018470964135
196120,0.7718263256689134
196121,0.5633007758350339
196122,0.34550338376791306
196123,0.6986196772126297
196124,0.5580103717372433
196125,0.42642293235645684
196126,0.37574595152280915
196127,0.2078301616663864
196128,0.09488185218683672
196129,0.08750528358656673
196130,0.6672590343649016
196131,0.8107271578622041
196132,0.16223451397821118
196133,0.9595265906436204
196134,0.4259002549756614
196135,0.904150058403516
196136,0.5817808300116807
196137,0.16941564668827067
196138,0.07092959308429649
196139,0.7251216929293114
196140,0.7684675553697147
196141,0.6786943064525659
196142,0.3479258798023825
196143,0.8139813926852437
196144,0.22982351684611924
196145,0.8787161225519382
196146,0.9739070361465497
196147,0.8967098595134101
196148,0.21783829725344397
196149,0.12698787842978626
196150,0.7232127842342322
196151,0.7978783843360406
196152,0.5703091977583958
196153,0.13400539039455325
196154,0.9364697006194864
196155,0.2705196322169247
196156,0.9531862867635362
196157,0.6776216815667595
196158,0.7085187323028256
196159,0.5946750537448698
196160,0.5998245622008809
196161,0.5084469209757251
196162,0.7842660473318457
196163,0.9449688893332909
196164,0.004599560951000132
196165,0.710804877716218
196166,0.21205248589907327
196167,0.15430345285222777
196168,0.012385181414501343
196169,0.697297076188182
196170,0.8108589634625786
196171,0.31308375109648623
196172,0.6858890742247331
196173,0.8738256802759737
196174,0.5545470659618854
196175,0.6688225214865855
196176,0.9585630462546757
196177,0.04296862572209017
196178,0.06807986510378554
196179,0.17359252071393186
196180,0.972543529935779
196181,0.11144390762699924
196182,0.5407938333159108
196183,0.9705209957231355
196184,0.035764767908517826
196185,0.5493930124851719
196186,0.5394803223328682
196187,0.31960585580467316
196188,0.8602406133959941
196189,0.48681262243149515
196190,0.5926525195322265
196191,0.6132278282527578
196192,0.6204362310870326
196193,0.3310093127474195
196194,0.9790974497888838
196195,0.07258398062003171
196196,0.468568909331382
196197,0.19195440435231184
196198,0.6067966239586221
196199,0.5174824221324329
196200,0.3102976534058112
196201,0.14841310602169794
196202,0.34585789538271344
196203,0.2949809336381527
196204,0.5621099804109608
196205,0.7975420528040505
196206,0.24027706446202862
196207,0.8611632525986156
196208,0.27544188963780725
196209,0.4907758804841356
196210,0.517923289140582
196211,0.7249989773703419
196212,0.09210938955826943
196213,0.4937210538994005
196214,0.6867935333445444
196215,0.04297771576349531
196216,0.7571050036132916
196217,0.21986537648678992
196218,0.8896150821966994
196219,0.24181328145949707
196220,0.7128274119288615
196221,0.7458469873330273
196222,0.8252712241104259
196223,0.08995504974525158
196224,0.32750055676503603
196225,0.10344921621117983
196226,0.7474877398066548
196227,0.2612614250457911
196228,0.9518636857390885
196229,0.8009099131446544
196230,0.9541543761731835
196231,0.6024470391462633
196232,0.7990646347394113
196233,0.3368814794951391
196234,0.46472836683771096
196235,0.31296103553751686
196236,0.6962062712195655
196237,0.6973834315815308
196238,0.15894846401025356
196239,0.6414478617950105
196240,0.5712591070852328
196241,0.3053163107157953
196242,0.02981079078815204
196243,0.6465428300025907
196244,0.3134019025456661
196245,0.8310979406511196
196246,0.44448938964916984
196247,0.4244958435785675
196248,0.8406061239608947
196249,0.5212911494811859
196250,0.5388258393516983
196251,0.35072561255516516
196252,0.04346403297867022
196253,0.033292276646320125
196254,0.07861976811304375
196255,0.3859586130414824
196256,0.959203894173738
196257,0.3185650460637848
196258,0.8073138473145746
196259,0.9657578140268429
196260,0.8654401170797332
196261,0.6646638275437345
196262,0.868726167047691
196263,0.4543566295944478
196264,0.8790297289804155
196265,0.2924175419619036
196266,0.5080105989882784
196267,0.7352752691788511
196268,0.9782066257311802
196269,0.34638057276350886
196270,0.37460969634716684
196271,0.24395398621040718
196272,0.8072047668177129
196273,0.12326550647438198
196274,0.7828979961003723
196275,0.7624135877938925
196276,0.753596247630908
196277,0.23269596993014305
196278,0.09828607269306111
196279,0.13989573722508308
196280,0.9944414396807577
196281,0.11728425922980079
196282,0.7543098158812114
196283,0.3298957826752901
196284,0.10537630498906922
196285,0.7337345071606801
196286,0.944450756973198
196287,0.9697710673072116
196288,0.05524927166043242
196289,0.679253343998982
196290,0.05935797037555506
196291,0.03274687416201181
196292,0.28702260238795385
196293,0.17336072465810085
196294,0.9121720199435509
196295,0.9516364347039601
196296,0.7143727189677349
196297,0.4885488203398766
196298,0.7656087373477987
196299,0.4135923389131037
196300,0.6142959081178615
196301,0.19615854850218842
196302,0.06688452465900982
196303,0.2440994268728894
196304,0.025274860126987878
196305,0.6555692411178934
196306,0.41577849387103955
196307,0.5786629458097182
196308,0.20322605569468372
196309,0.5128146858708942
196310,0.48061321419319064
196311,0.5665141054717505
196312,0.11601619845378396
196313,0.5924116334349903
196314,0.2179564677917108
196315,0.5727407838342704
196316,0.4613196013107839
196317,0.06613005122238332
196318,0.3899491412183382
196319,0.9276978106635275
196320,0.682534848946237
196321,0.7776212270646893
196322,0.5114648147222312
196323,0.8712213834134015
196324,0.6093872857590867
196325,0.8789206484835539
196326,0.8783570659164354
196327,0.8471282286690816
196328,0.14173647060962363
196329,0.26168411197113
196330,0.4986387662995805
196331,0.5332400089082406
196332,0.2934038114543612
196333,0.850955136100645
196334,0.7187995691320375
196335,0.2968171220019907
196336,0.6895341808281937
196337,0.33375905027247393
196338,0.45554287999781834
196339,0.2678471600438139
196340,0.9795428618177355
196341,0.21364324314497252
196342,0.3665013794137832
196343,0.24646738265892804
196344,0.5204230505269952
196345,0.42541393776048647
196346,0.385540471136846
196347,0.8584635103012895
196348,0.4502888360656483
196349,0.9921507492466628
196350,0.5584966889524182
196351,0.631017039282614
196352,0.9928597724762637
196353,0.84571018220988
196354,0.30307561550942863
196355,0.3623745006158503
196356,0.4035887483467487
196357,0.5529108585089605
196358,0.8189581903545571
196359,0.46544193508801435
196360,0.04014162284509206
196361,0.3804273228464556
196362,0.3241190613623245
196363,0.3939351243744915
196364,0.610923502756555
196365,0.5395439526227042
196366,0.34198553774412443
196367,0.36910567627635543
196368,0.7148454011208022
196369,0.16952018216442977
196370,0.21525218047368205
196371,0.4662873089386922
196372,0.32287827071052305
196373,0.862731284741002
196374,0.7697992464355675
196375,0.16866117325164415
196376,0.8121042991350826
196377,0.31808781889001503
196378,0.5004976797669314
196379,0.9342017352889043
196380,0.5535880665936433
196381,0.699187804800451
196382,0.7064462028624541
196383,0.7826298398789207
196384,0.6958699396875753
196385,0.9673440262520396
196386,0.650074311088487
196387,0.6917566959517502
196388,0.027256489153308094
196389,0.7971102758373065
196390,0.5295994473254827
196391,0.3488666990878143
196392,0.2844728457738125
196393,0.3758913921852914
196394,0.941337417791938
196395,0.41616482063075794
196396,0.7867476286354484
196397,0.2877770758245804
196398,0.558742120070357
196399,0.8021052535894301
196400,0.9617809209120948
196401,0.6528467737170544
196402,0.28812249739797563
196403,0.023106885251862323
196404,0.22198790115488976
196405,0.9273069388831067
196406,0.5099285977247626
196407,0.1339690302289327
196408,0.18685943614473163
196409,0.4093291094940937
196410,0.3186241313329182
196411,0.02092073029392649
196412,0.16667045418391882
196413,0.5583057980829103
196414,0.05683093886492653
196415,0.024197690220478955
196416,0.06329850332468263
196417,0.5223319592220743
196418,0.593870585080515
196419,0.6975243272233106
196420,0.5440162529940324
196421,0.7378886560828285
196422,0.4591379913735507
196423,0.029283568386654003
196424,0.1049808881879457
196425,0.5006249403466033
196426,0.029924416305716274
196427,0.24040887006240313
196428,0.31868321660205157
196429,0.46298762390862686
196430,0.5828807250217025
196431,0.8171401820735293
196432,0.7878202535212548
196433,0.2212879679666941
196434,0.9981683566568645
196435,0.2599660941455588
196436,0.5632235104830903
196437,0.45222955990564534
196438,0.6900204980433686
196439,0.933338181355416
196440,0.9129901236700133
196441,0.8414742229150853
196442,0.9383467941696474
196443,0.8933283641106986
196444,0.35809309111403
196445,0.12960581035446617
196446,0.324578108453284
196447,0.2252103208330114
196448,0.803500574945119
196449,0.9375196004017798
196450,0.5500202253421265
196451,0.9372014489525999
196452,0.6820348966689543
196453,0.9294658237168271
196454,0.3501074897396157
196455,0.259679757841297
196456,0.19972184473300275
196457,0.8102135705228137
196458,0.5611146208770981
196459,0.6907113411901592
196460,0.6730039405329492
196461,0.9295112739238528
196462,0.9650760609214576
196463,0.35959294794587787
196464,0.9686938974007027
196465,0.7835524790815422
196466,0.2346685089150581
196467,0.7918153267188132
196468,0.4264865626462928
196469,0.6774853309456824
196470,0.5218774571518173
196471,0.6139823016893842
196472,0.4707414292272101
196473,0.3401766195045018
196474,0.17762395407711085
196475,0.4741411047127319
196476,0.7195404075065562
196477,0.3237872748510369
196478,0.5964203416946564
196479,0.2380181891728517
196480,0.287686175410529
196481,0.12671063216692952
196482,0.9579903736461519
196483,0.2125388031142482
196484,0.43019075451888683
196485,0.42541393776048647
196486,0.9432826866526377
196487,0.44926620640757015
196488,0.11170297380704568
196489,0.40957908563273504
196490,0.40119352243649464
196491,0.8563909808609179
196492,0.3286595370441912
196493,0.9213166015971203
196494,0.6118734120833921
196495,0.4275137373250735
196496,0.16472973034392174
196497,0.44235322991896225
196498,0.27521009358197623
196499,0.29566723176424065
196500,0.16648410833511348
196501,0.6367255852850411
196502,0.5107921516582509
196503,0.4310633984937801
196504,0.586748537639589
196505,0.45017066552738144
196506,0.1722381045445662
196507,0.47307756986833077
196508,0.92195290449548
196509,0.18496416251176023
196510,0.10051313283732007
196511,0.8929374923302775
196512,0.41764195235909296
196513,0.2804095972657155
196514,0.3310502179337427
196515,0.40005272224014976
196516,0.057521782011717065
196517,0.8113725508019689
196518,0.047640907004331406
196519,0.2755464251139664
196520,0.8529867603546935
196521,0.40901095804491383
196522,0.6549147581367233
196523,0.35703410129033136
196524,0.06575281450407006
196525,0.304348221306148
196526,0.22807368387563007
196527,0.6515923480031452
196528,0.8001281695838125
196529,0.9061362324505388
196530,0.8163084432849592
196531,0.7689220574399717
196532,0.2736375164188873
196533,0.2280236886479018
196534,0.9355788765617827
196535,0.7318528685898165
196536,0.7212538803114248
196537,0.3105612646065603
196538,0.5396439430781608
196539,0.3277005376759491
196540,0.7643270415096741
196541,0.41348780343694463
196542,0.3573567977602138
196543,0.006994786861254152
196544,0.19554951572804413
196545,0.31019311792965215
196546,0.8690579535589785
196547,0.04205507656087374
196548,0.7759168443012259
196549,0.5290722249239845
196550,0.06203498756936838
196551,0.8401925270769609
196552,0.9275432799596403
196553,0.09262297689765976
196554,0.40763381677203536
196555,0.4713640970634621
196556,0.7032646883706556
196557,0.6842528667718082
196558,0.8363338045004794
196559,0.4421168888424286
196560,0.5649188032051486
196561,0.167829434463074
196562,0.23671831325191686
196563,0.10501724835356624
196564,0.6340485680912277
196565,0.9690984042432313
196566,0.33857677221719745
196567,0.4995568604814995
196568,0.6655182914358175
196569,0.17673767504010982
196570,0.3240417960103808
196571,0.7653314910849419
196572,0.9791928952236378
196573,0.8046868253484895
196574,0.8514232732330096
196575,0.6751991855322901
196576,0.5891801237154636
196577,0.7635680230523451
196578,0.4358402152521804
196579,0.39398966462292234
196580,0.8169538362247241
196581,0.8149631171569987
196582,0.7942014625876621
196583,0.9716163457124548
196584,0.01604392308006963
196585,0.6282173065298313
196586,0.5979929188577454
196587,0.6010289926870617
196588,0.09020048086319032
196589,0.4277864385672277
196590,0.6429522636475609
196591,0.28389562814458613
196592,0.1113030119852196
196593,0.2416269356106917
196594,0.21879729662168612
196595,0.24796269447007332
196596,0.8835111193931489
196597,0.06145776994014208
196598,0.5956249630717069
196599,0.42057349071225014
196600,0.7874657419064544
196601,0.3616472973034392
196602,0.8567182223515029
196603,0.10125397121183886
196604,0.03337863203966894
196605,0.1505174506069875
196606,0.3946396025833897
196607,0.4609559996545784
196608,0.9682393953304458
196609,0.5863713009212757
196610,0.877907108866881
196611,0.3109794065111966
196612,0.2172883497484331
196613,0.8789070134214462
196614,0.14024115879847834
196615,0.7683221147072326
196616,0.09010049040773381
196617,0.22709195940387508
196618,0.9123310956681407
196619,0.7674585607737443
196620,0.4303543752641793
196621,0.6252448629903509
196622,0.5493793774230642
196623,0.49320746656001013
196624,0.45537471423182335
196625,0.9389967321301149
196626,0.9384558746665091
196627,0.6689361470041497
196628,0.23268233486803533
196629,0.5941841915089924
196630,0.5886665363760732
196631,0.9431917862385863
196632,0.8050231568804797
196633,0.7596229450825149
196634,0.5693274732866409
196635,0.11822962353593519
196636,0.2859817926470655
196637,0.30049858877107183
196638,0.6409933597247536
196639,0.2293690147758623
196640,0.6697815208548275
196641,0.5726907886065421
196642,0.6023197785665914
196643,0.5968339385785902
196644,0.15458524413578706
196645,0.007331118393244281
196646,0.14858127178769298
196647,0.3033528617722853
196648,0.6532785506837985
196649,0.9107130682980261
196650,0.38018643674921937
196651,0.1124119970366465
196652,0.19646760990996312
196653,0.6835529335836126
196654,0.47257307257034553
196655,0.15978929284022889
196656,0.41366051422364225
196657,0.33927670540539306
196658,0.11682066711813872
196659,0.9596629412646975
196660,0.5414483162970807
196661,0.5640870644165784
196662,0.9797110275837306
196663,0.30779334699869554
196664,0.9540725658005372
196665,0.11429818062821274
196666,0.38523595474977385
196667,0.8063957531326555
196668,0.29406738447693626
196669,0.787533917216993
196670,0.4481163161698201
196671,0.6272992123479123
196672,0.26137050554265273
196673,0.18979097449788884
196674,0.2070756882297599
196675,0.6971789056499152
196676,0.14001390776334988
196677,0.461551397366615
196678,0.4150785606828439
196679,0.773244372128115
196680,0.960512860136078
196681,0.1740879279705119
196682,0.46710086764445213
196683,0.7980192799778204
196684,0.6878570681889457
196685,0.86488562455402
196686,0.19762659018911832
196687,0.15930752064575654
196688,0.40626122051985947
196689,0.8305752632703242
196690,0.9673485712727422
196691,0.26063875720953905
196692,0.7078233441353325
196693,0.7299575949568451
196694,0.8444921166615915
196695,0.9801473495711773
196696,0.3493302911994764
196697,0.17310620349875694
196698,0.7116138914012753
196699,0.06278946100599488
196700,0.504965435117557
196701,0.9044409397284805
196702,0.30293926488835154
196703,0.11612527895064562
196704,0.2101526672453993
196705,0.872862135887029
196706,0.7552960853736689
196707,0.2118388699260525
196708,0.2595297721581121
196709,0.8018689125128966
196710,0.7265851895955386
196711,0.27976874934665324
196712,0.699587766622277
196713,0.8904059157989465
196714,0.6483244781179978
196715,0.49582994350539267
196716,0.17362888087955242
196717,0.987769349289386
196718,0.6671181387231219
196719,0.2702287508919603
196720,0.26875616418432785
196721,0.6389526454293
196722,0.723353679876012
196723,0.7599638216352076
196724,0.6849800700842194
196725,0.6816622049713437
196726,0.13474622876907205
196727,0.939173987937515
196728,0.35782947991328096
196729,0.5070834147649542
196730,0.27705537198721936
196731,0.7088277937106005
196732,0.8524140877461698
196733,0.5102285690911322
196734,0.09255934660782379
196735,0.4405034064930165
196736,0.35981565396030374
196737,0.8599088268847065
196738,0.27615545788811063
196739,0.17921471132301006
196740,0.46060148803977796
196741,0.5007112957399521
196742,0.4765817808300116
196743,0.5575831397912018
196744,0.2748783070706887
196745,0.9977593047936333
196746,0.8322478308888698
196747,0.7904427304666373
196748,0.6860526949700255
196749,0.24160421050717887
196750,0.41371050945137056
196751,0.2717558778480236
196752,0.13664150240204345
196753,0.7171633616791124
196754,0.753732598251985
196755,0.6790033678603407
196756,0.7615409438189991
196757,0.9064452938583136
196758,0.25592102572027214
196759,0.11363915262634021
196760,0.08703260143349952
196761,0.22079710573081662
196762,0.9681257698128816
196763,0.2684789179214711
196764,0.22600115443525845
196765,0.8458601678930647
196766,0.16919748569454734
196767,0.7797119365878712
196768,0.28228669081587665
196769,0.5455979201985266
196770,0.3567159498411515
196771,0.5554515250816967
196772,0.47555006113052845
196773,0.7119184077883475
196774,0.4283227510101308
196775,0.6084691915771677
196776,0.24029524454483892
196777,0.6071056853663969
196778,0.9875739133991756
196779,0.22687834343085433
196780,0.32301007631089756
196781,0.2367137682312143
196782,0.35022111525717997
196783,0.27229673531162935
196784,0.07182496216270264
196785,0.18444603015166733
196786,0.007771985401393502
196787,0.43157698583317045
196788,0.9919507683357498
196789,0.3618836383799728
196790,0.7085596374891489
196791,0.9497411610709887
196792,0.5307629726253403
196793,0.9176987651178752
196794,0.5288131587439381
196795,0.870962317233355
196796,0.7837524599924554
196797,0.34801678021643384
196798,0.941105621736107
196799,0.33051390549083953
196800,0.8375473250280656
196801,0.7805073152108208
196802,0.5764040705205413
196803,0.9892055758313979
196804,0.9872284918257803
196805,0.6524513569159308
196806,0.8583907899700484
196807,0.6656773671604075
196808,0.7268442557755851
196809,0.12204289590539084
196810,0.9449098040641576
196811,0.10908504188236577
196812,0.5054108471464088
196813,0.6509424100426777
196814,0.9854104835447526
196815,0.04563200785379577
196816,0.5804264138423151
196817,0.5430254384808724
196818,0.8900877643497667
196819,0.01142163702555665
196820,0.34656691861231426
196821,0.9882420314424533
196822,0.31939678485235495
196823,0.8952645429299931
196824,0.5691411274378355
196825,0.215970293744688
196826,0.3064934710777607
196827,0.773867039964367
196828,0.6765354216188455
196829,0.7567641270605988
196830,0.09434553974393353
196831,0.8296753491712155
196832,0.987801164434304
196833,0.9823516846119233
196834,0.21513855495611783
196835,0.6665681912181111
196836,0.08815522154703415
196837,0.31435181187250305
196838,0.7658723485485476
196839,0.863776639502593
196840,0.18429604446848255
196841,0.2626112961944541
196842,0.4149603901445771
196843,0.15526699724117246
196844,0.6203726007971966
196845,0.6302125706182592
196846,0.5944977979374697
196847,0.48650356102372044
196848,0.6317078824294046
196849,0.7262579481049537
196850,0.4406261220519859
196851,0.6289217847387295
196852,0.6635957476786307
196853,0.1856686407206585
196854,0.39678485235500244
196855,0.9484640102535667
196856,0.40966998604678645
196857,0.7048236304716368
196858,0.43138609496366254
196859,0.1776875843669468
196860,0.6870298744210781
196861,0.16105735361624574
196862,0.698374246094691
196863,0.10464910167665813
196864,0.485885438208171
196865,0.04008708259666123
196866,0.17300166802259787
196867,0.08010144486208133
196868,0.5132555528790435
196869,0.023197785665913708
196870,0.7191268106226225
196871,0.92932947309575
196872,0.7934060839647126
196873,0.5630189845514746
196874,0.029474459256161913
196875,0.7881338599497321
196876,0.35952477263533933
196877,0.9649533453624882
196878,0.4799132810049949
196879,0.3528890424095881
196880,0.5480613214193191
196881,0.41169252025942976
196882,0.6662136796033106
196883,0.784029706255312
196884,0.48592179837379157
196885,0.5597738397698402
196886,0.28867244490298655
196887,0.4705641734198099
196888,0.579044727548734
196889,0.05049063498484235
196890,0.18213261461405958
196891,0.9937142363683467
196892,0.6818940010271747
196893,0.15253543979892828
196894,0.10954408897332527
196895,0.668890696797124
196896,0.2034942119161353
196897,0.46201953449897964
196898,0.35111193931488355
196899,0.9751887319846742
196900,0.4510842146885979
196901,0.9416010289926872
196902,0.3796364892442085
196903,0.44256230087128046
196904,0.2514260002454311
196905,0.18704123697283442
196906,0.8967416746583281
196907,0.2640566127778712
196908,0.7348889424191328
196909,0.38804932256466423
196910,0.6132096481699474
196911,0.18456420068993415
196912,0.9141127437835479
196913,0.7324664463846633
196914,0.015480340512951036
196915,0.2075620054449348
196916,0.8362701742106435
196917,0.5018157357706764
196918,0.34718504142786366
196919,0.10023134155376077
196920,0.8180355511519355
196921,0.10731248380836374
196922,0.5811081669477005
196923,0.39412601524399943
196924,0.9829198121997446
196925,0.25628008235577515
196926,0.09445916526149775
196927,0.41482858454420257
196928,0.6837620045359307
196929,0.07086141777375796
196930,0.12148840337967738
196931,0.8755618781843552
196932,0.0755609691802146
196933,0.655805582194427
196934,0.14449075315538062
196935,0.1896182637111912
196936,0.5520882097617954
196937,0.3832043304957254
196938,0.3994709595902209
196939,0.7874930120306699
196940,0.02469309747705901
196941,0.2532712786506742
196942,0.16909295021838824
196943,0.5257043645833808
196944,0.7150726521559306
196945,0.2239240799741843
196946,0.22317869657896294
196947,0.6422023352316371
196948,0.5295676321805647
196949,0.24874443803091525
196950,0.514305452661337
196951,0.22727376023197787
196952,0.1865958249439826
196953,0.24388581089986863
196954,0.8870016952927221
196955,0.6131551079215166
196956,0.05572195381349962
196957,0.9528363201694384
196958,0.2665427391021766
196959,0.23226873798410153
196960,0.3604655919207712
196961,0.26808350112034757
196962,0.3441944178055731
196963,0.7867567186768536
196964,0.1504447302757464
196965,0.5090923139154899
196966,0.939333063662105
196967,0.6587462105889892
196968,0.030169847423655013
196969,0.7403156971380005
196970,0.6622413315092651
196971,0.8531276559964731
196972,0.9621081624026798
196973,0.4233050481544943
196974,0.09691347644088517
196975,0.43883083887447105
196976,0.37891837597320255
196977,0.18149631171569988
196978,0.6181864458392607
196979,0.6553374450620623
196980,0.9068543457215448
196981,0.9141854641147891
196982,0.8479281523127339
196983,0.7063643924898078
196984,0.6976424977615773
196985,0.679980547311393
196986,0.08956417796483063
196987,0.67305848078138
196988,0.6815167643088614
196989,0.5218092818412788
196990,0.6241040627940061
196991,0.6282854818403698
196992,0.18260529676712678
196993,0.25344853445807447
196994,0.41511946586916704
196995,0.5130828420923458
196996,0.6558328523186423
196997,0.554574336086101
196998,0.5130646620095355
196999,0.9171442725921617
197000,0.42921812008853694
197001,0.5571013675967295
197002,0.8365883256598234
197003,0.06701178523868176
197004,0.9393921489312385
197005,0.2807186586734903
197006,0.5919844014889488
197007,0.38405424936710586
197008,0.5350262020443503
197009,0.5618190990859964
197010,0.3871812236104735
197011,0.921330236659228
197012,0.6483290231387004
197013,0.9205757632226015
197014,0.46868253484894623
197015,0.7283759277523509
197016,0.9359061180523678
197017,0.2867453561250971
197018,0.6727585094150104
197019,0.13611882502124797
197020,0.2368183037073734
197021,0.937560505588103
197022,0.8594861399593675
197023,0.2426495652687698
197024,0.05447207312029306
197025,0.8643174969661986
197026,0.17918744119879468
197027,0.8017234718504144
197028,0.6428340931092942
197029,0.562350866508197
197030,0.9655578331159299
197031,0.25251680521404773
197032,0.9705937160543767
197033,0.8772162657200904
197034,0.04107335208911876
197035,0.040941546488744256
197036,0.3548843064980161
197037,0.19552224560382875
197038,0.3722644656646411
197039,0.724576290445003
197040,0.4389126492471173
197041,0.09161852732239194
197042,0.006649365287858885
197043,0.8831384276955382
197044,0.5883756550511088
197045,0.2697242535939751
197046,0.8090318651401458
197047,0.5954022570572809
197048,0.6996968471191387
197049,0.858308979597402
197050,0.6382254421168889
197051,0.7752805414028662
197052,0.5178823839542589
197053,0.5297448879879648
197054,0.8773435262997623
197055,0.5110557628589999
197056,0.8247939969366561
197057,0.9420600760836466
197058,0.9075179187441199
197059,0.45433844951163754
197060,0.48826248403561473
197061,0.4064157512237468
197062,0.4260593307002513
197063,0.15201276241813283
197064,0.5148508551456452
197065,0.14358629403556936
197066,0.2497397975647779
197067,0.38076365437844567
197068,0.4101653933033665
197069,0.5058289890510451
197070,0.37536416978379333
197071,0.003495120920275792
197072,0.38966280491407634
197073,0.14620422596024926
197074,0.6397980192799778
197075,0.18162811731607437
197076,0.056990014589516455
197077,0.4040796105826262
197078,0.4522159248435376
197079,0.5070925048063595
197080,0.15970293744688008
197081,0.5811945223410493
197082,0.8469918780480045
197083,0.14416351166479566
197084,0.5923525481658569
197085,0.2312370182846183
197086,0.00376782216242995
197087,0.1819962639929825
197088,0.14973116202544304
197089,0.29016321169342923
197090,0.8216352075483704
197091,0.6964153421718836
197092,0.35120738474963753
197093,0.21021629753523527
197094,0.5610964407942878
197095,0.47523645470205117
197096,0.56927293303821
197097,0.7604955890574082
197098,0.033301366687725265
197099,0.018661855004749546
197100,0.08887787983874265
197101,0.5877529872148568
197102,0.13740052085937252
197103,0.6073556615050382
197104,0.9427554642511397
197105,0.5631644252139569
197106,0.8844337585957704
197107,0.4428849973411629
197108,0.0881597665677367
197109,0.27935515246271947
197110,0.20897550688343386
197111,0.3205012248830793
197112,0.6167184041523309
197113,0.30953863494848216
197114,0.1250107944241686
197115,0.6976334077201722
197116,0.5255907390658165
197117,0.14904486389935506
197118,0.7265170142850002
197119,0.34398989187395745
197120,0.4429440826102963
197121,0.11810690797696582
197122,0.5888028869971503
197123,0.5703319228619087
197124,0.29187668449829784
197125,0.958126724267229
197126,0.3645742906358938
197127,0.4280818649128947
197128,0.0222069711527536
197129,0.10874416532967307
197130,0.8777525781629936
197131,0.4844537566868617
197132,0.10798514687234399
197133,0.2170338285890892
197134,0.3667513555524245
197135,0.2778098454238459
197136,0.7236718313251918
197137,0.7792665245590195
197138,0.91358552138205
197139,0.6966244131242018
197140,0.20190345467023604
197141,0.8738302252966762
197142,0.28445921071170477
197143,0.8836929202212517
197144,0.5283222965080606
197145,0.7522372864408398
197146,0.5243817635589331
197147,0.31262015898482415
197148,0.9410556265083787
197149,0.6165502383863359
197150,0.6245721999263707
197151,0.5498020643484032
197152,0.1612573345271588
197153,0.5281404956799579
197154,0.9693711054853855
197155,0.4994068747983147
197156,0.9232209652714968
197157,0.04073247553642607
197158,0.4206007608364656
197159,0.6504606378482054
197160,0.8056321896546239
197161,0.4885351852777689
197162,0.21929724889896873
197163,0.8525413483258416
197164,0.5341399230073492
197165,0.1457679039728026
197166,0.1498993277914381
197167,0.605933070025134
197168,0.3402584298771481
197169,0.5088923330045769
197170,0.6204816812940583
197171,0.32772326277946195
197172,0.280373237100095
197173,0.12361092804777725
197174,0.4933619972638975
197175,0.520868462555847
197176,0.8815340353875312
197177,0.7636271083214784
197178,0.2537212357002286
197179,0.011321646570100126
197180,0.4200553583521573
197181,0.8762936265174688
197182,0.9267797164816085
197183,0.6093600156348712
197184,0.5093377450334287
197185,0.28530458456238267
197186,0.6797578412969671
197187,0.06554828857245444
197188,0.9079860558764846
197189,0.31935587966603185
197190,0.09297748851246017
197191,0.8088727894155558
197192,0.6133869039773476
197193,0.09577267624454029
197194,0.6482153976211362
197195,0.9464323859995183
197196,0.12208380109171396
197197,0.04480026906522559
197198,0.9822835093013849
197199,0.052954036205634915
197200,0.31017948286754443
197201,0.9378377518509596
197202,0.39918916830666157
197203,0.14577699401420774
197204,0.5104830902504761
197205,0.28432740511133026
197206,0.4228005508565091
197207,0.7893564705187233
197208,0.742674562882634
197209,0.32542348230396184
197210,0.08790524540839284
197211,0.08904604560473772
197212,0.06428477281714018
197213,0.44365310583989703
197214,0.6692906586189501
197215,0.4149558451238745
197216,0.3794319633125929
197217,0.4342267329027683
197218,0.11660705114511796
197219,0.6197953831679703
197220,0.23570477363524392
197221,0.9348471282286691
197222,0.28425468478008914
197223,0.2638566318669581
197224,0.1687611637071007
197225,0.7645951977311257
197226,0.35113920943909893
197227,0.290999495502702
197228,0.07897427972784415
197229,0.8630630712522896
197230,0.9922280145986065
197231,0.8364883352043668
197232,0.3466169138400425
197233,0.07810618077365342
197234,0.5339353970757337
197235,0.06833893128383199
197236,0.2702878361610937
197237,0.5381259061635026
197238,0.6770990041859641
197239,0.3545388849246208
197240,0.21633389540089354
197241,0.8089182396225816
197242,0.21948813976847664
197243,0.36381072715786217
197244,0.6456520059448871
197245,0.839188077501693
197246,0.8364292499352335
197247,0.8743801728016872
197248,0.8982324414487709
197249,0.9941732834593062
197250,0.919007731080215
197251,0.9905690820421688
197252,0.2066302762009081
197253,0.11898864199326427
197254,0.812004308679626
197255,0.5160598306525286
197256,0.4800859917916926
197257,0.1442907722444676
197258,0.5743633562250876
197259,0.6594052385908618
197260,0.4608378291163116
197261,0.6126824257684494
197262,0.3124928984051522
197263,0.2705514473618427
197264,0.7265442844092155
197265,0.8770117397884748
197266,0.06653455806491199
197267,0.7994327814163195
197268,0.717822389680985
197269,0.08026052058667127
197270,0.6720722112889224
197271,0.0713431899682303
197272,0.9153217192904314
197273,0.15518064184782362
197274,0.6477381704473665
197275,0.2914449075315538
197276,0.07696083555660596
197277,0.4854354811586167
197278,0.12315642597752031
197279,0.874634693961031
197280,0.865581012721513
197281,0.5674321996536695
197282,0.5144327132410088
197283,0.866235495702683
197284,0.7286895341808283
197285,0.09790883597474785
197286,0.6039196258538958
197287,0.5759041182432586
197288,0.3254507524281773
197289,0.28235486612641514
197290,0.6048877152635431
197291,0.8343521754741594
197292,0.816003926897887
197293,0.3321637480058722
197294,0.7417791938042279
197295,0.5965748723985438
197296,0.4866671817690129
197297,0.6935337990464547
197298,0.9952322732830048
197299,0.26027061053263095
197300,0.8198762845364761
197301,0.9543679921462042
197302,0.18271892228469103
197303,0.6768672081301331
197304,0.8228850882415769
197305,0.23599565496020836
197306,0.8559182987078506
197307,0.2002354320723931
197308,0.06970243749460278
197309,0.19015003113339182
197310,0.8790569991046309
197311,0.40076629049045315
197312,0.8582226242040533
197313,0.35542061894091925
197314,0.2220878916103463
197315,0.600297244353948
197316,0.468505279041546
197317,0.41037900927638726
197318,0.9719208620995269
197319,0.3332091027674631
197320,0.14646783716099826
197321,0.9327427836433796
197322,0.5674140195708591
197323,0.9629898964189781
197324,0.03687375295994474
197325,0.42680925911617523
197326,0.968553001758923
197327,0.6847391839869831
197328,0.5956749582994351
197329,0.6473972938946738
197330,0.09571813599610945
197331,0.8286618095545425
197332,0.9542952718149631
197333,0.1815826671090487
197334,0.13640061630480727
197335,0.5162098163357135
197336,0.39366242313233735
197337,0.8693942850909686
197338,0.14563155335172553
197339,0.18154176192272556
197340,0.3339635762040896
197341,0.5968112134750775
197342,0.7791528990414552
197343,0.3989573722508306
197344,0.04995886756264175
197345,0.816226632912313
197346,0.3027347389567359
197347,0.12628340022088802
197348,0.015630326196135823
197349,0.589798246531013
197350,0.002254330268474373
197351,0.3865312856500061
197352,0.19194985933160927
197353,0.2714831766058694
197354,0.9578494780043724
197355,0.6086373573431628
197356,0.9886510833056844
197357,0.9644033978574772
197358,0.5527336027015602
197359,0.7887792528894969
197360,0.25346216952018213
197361,0.44302134796223996
197362,0.07666540921093895
197363,0.6591052672244923
197364,0.2357365887801619
197365,0.31456088282482125
197366,0.13590520904822723
197367,0.7337299621399775
197368,0.24299498684216508
197369,0.031215202185245955
197370,0.1545034337631408
197371,0.6194635966566828
197372,0.3303684648283573
197373,0.13534162648110862
197374,0.03175151462814913
197375,0.9403965985065061
197376,0.9523500029542634
197377,0.7533462714922667
197378,0.8220624394944119
197379,0.5406574826948337
197380,0.31335190731793783
197381,0.7466060057903564
197382,0.6308943237236446
197383,0.22884633739506685
197384,0.19528135950659256
197385,0.7297848841701474
197386,0.7774394262365865
197387,0.6989151035582968
197388,0.11005313129201302
197389,0.018211897955195185
197390,0.8001008994595972
197391,0.8632494171010949
197392,0.40096172638066363
197393,0.18281891274014755
197394,0.6507833343180878
197395,0.5191322646474655
197396,0.5102649292567528
197397,0.741829189031956
197398,0.03788274755591512
197399,0.7586412206107599
197400,0.10640802468855244
197401,0.4295862667654451
197402,0.0915367169497457
197403,0.4371355461524127
197404,0.5784402397952922
197405,0.5671549533908127
197406,0.8362747192313461
197407,0.7157816753855314
197408,0.5746860526949701
197409,0.4505206321214793
197410,0.35894300998541045
197411,0.1489039682575754
197412,0.5991700792197109
197413,0.2282918448693534
197414,0.692433904036433
197415,0.41209702710195845
197416,0.472832138750392
197417,0.3351589166488653
197418,0.496902568391199
197419,0.883615654869308
197420,0.0788924693551979
197421,0.06855254725685275
197422,0.06222587843887629
197423,0.6448793524254502
197424,0.08637357343162698
197425,0.6393389721890184
197426,0.6514878125269862
197427,0.9118584135150736
197428,0.7903836451975039
197429,0.9650942410042678
197430,0.08667808981869912
197431,0.6436521968357566
197432,0.4546793260643302
197433,0.26989696438067273
197434,0.39191259016184815
197435,0.09879056999104631
197436,0.7478695215456707
197437,0.7375159643852178
197438,0.6254175737770487
197439,0.179405602192518
197440,0.17925107148863062
197441,0.776812213379632
197442,0.23044618468237124
197443,0.8274255639234437
197444,0.5699546861435953
197445,0.6468155312447448
197446,0.3754823403220602
197447,0.21094804586834895
197448,0.7562369046591008
197449,0.8949373014394081
197450,0.5280359602037988
197451,0.03786456747310484
197452,0.15731680157803118
197453,0.723985437753669
197454,0.8202762463583022
197455,0.25953886219951733
197456,0.001695292722058349
197457,0.5873621154344358
197458,0.2219288158857564
197459,0.920907549733889
197460,0.3930761154617059
197461,0.5180550947409566
197462,0.23631835143009078
197463,0.07418837292803868
197464,0.2156612323369133
197465,0.49137127819617216
197466,0.981310874871035
197467,0.23171424545838806
197468,0.014107744260775107
197469,0.6472200380872736
197470,0.3537344162602661
197471,0.7616818394607788
197472,0.149203939623945
197473,0.9918780480045086
197474,0.7809754523431854
197475,0.05160416505697184
197476,0.8263665740997451
197477,0.1939405783993346
197478,0.2818140086628094
197479,0.4123151880956818
197480,0.2758100363147154
197481,0.5694274637420974
197482,0.0474500161348235
197483,0.23700919457688133
197484,0.4828720894823676
197485,0.5822626022061531
197486,0.9322473763867994
197487,0.17480604124151786
197488,0.18615950295653597
197489,0.7520645756541422
197490,0.640797923834543
197491,0.8931692883861087
197492,0.6295717226991969
197493,0.6631276105462661
197494,0.8479190622713286
197495,0.6058785297767032
197496,0.8555956022379683
197497,0.21852914040023452
197498,0.4012207925607101
197499,0.10589443734916212
197500,0.7203994164193418
197501,0.46903250144304404
197502,0.45985155962385404
197503,0.006926611550715614
197504,0.6692588434740321
197505,0.008021961540034815
197506,0.8519686757173178
197507,0.14674962844455758
197508,0.7312074756500516
197509,0.7671949495729953
197510,0.9280068720713024
197511,0.4883624744910713
197512,0.9709527726898796
197513,0.08845973793410629
197514,0.37563232600524493
197515,0.7386476745401576
197516,0.012189745524290863
197517,0.4124742638202717
197518,0.5022838729030411
197519,0.827411928861336
197520,0.1517309711345735
197521,0.03142427313756414
197522,0.8227441925997974
197523,0.681553124474482
197524,0.4236322896450793
197525,0.47399566405024973
197526,0.49464369310202205
197527,0.7083278414333177
197528,0.9708527822344231
197529,0.688993323364588
197530,0.9271842233241373
197531,0.922239240799742
197532,0.686639002640657
197533,0.8187309393194286
197534,0.11845687457106367
197535,0.1558033096840756
197536,0.6101281241336054
197537,0.5363351680066903
197538,0.07317483331136572
197539,0.7228173674331086
197540,0.23691374914212734
197541,0.7207266579099268
197542,0.8766026879252435
197543,0.619472686698088
197544,0.17494693688329752
197545,0.37718672308552365
197546,0.09622717831479723
197547,0.843578567500375
197548,0.6178455692865681
197549,0.42888178855654685
197550,0.4162102708377836
197551,0.24318587771167297
197552,0.6975606873889311
197553,0.5169961049172579
197554,0.415414892214834
197555,0.4312133841769649
197556,0.3679421509764977
197557,0.6000427231946042
197558,0.8937646860981452
197559,0.46251948677626226
197560,0.06042605024065885
197561,0.93474259275251
197562,0.9673167561278242
197563,0.1223019620854373
197564,0.256893660150622
197565,0.33623608655537424
197566,0.8552274555610601
197567,0.8408197399339153
197568,0.2035033019575404
197569,0.3900264065702819
197570,0.08643720372146295
197571,0.6941428318205989
197572,0.4265501929361288
197573,0.9477004467755351
197574,0.5583876084555565
197575,0.13820498952372728
197576,0.030569809245481114
197577,0.6168183946077875
197578,0.5584785088696079
197579,0.19929006776625868
197580,0.1453224919439508
197581,0.5399802746101509
197582,0.6866662727648726
197583,0.5998700124079066
197584,0.11040309788611086
197585,0.08970507360661027
197586,0.4915576240449775
197587,0.1341008358293072
197588,0.5882074892851137
197589,0.6536239722571936
197590,0.6211770694615514
197591,0.021043445852895862
197592,0.6693133837224629
197593,0.6927975056926385
197594,0.3120338513141927
197595,0.8225623917716945
197596,0.6871934951663705
197597,0.08945964248867153
197598,0.5187186677635317
197599,0.6592507078869745
197600,0.17411065307402473
197601,0.23175969566541377
197602,0.8263620290790424
197603,0.6582917085187323
197604,0.5778448420832557
197605,0.8112907404293227
197606,0.45159325700728564
197607,0.2911449361651842
197608,0.808659173442535
197609,0.2759872921221156
197610,0.1650569718345067
197611,0.7241899636852845
197612,0.7665904618195536
197613,0.4195145008885515
197614,0.2419814472254921
197615,0.3047754532521895
197616,0.26792897041646024
197617,0.8893651060580581
197618,0.17677403520573037
197619,0.5411483449307112
197620,0.9498002463401221
197621,0.4164420668936147
197622,0.6729039500774926
197623,0.960249248935329
197624,0.40848373564341584
197625,0.2174110653074025
197626,0.715458978915649
197627,0.8231032492353003
197628,0.5173369814699506
197629,0.8182855272905769
197630,0.5674231096122643
197631,0.9691029492639339
197632,0.2511760241067898
197633,0.7932515532608251
197634,0.8031915135373442
197635,0.18805023156880482
197636,0.09327291485812718
197637,0.540348421287059
197638,0.6831029765340582
197639,0.20929820335331628
197640,0.8777434881215884
197641,0.530976588598361
197642,0.8531594711413911
197643,0.5660777834843038
197644,0.27250580626394755
197645,0.9750569263842996
197646,0.9940732930038497
197647,0.43340862917630585
197648,0.5331400184527841
197649,0.5837033737688676
197650,0.7205721272060395
197651,0.32530531176569505
197652,0.593638789024684
197653,0.656237359161171
197654,0.2390499088723349
197655,0.17510146758718487
197656,0.8977461242335959
197657,0.9316701587575732
197658,0.2072529440371601
197659,0.056790033678603406
197660,0.6206271219565406
197661,0.8013144199871831
197662,0.29825789356470517
197663,0.8482053985755905
197664,0.15563514391808056
197665,0.9200349057589957
197666,0.6410433549524819
197667,0.8152858136268811
197668,0.3524709005049518
197669,0.802127978692943
197670,0.270769608355566
197671,0.6240358874834676
197672,0.7552188200217252
197673,0.8453238554501616
197674,0.028865426482017627
197675,0.29353107203403306
197676,0.1217974647874521
197677,0.6822848728075956
197678,0.07666540921093895
197679,0.2750555628780889
197680,0.7259761568213944
197681,0.9172442630476182
197682,0.7475150099308703
197683,0.26321578394789585
197684,0.7797801118984097
197685,0.35789765522381956
197686,0.8760391053581249
197687,0.27847796346712356
197688,0.6405297676130914
197689,0.519782202607933
197690,0.8253257643588567
197691,0.07270669617900109
197692,0.6338622222424224
197693,0.5516837029192668
197694,0.4488298844201235
197695,0.04841356052376818
197696,0.5308038778116635
197697,0.7291213111475724
197698,0.26895614509524085
197699,0.6258493507437927
197700,0.7716036196544875
197701,0.09724526295217273
197702,0.7372796233086842
197703,0.29354016207543826
197704,0.8357156816849302
197705,0.9084632830502544
197706,0.03350134759863831
197707,0.3098976915839851
197708,0.32554619786293126
197709,0.21717472423086887
197710,0.06406206680271428
197711,0.9765340581126347
197712,0.1076715404438667
197713,0.19213166015971203
197714,0.615577603955986
197715,0.6957335890664983
197716,0.11818871834961209
197717,0.6753355361533672
197718,0.19921280241431502
197719,0.5753132655519246
197720,0.10503997345707909
197721,0.3884492843864904
197722,0.9393421537035102
197723,0.8153358088546093
197724,0.8810886233586794
197725,0.15875302812004308
197726,0.543525390758155
197727,0.208689170579172
197728,0.29121765649642534
197729,0.5290949500274974
197730,0.027592820685298225
197731,0.13531890137759578
197732,0.19110448548093137
197733,0.806982060803287
197734,0.9625672094936393
197735,0.5800309970411915
197736,0.9724571745424301
197737,0.5152508169674713
197738,0.5955249726162503
197739,0.9467550824694007
197740,0.15064471118665948
197741,0.08743710827602819
197742,0.3779502865635553
197743,0.3715508974143377
197744,0.8619949913871857
197745,0.5832897768849337
197746,0.9711345735179824
197747,0.6857072733966304
197748,0.5618690943137247
197749,0.51369187486649
197750,0.9761068261665932
197751,0.13026938337704128
197752,0.5015839397148455
197753,0.3254916576145004
197754,0.48211307102503853
197755,0.8257257261806827
197756,0.24768999322791915
197757,0.20934819858104453
197758,0.4781134528067775
197759,0.38352248194490524
197760,0.31237018284618284
197761,0.7371705428118225
197762,0.47363206239404415
197763,0.04267774439712573
197764,0.8088455192913404
197765,0.654296635321174
197766,0.9894510069493367
197767,0.26282945718817746
197768,0.8714304543657196
197769,0.4728230487089869
197770,0.8420332604615015
197771,0.13073752050940593
197772,0.021197976556783217
197773,0.9034592152567255
197774,0.0032224196781216337
197775,0.6291990310015863
197776,0.5838715395348626
197777,0.06372573527072414
197778,0.9047999963639834
197779,0.7287258943464487
197780,0.15395803127883248
197781,0.46602369773794317
197782,0.3821226155685139
197783,0.35084378309343195
197784,0.7531553806227588
197785,0.8132178292072121
197786,0.5451161480040542
197787,0.816849300748565
197788,0.436435612964217
197789,0.8759891101303967
197790,0.5392712513805501
197791,0.7674040205253135
197792,0.28604996795760407
197793,0.3691920316697042
197794,0.393212466082783
197795,0.7905745360670119
197796,0.4560837374614241
197797,0.02409769976502243
197798,0.3267051781420864
197799,0.6604324132696424
197800,0.2434949391194477
197801,0.21912908313297366
197802,0.18128724076338168
197803,0.3340499315974384
197804,0.7979465596465791
197805,0.7181132710059495
197806,0.4613377813935942
197807,0.9175215093104749
197808,0.5260952363638016
197809,0.4699869557905836
197810,0.7434790315469887
197811,0.7634816676589962
197812,0.9563541661932271
197813,0.1509037773667059
197814,0.5176687679812382
197815,0.15478977006740266
197816,0.5559832925038973
197817,0.1623799546406934
197818,0.8468237122820095
197819,0.8899014185009613
197820,0.10861235972929856
197821,0.6804214143195422
197822,0.10388553819862649
197823,0.423118702305689
197824,0.9102949263933897
197825,0.2723876357256807
197826,0.8526549738434058
197827,0.13327818708214217
197828,0.46368301207611995
197829,0.4326450656982742
197830,0.44531658341703745
197831,0.3255007476559056
197832,0.05410392644338495
197833,0.31568804795905847
197834,0.10505815353988937
197835,0.018998186536739674
197836,0.8256302807459288
197837,0.07597002104344584
197838,0.8395607691993037
197839,0.8097090732248287
197840,0.8109498638766299
197841,0.5267724444484845
197842,0.4698460601488039
197843,0.7616091191295377
197844,0.44716640684298314
197845,0.1698565136964199
197846,0.27496011744333493
197847,0.7783029801700747
197848,0.752287281668568
197849,0.08578272074029297
197850,0.3801409865421937
197851,0.12405179505592646
197852,0.5634007662904905
197853,0.6774307906972517
197854,0.6873662059530681
197855,0.4355538789479186
197856,0.9827380113716417
197857,0.11323010076310897
197858,0.41925543470850507
197859,0.2004717731489267
197860,0.7967330391189932
197861,0.5182550756518696
197862,0.7687675267360843
197863,0.19680848646265584
197864,0.6220133532708242
197865,0.8329477640770654
197866,0.8944237141000178
197867,0.7679039728025961
197868,0.7731625617554688
197869,0.20810286290854055
197870,0.6328259575222365
197871,0.1251153299003277
197872,0.11193931488357929
197873,0.7636043832179655
197874,0.28729075860940545
197875,0.3893401084441939
197876,0.9696438067275397
197877,0.05985792265283769
197878,0.2336913294640057
197879,0.39782111707518825
197880,0.6443203148790343
197881,0.713127383295231
197882,0.6708268756164185
197883,0.06284400125442571
197884,0.3186559464778362
197885,0.9739524863535753
197886,0.7794665054699325
197887,0.9371332736420614
197888,0.0687797982919812
197889,0.9913371905409029
197890,0.8019098176992197
197891,0.010158121270242385
197892,0.7126910613077844
197893,0.9722708286936248
197894,0.9077178996550329
197895,0.9512182927993237
197896,0.27397839297158
197897,0.24164511569350197
197898,0.3443989437371887
197899,0.9522136523331863
197900,0.5756086918975916
197901,0.8533685420937093
197902,0.2593161561850914
197903,0.1506128960417415
197904,0.14378627494648238
197905,0.14114107289758707
197906,0.13655060198799207
197907,0.7390930865690094
197908,0.10423550479272432
197909,0.6056603687829799
197910,0.6516605233136837
197911,0.5941660114261821
197912,0.0937728671354098
197913,0.5036564691552171
197914,0.5039155353352636
197915,0.7907472468537095
197916,0.41566032333277275
197917,0.12528804068702534
197918,0.39635307538825837
197919,0.6314715413528709
197920,0.452729512182928
197921,0.9386149503910991
197922,0.09428645447480012
197923,0.5275541880093264
197924,0.6374800587216675
197925,0.8007644724821722
197926,0.5250726067057235
197927,0.5874893760141078
197928,0.711554806132142
197929,0.44679371514537247
197930,0.2896541693747415
197931,0.9440507951513719
197932,0.43295867212675154
197933,0.05496293535617055
197934,0.3682012171565441
197935,0.42148249485276407
197936,0.2380909095040928
197937,0.6188227487376206
197938,0.4872762145431572
197939,0.5344989796428523
197940,0.9650942410042678
197941,0.1701655751041946
197942,0.8820658028097318
197943,0.3085114602697015
197944,0.24473118475054656
197945,0.8359792928856791
197946,0.9252253194013299
197947,0.36796487608001055
197948,0.5447389112857409
197949,0.23059162534485345
197950,0.3613018757300439
197951,0.7984101517582413
197952,0.7777393976029562
197953,0.5979111084850992
197954,0.8112362001808918
197955,0.08423286868071683
197956,0.27241490584989614
197957,0.7650087946150594
197958,0.7706537103276505
197959,0.05887165316038014
197960,0.5634553065389214
197961,0.4337585957704037
197962,0.2705968975688684
197963,0.1068761618209171
197964,0.5259270705978065
197965,0.9767613091477632
197966,0.056185545925161694
197967,0.1709654987478468
197968,0.26207952877225354
197969,0.19990364556110554
197970,0.22491943950804696
197971,0.40307516100735835
197972,0.7405156780489135
197973,0.5324628103681013
197974,0.39799382786188586
197975,0.3176015016748401
197976,0.0758882106707996
197977,0.7336845119329518
197978,0.16902022988714713
197979,0.9448825339399421
197980,0.9577631226110235
197981,0.2592797960194708
197982,0.35786129505819897
197983,0.809736343349044
197984,0.44197144817994644
197985,0.30699796837574594
197986,0.3515846214679508
197987,0.03301957540416597
197988,0.8466646365574195
197989,0.9082860272428541
197990,0.18729121311147573
197991,0.5191549897509784
197992,0.2406997513873676
197993,0.6252584980524587
197994,0.5244817540143896
197995,0.014039568950236567
197996,0.8538821294330996
197997,0.5396984833265916
197998,0.7779211984310589
197999,0.763431672431268
198000,0.3229009958140359
198001,0.30251657796301257
198002,0.6793851495993565
198003,0.9298067002695198
198004,0.3948259484321951
198005,0.21762468128042323
198006,0.0989087405293131
198007,0.2718649583448853
198008,0.4091518536866935
198009,0.8161857277259899
198010,0.4324905349943869
198011,0.44206234859399784
198012,0.5120011271651342
198013,0.07378841110621259
198014,0.9217483785638644
198015,0.1488357929470369
198016,0.534280818649129
198017,0.5823489575995019
198018,0.9943732643702192
198019,0.7788892878407061
198020,0.6607096595324993
198021,0.5504110971225474
198022,0.2185745906072602
198023,0.7950968316660683
198024,0.7527781439044455
198025,0.897323437308257
198026,0.11445271133210011
198027,0.48356747764986063
198028,0.43345862440403415
198029,0.23222328777707582
198030,0.4204780452774962
198031,0.42115979838288164
198032,0.14607242035987475
198033,0.45517018830020767
198034,0.9826243858540775
198035,0.41110166756809574
198036,0.971243654014844
198037,0.686798078365247
198038,0.8060366964971525
198039,0.4790997222992351
198040,0.11206657546325123
198041,0.3264006617550143
198042,0.9561496402616114
198043,0.35744315315356257
198044,0.24199962730830238
198045,0.7076233632244195
198046,0.3984210598079274
198047,0.532349184850537
198048,0.6924202689743252
198049,0.45230228023688646
198050,0.7963194422350595
198051,0.13104658191718066
198052,0.05502202062530395
198053,0.7099640488862428
198054,0.5867394475981839
198055,0.12237013739597583
198056,0.7331072943037257
198057,0.09335018021007085
198058,0.9632080574127015
198059,0.6223042345957887
198060,0.9156398707396112
198061,0.6462792188018417
198062,0.5676185455024748
198063,0.8792115298085184
198064,0.5294630967044055
198065,0.48679444234868485
198066,0.24902168429377197
198067,0.7726898796024017
198068,0.789138309525
198069,0.33388176583144336
198070,0.548579453779412
198071,0.5413028756345984
198072,0.8327250580626395
198073,0.3625744815267633
198074,0.35761586394026024
198075,0.4479572404452302
198076,0.44977070370555533
198077,0.25632098754209826
198078,0.18785934069929688
198079,0.7855431981492677
198080,0.043777639407147496
198081,0.5083787456651866
198082,0.2750828330023043
198083,0.4684325587103049
198084,0.5414346812349731
198085,0.8300116807032055
198086,0.48219488139768474
198087,0.8070184209689075
198088,0.9938096818031007
198089,0.6657591775330537
198090,0.14586334940755658
198091,0.9579312883770186
198092,0.7609319110448548
198093,0.8874062021352507
198094,0.6992968852973125
198095,0.9991955313356453
198096,0.12975579603765094
198097,0.10355375168733894
198098,0.363369860149713
198099,0.25132600978997455
198100,0.36872843955804213
198101,0.4509069588811977
198102,0.17288349748433104
198103,0.5017748305843533
198104,0.3301093986483108
198105,0.2637884565564196
198106,0.7742442766826803
198107,0.7889519636761945
198108,0.6725039882556666
198109,0.1910863053981211
198110,0.20544402579753754
198111,0.2326096145367942
198112,0.8811158934828949
198113,0.8892651156026016
198114,0.6804168692988397
198115,0.16522513760050175
198116,0.021102531122029262
198117,0.20178073911126665
198118,0.4666327305120875
198119,0.4073202103435581
198120,0.44913440080719563
198121,0.6841619663577568
198122,0.8684671008676446
198123,0.08753255371078214
198124,0.5300130442094164
198125,0.005217683766549556
198126,0.05385395030474364
198127,0.45822444221233427
198128,0.2824321314783589
198129,0.3321001177160362
198130,0.3323909990410006
198131,0.02000263611200749
198132,0.9936506060785107
198133,0.6497607046600098
198134,0.5741633753141746
198135,0.050045222955990565
198136,0.013630517087005332
198137,0.4997159362060894
198138,0.7218447330027588
198139,0.9017366524104518
198140,0.2949263933897219
198141,0.1424227687357116
198142,0.41439226255675593
198143,0.8007644724821722
198144,0.3212466082783007
198145,0.6794033296821667
198146,0.8908740529313111
198147,0.8789342835456615
198148,0.09705437208266483
198149,0.8009099131446544
198150,0.9217438335431618
198151,0.06341667386294944
198152,0.3374677871657705
198153,0.7626771989946414
198154,0.9599129174033388
198155,0.07688357020466227
198156,0.7268488007962877
198157,0.15536698769662896
198158,0.6015471250471547
198159,0.21016175728680445
198160,0.46847346389662803
198161,0.42854545702455676
198162,0.5244453938487691
198163,0.6903295594511434
198164,0.8849428009144582
198165,0.5257725398939193
198166,0.7454379354697961
198167,0.9757159543861723
198168,0.3240827011967039
198169,0.7811981583576113
198170,0.22184246049240755
198171,0.5483931079306066
198172,0.1692020307152499
198173,0.8066775444162149
198174,0.9044818449148035
198175,0.1362915358079456
198176,0.9655760131987402
198177,0.43130428459101633
198178,0.9019048181764469
198179,0.02771099122356502
198180,0.5265315583512483
198181,0.24601742560937365
198182,0.9701710291290376
198183,0.6822939628490009
198184,0.32072847591820774
198185,0.9646033787683903
198186,0.1509219574495162
198187,0.3329863967530372
198188,0.450502452038669
198189,0.5277632589616446
198190,0.8407924698097
198191,0.5497384340585671
198192,0.8048277209902692
198193,0.0999177351252835
198194,0.07167497647951786
198195,0.028747255943750823
198196,0.45932433722235605
198197,0.07992418905468114
198198,0.1667613545979702
198199,0.08639175351443726
198200,0.171533626335668
198201,0.040923366405933984
198202,0.5861440498861472
198203,0.11453906672544893
198204,0.4421168888424286
198205,0.4197872021307057
198206,0.3116384345130692
198207,0.013630517087005332
198208,0.4598606496652592
198209,0.48059503411038035
198210,0.8861245062971262
198211,0.025165779630126218
198212,0.7746396934838038
198213,0.4061339599401875
198214,0.30518905013612335
198215,0.09858604405943068
198216,0.6856027379204713
198217,0.9184486935337991
198218,0.22532849137127822
198219,0.6311215747587731
198220,0.1552306370755519
198221,0.7534235368442104
198222,0.5234909395012294
198223,0.4215324900804923
198224,0.9247571822689653
198225,0.37445062062257695
198226,0.7062416769308384
198227,0.1640661573213466
198228,0.2527758713940942
198229,0.31727426018425514
198230,0.753078115270815
198231,0.6476381799919099
198232,0.5019293612882406
198233,0.6891523990891779
198234,0.738411333463624
198235,0.1362960808286482
198236,0.40253430354375264
198237,0.8301798464692006
198238,0.07278850655164734
198239,0.3512255648324478
198240,0.027901882093072938
198241,0.39964821539762113
198242,0.20638484508296936
198243,0.9429054499343245
198244,0.25038064548384015
198245,0.4381081805827626
198246,0.013044209416373891
198247,0.6406115779857378
198248,0.16207998327432382
198249,0.03152880861372324
198250,0.9720526676999014
198251,0.5358215806673
198252,0.22371046400116354
198253,0.7935287995236818
198254,0.21511128483190242
198255,0.07379750114761773
198256,0.9793883311138483
198257,0.22477854386626733
198258,0.007990146395116828
198259,0.5352080028724532
198260,0.3113066480017816
198261,0.13485985428663627
198262,0.23532299189622807
198263,0.7428381836279264
198264,0.1905363578931102
198265,0.37118729575813214
198266,0.6111598438330886
198267,0.4450302471127756
198268,0.38983097068007144
198269,0.6139186713995483
198270,0.45886074511069397
198271,0.7522463764822449
198272,0.6636639229891692
198273,0.4968525731634707
198274,0.6460246976424977
198275,0.7358388517459697
198276,0.43059526136141546
198277,0.36581508128769524
198278,0.11520263974802404
198279,0.055681048627176495
198280,0.9480685934524432
198281,0.7150044768453921
198282,0.8483099340517497
198283,0.042577753941669204
198284,0.6788988323841816
198285,0.9098267892610251
198286,0.3083069343380859
198287,0.4250412460628758
198288,0.384854173010758
198289,0.475945477931652
198290,0.21274332904586382
198291,0.05053608519186805
198292,0.10004499570495543
198293,0.9579540134805314
198294,0.19762659018911832
198295,0.9261115984383309
198296,0.6063739370332832
198297,0.6197862931265653
198298,0.8599133719054091
198299,0.19299521409320022
198300,0.7016012107935152
198301,0.5577649406193045
198302,0.0937865021975175
198303,0.2216697497057099
198304,0.6027333754505252
198305,0.8623040527949606
198306,0.1786374936937838
198307,0.3476168183946078
198308,0.8619995364078884
198309,0.40052085937251447
198310,0.054517523327318754
198311,0.17821026174774227
198312,0.05667640816103917
198313,0.14376809486367212
198314,0.558542139159444
198315,0.29619899918644127
198316,0.8999277341708292
198317,0.3654014844037614
198318,0.602556119643125
198319,0.6093463805727636
198320,0.007994691415819398
198321,0.9721890183209785
198322,0.24486299035092104
198323,0.4039159898373337
198324,0.22930538448602636
198325,0.12187927516009835
198326,0.9822107889701438
198327,0.4674462892178473
198328,0.17322437403702376
198329,0.9232891405820354
198330,0.08173765231500629
198331,0.7506101690293199
198332,0.8442466855436527
198333,0.31427454652055936
198334,0.7953695329082224
198335,0.7764667918062368
198336,0.9041409683621109
198337,0.02701560305607192
198338,0.2104344585289586
198339,0.23855904663645744
198340,0.3368405743088159
198341,0.11089396012198835
198342,0.8168538457692675
198343,0.24597197540234797
198344,0.14359992909767705
198345,0.1475268269846969
198346,0.5717499693211103
198347,0.70585535017112
198348,0.2509533180923639
198349,0.19100449502547484
198350,0.336513332818231
198351,0.8538866744538022
198352,0.5418664582017171
198353,0.9494957299530499
198354,0.21143436308352384
198355,0.712113843678558
198356,0.3032710513996391
198357,0.4363583476122734
198358,0.556619595402257
198359,0.09421373414355902
198360,0.8154721594756864
198361,0.4206553010848964
198362,0.09580903641016084
198363,0.20448048140859282
198364,0.948850337013285
198365,0.3016666590916321
198366,0.3199649124401761
198367,0.9268751619163625
198368,0.9636489244208508
198369,0.631935133464533
198370,0.013148744892532985
198371,0.35390258202626107
198372,0.6676817212902405
198373,0.2800869007958331
198374,0.4999704573654333
198375,0.6241313329182214
198376,0.3017302893814681
198377,0.07303848269028865
198378,0.3735052563164425
198379,0.7342753646242859
198380,0.737988646538285
198381,0.28217761031901495
198382,0.1754514341812827
198383,0.4178646583735189
198384,0.5665322855545607
198385,0.6400434503979167
198386,0.03818271892228469
198387,0.9647351843687648
198388,0.03186059512501079
198389,0.16555237909108678
198390,0.3306820712568345
198391,0.42480490498634216
198392,0.41227428290935864
198393,0.9612809686348122
198394,0.3666695451797783
198395,0.17355161552760873
198396,0.8238304525477114
198397,0.3946350575626872
198398,0.37578685670913226
198399,0.7615409438189991
198400,0.44416214815858485
198401,0.7725944341676477
198402,0.09383649742524577
198403,0.12183382495307266
198404,0.8499506865253771
198405,0.9488685170960954
198406,0.04098699669576995
198407,0.9408420105353581
198408,0.18561864549293022
198409,0.5271315010839875
198410,0.5575649597083915
198411,0.5325355306993425
198412,0.33112748328568636
198413,0.9812654246640093
198414,0.2801278059821562
198415,0.6060239704391854
198416,0.17994645965612374
198417,0.7327300575854123
198418,0.9671395003204241
198419,0.6582280782288964
198420,0.4223733189104676
198421,0.45978792933401813
198422,0.5951431908772346
198423,0.47168224851264196
198424,0.7548552183655197
198425,0.5809127310574901
198426,0.06959335699774112
198427,0.4697097095277269
198428,0.6260538766754083
198429,0.4408397380250067
198430,0.42053258552592704
198431,0.06094872762145431
198432,0.3542616386617641
198433,0.9432735966112326
198434,0.7784756909567724
198435,0.49112130205753085
198436,0.1444180328241395
198437,0.9237527326936974
198438,0.30846146504197325
198439,0.780357329527636
198440,0.017330163938896744
198441,0.00797651133300912
198442,0.9619445416573873
198443,0.2511578440239795
198444,0.9325837079187896
198445,0.44523931806509376
198446,0.9715027201948906
198447,0.8487235309356834
198448,0.07422927811436181
198449,0.7272623976802215
198450,0.18717304257320894
198451,0.22174247003695102
198452,0.30786606732993665
198453,0.7513146472382183
198454,0.8671990400916276
198455,0.5085514564518842
198456,0.38178628403652376
198457,0.16648410833511348
198458,0.8684580108262394
198459,0.33176833120474863
198460,0.8318524140877462
198461,0.15348534912576528
198462,0.8969871057762668
198463,0.9533544525295313
198464,0.6536557874021116
198465,0.7709082314869945
198466,0.3550888324296317
198467,0.2826639275341899
198468,0.3269006140322969
198469,0.09830879779657395
198470,0.2954218006463019
198471,0.46738720394871397
198472,0.285586375845942
198473,0.7452470446002882
198474,0.6938883106612551
198475,0.8898786933974484
198476,0.6821712472900314
198477,0.6686179955549698
198478,0.12113843678557955
198479,0.712409270024225
198480,0.1227291940314788
198481,0.10798060185164143
198482,0.9755659687029874
198483,0.07892428450011589
198484,0.6238222715104468
198485,0.0886188136586962
198486,0.20344421668840704
198487,0.19124083610200845
198488,0.9781566305034519
198489,0.1901954813404175
198490,0.8078456147367752
198491,0.5938251348734893
198492,0.7349025774812404
198493,0.17919198621949722
198494,0.9052544984342404
198495,0.9245253862131342
198496,0.5921162070893233
198497,0.2840365237863658
198498,0.9735297994282365
198499,0.5328445921071171
198500,0.4591698065184686
198501,0.880565945977884
198502,0.5689184214234096
198503,0.6854754773407993
198504,0.3077115366260493
198505,0.5955522427404658
198506,0.6630730702978352
198507,0.1975947750442003
198508,0.7779030183482486
198509,0.24543111793874223
198510,0.6847755441526037
198511,0.04765454206643911
198512,0.47224583107976054
198513,0.6330895687229856
198514,0.6028379109266844
198515,0.9470232386908523
198516,0.9436190181846279
198517,0.016789306475290994
198518,0.3872130387553915
198519,0.47155498793297
198520,0.7588866517286986
198521,0.3044073065752814
198522,0.8573454352084574
198523,0.49908872334913484
198524,0.44498934192645245
198525,0.561928179582858
198526,0.6213679603310593
198527,0.0679526045241136
198528,0.6459747024147695
198529,0.7360433776775854
198530,0.8409969957413156
198531,0.9484867353570795
198532,0.1602665200139987
198533,0.42867271760422865
198534,0.9405465841896911
198535,0.37819117266079144
198536,0.4350312015671231
198537,0.33168652083210237
198538,0.15552606342121889
198539,0.7702173883402039
198540,0.1313510983042528
198541,0.9995954931574713
198542,0.9132082846637367
198543,0.7263942987260307
198544,0.9114493616518423
198545,0.34318542320960266
198546,0.7415473977483967
198547,0.4351811872503079
198548,0.655582876180001
198549,0.9678757936742403
198550,0.6786079510592171
198551,0.2745010703523754
198552,0.03840087991600802
198553,0.9022502397498421
198554,0.8937237809118221
198555,0.9355061562305417
198556,0.10054040296153548
198557,0.042386863072161295
198558,0.36946018789115587
198559,0.0962908086046332
198560,0.5363942532758237
198561,0.3468668899786838
198562,0.7630498906922522
198563,0.7534871671340463
198564,0.701192158930284
198565,0.8806659364333405
198566,0.44864808359202074
198567,0.8918057821753379
198568,0.33592702514759953
198569,0.2694379172897132
198570,0.4813495075470069
198571,0.7185223228691807
198572,0.36313806409388194
198573,0.5207548370382827
198574,0.7624044977524872
198575,0.3618427331936497
198576,0.35772948945782446
198577,0.32750055676503603
198578,0.6637866385481386
198579,0.7568232123297323
198580,0.10834874852854955
198581,0.20174892396634866
198582,0.05689911417546507
198583,0.6150549265751906
198584,0.9706573463442126
198585,0.9012457901745743
198586,0.6867526281582212
198587,0.25399393694238276
198588,0.21893819226346578
198589,0.8146813258734393
198590,0.11942041896000835
198591,0.26616095736316076
198592,0.6504560928275029
198593,0.6391889865058336
198594,0.4549338472236741
198595,0.6069329745796992
198596,0.2721240245249317
198597,0.5205321310238569
198598,0.09585903163788911
198599,0.20210343558114907
198600,0.4733957213175106
198601,0.30940682934810765
198602,0.3370860054267547
198603,0.8677035373896128
198604,0.4997750214752228
198605,0.6124778998368339
198606,0.49970684616468425
198607,0.5143372678062549
198608,0.21356143277232628
198609,0.2270283291140391
198610,0.5845487476195453
198611,0.3139382149885693
198612,0.81570850055222
198613,0.7267669904236415
198614,0.5607192040759745
198615,0.7305711727516919
198616,0.2773008031051581
198617,0.042386863072161295
198618,0.8932374636966471
198619,0.3796637593684239
198620,0.6151594620513496
198621,0.174192463446671
198622,0.35719772203562383
198623,0.43041800555401527
198624,0.7289486003608746
198625,0.7958013098749666
198626,0.7934924393580612
198627,0.5970975497793393
198628,0.536453338544957
198629,0.5755814217733762
198630,0.719163170788243
198631,0.6466428204580472
198632,0.7363388040232524
198633,0.8441194249639807
198634,0.7816935656141915
198635,0.4942300962180882
198636,0.935101649388013
198637,0.49100767653996663
198638,0.6159730207571096
198639,0.03953713509165034
198640,0.6420705296312624
198641,0.15262634021297966
198642,0.6610050858781662
198643,0.6196953927125138
198644,0.18533230918866836
198645,0.2505988064775635
198646,0.07233400448139041
198647,0.05268133496348076
198648,0.8613768685716364
198649,0.8795296812576981
198650,0.5110466728175947
198651,0.9168715713500075
198652,0.9478867926243404
198653,0.5233227737352345
198654,0.41569213847769076
198655,0.22240604305952613
198656,0.7052054122106527
198657,0.4036569236572872
198658,0.7932697333436355
198659,0.35242090527722353
198660,0.10244022161520945
198661,0.46115598056549145
198662,0.699228709986774
198663,0.873125747087778
198664,0.9602219788111135
198665,0.8039323519118631
198666,0.41583757914017294
198667,0.28180946364210685
198668,0.6307716081646753
198669,0.6565918707759714
198670,0.4836811031674249
198671,0.6610550811058945
198672,0.3663832088755164
198673,0.9835379350152941
198674,0.22360592852500444
198675,0.42582298962371773
198676,0.8927556915021748
198677,0.06418478236168365
198678,0.3390085491839415
198679,0.6814985842260511
198680,0.270537812299735
198681,0.7396975743224511
198682,0.6317669676985379
198683,0.8793706055331082
198684,0.2809868148949418
198685,0.38061821371596344
198686,0.3371678157994009
198687,0.01923907263397585
198688,0.512110207661996
198689,0.3235100285881802
198690,0.0734157194086019
198691,0.08450556992287099
198692,0.16164820630757976
198693,0.6610005408574636
198694,0.14076838119997637
198695,0.707841524218143
198696,0.7204039614400444
198697,0.24433576794942302
198698,0.4977752123660923
198699,0.1244926620640757
198700,0.5480931365642371
198701,0.1078078910649438
198702,0.9891646706450749
198703,0.9123583657923563
198704,0.8208352839047183
198705,0.9702801096258994
198706,0.11194840492498442
198707,0.21082987533008213
198708,0.1519718572318097
198709,0.9779975547788621
198710,0.7870066948154949
198711,0.4568063957531326
198712,0.524931711063944
198713,0.9659214347721354
198714,0.01188068411651615
198715,0.8525368033051391
198716,0.6377254898396063
198717,0.41511946586916704
198718,0.1726062512214743
198719,0.7309211393457898
198720,0.13615064016616596
198721,0.6020561673658424
198722,0.5594511432999577
198723,0.8197444789361016
198724,0.19211802509760434
198725,0.03405584012435176
198726,0.1921362051804146
198727,0.8783479758750302
198728,0.11396184909622263
198729,0.10747610455365623
198730,0.8186264038432696
198731,0.11001677112639247
198732,0.010317196994832311
198733,0.8239395330445731
198734,0.6117597865658279
198735,0.28904059157989465
198736,0.8719713118293254
198737,0.08932329186759445
198738,0.38714486344485294
198739,0.7132910040405234
198740,0.11405729453097657
198741,0.32825048518095995
198742,0.579931006585735
198743,0.3884720094900032
198744,0.8200762654473892
198745,0.6597188450193391
198746,0.0735338899468687
198747,0.4362810822603297
198748,0.3543298139723026
198749,0.8322160157439518
198750,0.9624399489139673
198751,0.3337635952931765
198752,0.2574890578626585
198753,0.3909899509592266
198754,0.11663886629003595
198755,0.7781666295489976
198756,0.8373382540757474
198757,0.27045145690638617
198758,0.8338613132382818
198759,0.8007599274614696
198760,0.9419055453797592
198761,0.3405902163884356
198762,0.2787143045436572
198763,0.8316615232182383
198764,0.6217906472563982
198765,0.0050222478763390765
198766,0.26650637893655604
198767,0.8587043963985256
198768,0.11887956149640261
198769,0.9938005917616956
198770,0.39398966462292234
198771,0.5532653701237609
198772,0.6305943523572751
198773,0.9451643252235014
198774,0.7135137100549493
198775,0.10410369919234981
198776,0.06835711136664227
198777,0.3788138404970435
198778,0.5391258107180679
198779,0.9558223987710265
198780,0.9272024034069476
198781,0.07881065898255166
198782,0.5208002872453085
198783,0.10835783856995468
198784,0.7812390635439345
198785,0.419287249853423
198786,0.8858836201998901
198787,0.7339117629680804
198788,0.30486180864553836
198789,0.6825893891946678
198790,0.9108494189191032
198791,0.45960612850591537
198792,0.904931801964358
198793,0.44248958054003934
198794,0.6501152162748101
198795,0.08804159602946991
198796,0.8124360856463702
198797,0.6011062580390054
198798,0.6720267610818967
198799,0.647510919412238
198800,0.7628317296985287
198801,0.09606355756950472
198802,0.7061144163511665
198803,0.9515500793106113
198804,0.648692624794906
198805,0.5782448039050818
198806,0.7706446202862455
198807,0.6150594715958931
198808,0.12608796433067754
198809,0.1624708550547448
198810,0.5599011003495121
198811,0.06732084664645648
198812,0.8027461015084923
198813,0.8312797414792225
198814,0.8202398861926816
198815,0.49537544143513573
198816,0.6725176233177743
198817,0.8636402888815159
198818,0.370978224805814
198819,0.056276446339213075
198820,0.9025911163025347
198821,0.42676380890914956
198822,0.6178455692865681
198823,0.07390658164447939
198824,0.26352484535567056
198825,0.3036391980765472
198826,0.22740102081164978
198827,0.1147208675535517
198828,0.5056608232850501
198829,0.2343776275900937
198830,0.7949059407965604
198831,0.009726344303498302
198832,0.6542102799278251
198833,0.15716227087414383
198834,0.311429363560751
198835,0.15202639748024055
198836,0.28709986773989754
198837,0.27067870794151466
198838,0.32455538334977113
198839,0.36265174687870705
198840,0.1669067952604524
198841,0.024761272787597547
198842,0.028747255943750823
198843,0.6624776725857987
198844,0.5190413642334142
198845,0.420332604615014
198846,0.8550865599192805
198847,0.28937237809118216
198848,0.16412978761118258
198849,0.9623308684171057
198850,0.9952186382208972
198851,0.936178819294522
198852,0.213838679035183
198853,0.48884424668554366
198854,0.17206993877857116
198855,0.9804064157512238
198856,0.9948868517096096
198857,0.37390067311756603
198858,0.20014453165834173
198859,0.8460601488039778
198860,0.3777639407147499
198861,0.2971398184718731
198862,0.6422432404179602
198863,0.9284977343071797
198864,0.9158762118161449
198865,0.2768463010349012
198866,0.4527795074106562
198867,0.9581676294535522
198868,0.6750082946627822
198869,0.8744619831743334
198870,0.44792088027960963
198871,0.8573090750428368
198872,0.9476050013407812
198873,0.5302402952445449
198874,0.4520477590775426
198875,0.06991150844692097
198876,0.36963744369855606
198877,0.6016562055440162
198878,0.14796769399284615
198879,0.38409969957413154
198880,0.5656505515382623
198881,0.22106071693156562
198882,0.11534808041050626
198883,0.1326191590802696
198884,0.3690738611314374
198885,0.4839992546166047
198886,0.6620777107639725
198887,0.05201776194090564
198888,0.10950318378700215
198889,0.5836533785411392
198890,0.24670372373546162
198891,0.8285072788506552
198892,0.3772185382304416
198893,0.5634462164975161
198894,0.7934242640475228
198895,0.7814754046204682
198896,0.048599906372573526
198897,0.3862858545320674
198898,0.18162357229537182
198899,0.25412119752205464
198900,0.15511246653728508
198901,0.20601215338535867
198902,0.6197999281886729
198903,0.838460874189282
198904,0.16575690502270238
198905,0.28783616109371374
198906,0.8318524140877462
198907,0.897491603074252
198908,0.07225219410874416
198909,0.23546388753800773
198910,0.9309838606314852
198911,0.9927052417723763
198912,0.8626403843269506
198913,0.20459410692615707
198914,0.8392017125638008
198915,0.8945509746796897
198916,0.9904236413796865
198917,0.4135923389131037
198918,0.2503442853182196
198919,0.7102185700455865
198920,0.39279886919884915
198921,0.3051799600947182
198922,0.48151312829229936
198923,0.8281982174428805
198924,0.6332622795096832
198925,0.1424364037978193
198926,0.40642029624444936
198927,0.2662245876529967
198928,0.5723180969089314
198929,0.02313870039678031
198930,0.2553892582980715
198931,0.1999536407888338
198932,0.2024261320510315
198933,0.578326614277728
198934,0.9804700460410597
198935,0.3582158066729994
198936,0.8236259266160958
198937,0.5180232795960387
198938,0.7613046027424655
198939,0.5328127769621991
198940,0.043377677585321406
198941,0.7318074183827908
198942,0.5253134928029597
198943,0.9463414855854668
198944,0.21793828770890053
198945,0.5855122920084901
198946,0.5597692947491376
198947,0.7160225614827677
198948,0.5800309970411915
198949,0.5484749183032529
198950,0.18611859777021286
198951,0.8723530935683412
198952,0.999377332163748
198953,0.21072079483322048
198954,0.5616327532371911
198955,0.3702737465969157
198956,0.6166638639039002
198957,0.02831547897700674
198958,0.053358543048163586
198959,0.17220628939964822
198960,0.9721572031760606
198961,0.5408529185850443
198962,0.34543066343667195
198963,0.8094909122311053
198964,0.3346816894750955
198965,0.5198776480426868
198966,0.4848991687157135
198967,0.503424673099386
198968,0.026615641234245823
198969,0.8194535976111372
198970,0.01882547575004204
198971,0.7104503661014177
198972,0.030615259452506805
198973,0.6432704150967408
198974,0.23574567882156705
198975,0.8762118161448226
198976,0.6030015316719768
198977,0.08303298321523854
198978,0.1259743388131133
198979,0.3774685143690829
198980,0.47181405411301647
198981,0.7301393957849479
198982,0.26693361088259754
198983,0.5409029138127724
198984,0.9261615936660592
198985,0.8668536185182324
198986,0.31316556146913244
198987,0.426695633598611
198988,0.6006290308652357
198989,0.42987714809040956
198990,0.9728253212193383
198991,0.43224510387644816
198992,0.49677985283222964
198993,0.221774285181869
198994,0.9393148835792947
198995,0.9064271137755032
198996,0.3184150603806
198997,0.4546384208780071
198998,0.6301216702042078
198999,0.3768822066984515
199000,0.7386976697678859
199001,0.9264024797632954
199002,0.46722358320342144
199003,0.27264670190572715
199004,0.5559696574417897
199005,0.22464219324519022
199006,0.12766054149376652
199007,0.8718940464773817
199008,0.817049281659478
199009,0.9438371791783512
199010,0.9279068816158458
199011,0.8656355529699439
199012,0.27872793960576486
199013,0.39841196976652227
199014,0.7992509805882165
199015,0.816849300748565
199016,0.6482790279109721
199017,0.8375427800073629
199018,0.747201403502393
199019,0.33917671494993656
199020,0.6215452161384596
199021,0.2333549979320156
199022,0.3277914380900005
199023,0.7056599142809096
199024,0.3379722844637557
199025,0.5864258411697065
199026,0.17497420700751293
199027,0.3414401352598161
199028,0.5863031256107372
199029,0.26966516832484166
199030,0.7610137214175011
199031,0.51581439953459
199032,0.9716527058780753
199033,0.7765713272823959
199034,0.9830834329450371
199035,0.7434608514641784
199036,0.4273910217661041
199037,0.19329518545956975
199038,0.80914549065771
199039,0.1358643038619041
199040,0.45957885838169993
199041,0.794328723167334
199042,0.42818640038905376
199043,0.8182855272905769
199044,0.4033478622495125
199045,0.49444825721181157
199046,0.06928884061066898
199047,0.44930256657319073
199048,0.6942973625244864
199049,0.5865849168942965
199050,0.1239427145590648
199051,0.4137286895341808
199052,0.3624154058021734
199053,0.7658087182587118
199054,0.36226542011898866
199055,0.03246508287845251
199056,0.4372219015457615
199057,0.38644038523595475
199058,0.6770990041859641
199059,0.5550651983219783
199060,0.8961962721740198
199061,0.006376664045704728
199062,0.6102053894855491
199063,0.793865131055672
199064,0.1062807641088805
199065,0.6454020298062457
199066,0.32317824207689266
199067,0.024124969889237846
199068,0.6278264347494102
199069,0.5196503970075583
199070,0.8793069752432722
199071,0.6116416160275611
199072,0.8537457788120225
199073,0.5240908822339686
199074,0.6103962803550571
199075,0.07333390903595566
199076,0.8820385326855164
199077,0.4417396521241154
199078,0.8312115661686839
199079,0.22384226960153805
199080,0.7891928497734307
199081,0.5992473445716546
199082,0.11236654682962081
199083,0.1457679039728026
199084,0.6056330986587644
199085,0.6402161611846142
199086,0.71273651151481
199087,0.04678189809154581
199088,0.30231659705209957
199089,0.330445730180301
199090,0.15795764949709348
199091,0.5811172569891057
199092,0.40306152594525063
199093,0.6561873639334427
199094,0.7180087355297904
199095,0.12368364837901837
199096,0.053603974166102325
199097,0.7120729384922349
199098,0.911453906672545
199099,0.7000422686925339
199100,0.1560578308434195
199101,0.1298376064102972
199102,0.9049454370264657
199103,0.7502102072074939
199104,0.8800705387213039
199105,0.25160780107353387
199106,0.1603619654487526
199107,0.9283204784997795
199108,0.32163748005872167
199109,0.38863108521459316
199110,0.3305229955322446
199111,0.7667677176269537
199112,0.8958190354557065
199113,0.23426854709323203
199114,0.6567691265833716
199115,0.5457842660473319
199116,0.500302243876721
199117,0.35041655114739045
199118,0.6842028715440799
199119,0.2927493284731912
199120,0.48078592497988826
199121,0.4785225046700088
199122,0.3015848487189859
199123,0.8714122742829095
199124,0.6745492475718227
199125,0.6059830652528623
199126,0.4359174806041241
199127,0.8507460651483268
199128,0.7686902613841406
199129,0.18444603015166733
199130,0.12865135600692662
199131,0.06543466305489021
199132,0.27222401498038823
199133,0.7901018539139446
199134,0.7746351484631013
199135,0.44611196203998704
199136,0.14198644674826494
199137,0.9356470518723213
199138,0.01254425713909127
199139,0.9435372078119816
199140,0.11962494489162398
199141,0.04409579085632735
199142,0.8309388649265297
199143,0.8548865790083674
199144,0.4173101658478054
199145,0.1123210966225951
199146,0.6044286681725836
199147,0.7797801118984097
199148,0.5649960685570924
199149,0.8856018289163308
199150,0.3930897505238136
199151,0.5148599451870504
199152,0.21759741115620782
199153,0.2277146272401271
199154,0.46852345912435633
199155,0.19997182087164408
199156,0.4664600197253898
199157,0.3914989932779144
199158,0.2613795955840579
199159,0.604096881661296
199160,0.12712422905086335
199161,0.2918630494361902
199162,0.9764204325950705
199163,0.6763445307493376
199164,0.4575972293553797
199165,0.10913503711009404
199166,0.42974988751073756
199167,0.7601865276496336
199168,0.40218888197035735
199169,0.8767526736084283
199170,0.582326232495989
199171,0.8715986201317147
199172,0.3238463601201703
199173,0.19453597611137122
199174,0.7538644038523596
199175,0.199835470250567
199176,0.35198912831047946
199177,0.7226991968948419
199178,0.30282109435008475
199179,0.3824953072661246
199180,0.528676808122861
199181,0.1736743310865781
199182,0.6645820171710882
199183,0.8688216124824449
199184,0.6117734216279355
199185,0.1515446252857682
199186,0.6995604964980616
199187,0.48745801537126
199188,0.13828225487567095
199189,0.5649006231223384
199190,0.8767572186291308
199191,0.9042364137968649
199192,0.05853986664909259
199193,0.7476422705105421
199194,0.9081405865803719
199195,0.2945537016921112
199196,0.7689993227919153
199197,0.007358388517459697
199198,0.6176864935619781
199199,0.018375518700487682
199200,0.8386926702451131
199201,0.4479890555901482
199202,0.9859513410083584
199203,0.3594611423455034
199204,0.5661550488362475
199205,0.1191477177178542
199206,0.37327800528131405
199207,0.9883556569600175
199208,0.4021525218047368
199209,0.6792851591439
199210,0.7506056240086174
199211,0.5190095490884962
199212,0.15411256198271983
199213,0.7004604105971703
199214,0.9929597629317202
199215,0.2920221251607801
199216,0.7417791938042279
199217,0.40247521827461924
199218,0.40019816290263205
199219,0.46398298344248956
199220,0.4475981838097272
199221,0.4243731280195981
199222,0.8046459201621664
199223,0.7918516868844337
199224,0.7271351371005494
199225,0.028556365074242914
199226,0.1267424473118475
199227,0.8157857659041637
199228,0.2634384899623217
199229,0.3898946009699074
199230,0.23082796642138703
199231,0.8228305479931461
199232,0.7507874248367201
199233,0.09410010862599479
199234,0.4492389362833547
199235,0.045341126528831335
199236,0.12984669645170235
199237,0.34006299398693757
199238,0.04690915867121775
199239,0.46559646579190167
199240,0.5419573586157685
199241,0.9903827361933634
199242,0.6440748837610956
199243,0.4150694706414388
199244,0.802296144458938
199245,0.4959390240022543
199246,0.44265774630603444
199247,0.7931379277432609
199248,0.30022588752891766
199249,0.8229668986142232
199250,0.45229319019548136
199251,0.9622308779616491
199252,0.7559414783134337
199253,0.8003554206189409
199254,0.44453029483549295
199255,0.2195426800169075
199256,0.4366265038337249
199257,0.5074833765867803
199258,0.8129633080478682
199259,0.8616586598551957
199260,0.2283009349107585
199261,0.8980370055585604
199262,0.11597074824675825
199263,0.32818685489112404
199264,0.7552597252080484
199265,0.8970234659418874
199266,0.5324628103681013
199267,0.5040064357493149
199268,0.8920193981483585
199269,0.9758568500279519
199270,0.08991868957963102
199271,0.33937215084014705
199272,0.10798514687234399
199273,0.4926938792206198
199274,0.882011262561301
199275,0.5384122424677644
199276,0.7037782757100459
199277,0.5962521759286613
199278,0.9412147022329687
199279,0.6272901223065072
199280,0.03724189963685285
199281,0.18874107471559534
199282,0.6290263202148886
199283,0.3594702323869085
199284,0.7392067120865736
199285,0.30310288563364407
199286,0.10611259834288544
199287,0.8812022488762437
199288,0.07836979197440244
199289,0.5095104558201262
199290,0.21154344358038552
199291,0.8102135705228137
199292,0.5951068307116139
199293,0.15943023620472593
199294,0.4056021925179869
199295,0.6649047136409707
199296,0.3355543334499888
199297,0.4363810727157862
199298,0.495720863008531
199299,0.9233891310374919
199300,0.5686229950777426
199301,0.19571313647333663
199302,0.6648410833511347
199303,0.7373887038055458
199304,0.2610705341762831
199305,0.830788879243345
199306,0.8071729516727949
199307,0.04671372278100727
199308,0.4682007626544739
199309,0.9540407506556193
199310,0.31893773776139545
199311,0.23285504565473297
199312,0.6623913171924498
199313,0.32559164806995694
199314,0.28198671944950704
199315,0.11314374536976014
199316,0.2004990432731421
199317,0.6396843937624136
199318,0.1550488362474491
199319,0.4803859631580622
199320,0.36514696324441753
199321,0.27229219029092677
199322,0.7047100049540725
199323,0.5149826607460197
199324,0.0958453965757814
199325,0.6856527331481995
199326,0.06612096118097818
199327,0.7045827443744007
199328,0.9850559719299522
199329,0.3577931197476604
199330,0.03477849841606029
199331,0.5734179919189533
199332,0.9218756391435363
199333,0.613964121606574
199334,0.4410397189359197
199335,0.7715854395716774
199336,0.9611128028688172
199337,0.9831334281727653
199338,0.9427600092718422
199339,0.4275637325528017
199340,0.3368223942260057
199341,0.3520982088073411
199342,0.20912549256661864
199343,0.22736466064602925
199344,0.6379891010403552
199345,0.5385167779439236
199346,0.5875984565109695
199347,0.3400539039455325
199348,0.1957949468459829
199349,0.35274360174710595
199350,0.062316778852927676
199351,0.883879266070057
199352,0.8727985055971931
199353,0.9373650696978926
199354,0.5817990100944911
199355,0.8376291354007118
199356,0.20317151544625286
199357,0.606260311515719
199358,0.42022352411815234
199359,0.6298535139827562
199360,0.20071720426686546
199361,0.11000768108498733
199362,0.7029738070456911
199363,0.20311697519782204
199364,0.8592316188000237
199365,0.7567141318328705
199366,0.9349198485599103
199367,0.9139627581003632
199368,0.5451206930247567
199369,0.2352457265442844
199370,0.8300753109930415
199371,0.42407315665322853
199372,0.7980829102676562
199373,0.5724635375714137
199374,0.05939887556187819
199375,0.01780739111266652
199376,0.4244185782266238
199377,0.06773898855109284
199378,0.14786315851668705
199379,0.986587643906718
199380,0.6822894178282982
199381,0.3689647806345758
199382,0.8993323364587926
199383,0.7660450593352454
199384,0.057449061680475956
199385,0.7172224469482458
199386,0.35384349675712773
199387,0.2043395857668132
199388,0.011339826652910404
199389,0.8632630521632026
199390,0.6149003958713032
199391,0.7320301243972166
199392,0.4800405415846669
199393,0.0434958481235882
199394,0.7225310311288469
199395,0.09536362438130905
199396,0.3461487767076779
199397,0.936378800205435
199398,0.11846141959176623
199399,0.30842510487635266
199400,0.022997804755000663
199401,0.09573631607891973
199402,0.5952522713740961
199403,0.8405106785261407
199404,0.6247994509614991
199405,0.8632403270596898
199406,0.06708905059062543
199407,0.5601147163225328
199408,0.5135782493489258
199409,0.29267660814195
199410,0.46207407474741047
199411,0.6880388690170485
199412,0.34612605160416504
199413,0.3768413015121284
199414,0.17113366451384185
199415,0.5069243390403644
199416,0.18071911317556053
199417,0.03736007017511965
199418,0.5008431013403266
199419,0.6091100394962299
199420,0.7874475618236442
199421,0.6664182055349261
199422,0.25362124524477203
199423,0.4592152567254944
199424,0.003195149553906218
199425,0.0726294308270574
199426,0.5302675653687602
199427,0.6145595193186105
199428,0.2813140563855268
199429,0.6792806141231974
199430,0.7583003440580672
199431,0.7405293131110213
199432,0.7977874839219893
199433,0.41026992877952556
199434,0.4279955095195458
199435,0.5580012816958381
199436,0.6820803468759801
199437,0.44181691747605906
199438,0.9590220933456352
199439,0.9023093250189755
199440,0.548484008344658
199441,0.2659064362038169
199442,0.10801696201726198
199443,0.04896350802877907
199444,0.1847778166629549
199445,0.5085514564518842
199446,0.24496752582708015
199447,0.7186314033660424
199448,0.03159243890355921
199449,0.44110334922575567
199450,0.2146249676167275
199451,0.6324805359488412
199452,0.25972520804832266
199453,0.47434563064434754
199454,0.0676435431163389
199455,0.07059780657300893
199456,0.5521291149481187
199457,0.3409992682516669
199458,0.9722162884451939
199459,0.28937692311188473
199460,0.3999300066811804
199461,0.9003776912203835
199462,0.8245122056530968
199463,0.20830738884015618
199464,0.6701496675317357
199465,0.6387117593320638
199466,0.09572268101681201
199467,0.7005013157834935
199468,0.35250271564986974
199469,0.19944459847014606
199470,0.44118061457769936
199471,0.47966784988705624
199472,0.17471514082746648
199473,0.03927352389090132
199474,0.9455733770867326
199475,0.7035146645092969
199476,0.7033237736397889
199477,0.6243176787670268
199478,0.5111330282109435
199479,0.9431236109280479
199480,0.39701210339013093
199481,0.46000154530703885
199482,0.4531885592738875
199483,0.8306525286222679
199484,0.24468573454352086
199485,0.21578394789588268
199486,0.4038159993818771
199487,0.3812499715936206
199488,0.1501038537230537
199489,0.44323496393526074
199490,0.4988523822726012
199491,0.36644683916535237
199492,0.7465469205212231
199493,0.21342962717195177
199494,0.0925866167320392
199495,0.9619809018230078
199496,0.8584907804255049
199497,0.6947018693670151
199498,0.9002640657028192
199499,0.7311529354016207
199500,0.9907645179323792
199501,0.9235618418241895
199502,0.24400398143813545
199503,0.44866171865412846
199504,0.025006703905536293
199505,0.902545666095509
199506,0.4154967025874803
199507,0.9200394507796984
199508,0.08555092468446193
199509,0.9246526467928062
199510,0.7115229909872239
199511,0.51073761140982
199512,0.20553947123229147
199513,0.5854259366151413
199514,0.926511560260157
199515,0.5525427118320525
199516,0.5479022456947292
199517,0.8987823889537817
199518,0.40076629049045315
199519,0.8946918703214694
199520,0.4245231137027829
199521,0.9206802986987606
199522,0.6859527045145691
199523,0.23114157284986434
199524,0.6028424559473868
199525,0.11306648001781648
199526,0.09155489703255598
199527,0.8615723044618468
199528,0.345039791656251
199529,0.729830334377173
199530,0.8920830284381945
199531,0.5990564537021467
199532,0.4378036641956904
199533,0.9767658541684657
199534,0.1653978483871994
199535,0.74553338090455
199536,0.6375755041564215
199537,0.2724921712018398
199538,0.24362219969911963
199539,0.6646592825230319
199540,0.03573295276359984
199541,0.1854004844992069
199542,0.795733134564428
199543,0.9961730925684367
199544,0.8796114916303444
199545,0.0045041155162461755
199546,0.9163398039278069
199547,0.7831616073011213
199548,0.7446016516605234
199549,0.42743647197312984
199550,0.553306275310084
199551,0.3783275232818685
199552,0.726644274864672
199553,0.14573608882788464
199554,0.7578958372155385
199555,0.39611218929102215
199556,0.6585098695124556
199557,0.21593847859977003
199558,0.7937333254552974
199559,0.18506869798791933
199560,0.6510060403325137
199561,0.6773353452624977
199562,0.2776325896164457
199563,0.2181609937233264
199564,0.47230037132819136
199565,0.08740074811040763
199566,0.5659777930288472
199567,0.035946568736620596
199568,0.6707677903472851
199569,0.06751173751596438
199570,0.37599592766145046
199571,0.7419337245081152
199572,0.14716322532849138
199573,0.21901545761540944
199574,0.02292053940305698
199575,0.8331431999672759
199576,0.7401793465169234
199577,0.40844283045709273
199578,0.5167597638407243
199579,0.2995532244649374
199580,0.5932479172442631
199581,0.03793728780434595
199582,0.5602692470264202
199583,0.9798291981219975
199584,0.27672813049663436
199585,0.9662168611178024
199586,0.029556269628808158
199587,0.11029856240995177
199588,0.09004595015930297
199589,0.2575117829661714
199590,0.6561010085400939
199591,0.6318215079469688
199592,0.04465028338204081
199593,0.8006917521509311
199594,0.4494525522563755
199595,0.46272855772858046
199596,0.5466887251671432
199597,0.7168815703955531
199598,0.9248026324759909
199599,0.7626317487876157
199600,0.27770076492698426
199601,0.14645420209889057
199602,0.5288449738888561
199603,0.21290240477045375
199604,0.019539044000345424
199605,0.9851514173647061
199606,0.540348421287059
199607,0.7703719190440913
199608,0.5919480413233283
199609,0.0357238627221947
199610,0.6076192727057872
199611,0.06118052367728535
199612,0.2299462324050886
199613,0.3668558910285836
199614,0.25490748610359915
199615,0.9972457174542431
199616,0.6055285631826053
199617,0.9485367305848079
199618,0.08166947700446774
199619,0.8234259457051827
199620,0.35555696956199634
199621,0.780516405252226
199622,0.9364378854745684
199623,0.13557796755764223
199624,0.39021275241908726
199625,0.45121602028897234
199626,0.3431172478990641
199627,0.45189777339435777
199628,0.8723803636925567
199629,0.3319501320328514
199630,0.905586284945528
199631,0.8642765917798756
199632,0.357893110203117
199633,0.1848369019320883
199634,0.1253380359147536
199635,0.8819521772921676
199636,0.7394566882252149
199637,0.5732907313392813
199638,0.15185823171424545
199639,0.9298976006835712
199640,0.05837624590380009
199641,0.914776316806123
199642,0.5461751378277528
199643,0.8641493312002037
199644,0.4131060216979288
199645,0.952186382208971
199646,0.8545547924970799
199647,0.6096918021461588
199648,0.8586953063571204
199649,0.6248721712927402
199650,0.4587925698001554
199651,0.8643629471732244
199652,0.35332990941773734
199653,0.8467009967230401
199654,0.9031137936833303
199655,0.6391389912781054
199656,0.7924152694515524
199657,0.454797496602597
199658,0.9114993568795706
199659,0.8666763627108323
199660,0.9578312979215621
199661,0.8217851932315552
199662,0.15560332877316255
199663,0.5059653396721223
199664,0.26152958126724263
199665,0.7119093177469424
199666,0.13168288481554033
199667,0.3015712136568782
199668,0.07078869744251685
199669,0.05329036773762504
199670,0.6884615559423873
199671,0.9711027583730644
199672,0.7477468059867013
199673,0.4672508533276369
199674,0.8129723980892734
199675,0.21430681616754765
199676,0.2846319214984024
199677,0.5138145904254594
199678,0.16528876789033775
199679,0.510537630498907
199680,0.05024974888760618
199681,0.33110930320287607
199682,0.8243985801355326
199683,0.3987483012985124
199684,0.23958622131523807
199685,0.010294471891319464
199686,0.5824262229514455
199687,0.06020788924693552
199688,0.11671613164197962
199689,0.2637475513700965
199690,0.8885470023315957
199691,0.13982756191454454
199692,0.006667545370669163
199693,0.11798419241799646
199694,0.20287154407988328
199695,0.8913012848773526
199696,0.371896318987733
199697,0.7254534794405989
199698,0.7756986833075026
199699,0.04333677239899828
199700,0.6216179364697006
199701,0.936019743569932
199702,0.8239668031687885
199703,0.7349525727089686
199704,0.7887065325582558
199705,0.330645711091214
199706,0.6705223592293463
199707,0.8722031078851564
199708,0.6188045686548103
199709,0.6128051413274187
199710,0.8808522822821458
199711,0.8130087582548939
199712,0.21975175096922567
199713,0.8235804764090701
199714,0.0474500161348235
199715,0.7792119843105886
199716,0.31117029738070456
199717,0.3384767817617409
199718,0.4422259693392903
199719,0.18320069447916337
199720,0.3029483549297567
199721,0.952713604610469
199722,0.8688761527308757
199723,0.7338254075747316
199724,0.23333681784920532
199725,0.6187727535098922
199726,0.3809909054135741
199727,0.8290435912935583
199728,0.8600815376714042
199729,0.19976729494002846
199730,0.4429122674653783
199731,0.23731825598465603
199732,0.4006708450556992
199733,0.366587734807132
199734,0.7837251898682399
199735,0.7755214275001023
199736,0.7305711727516919
199737,0.8881288604269593
199738,0.13082387590275474
199739,0.5177278532503716
199740,0.058585316856118286
199741,0.32801868912512894
199742,0.5377123092795688
199743,0.584289681439499
199744,0.4129833061389594
199745,0.1118938646765536
199746,0.32052394998659217
199747,0.4548156766854073
199748,0.7876975379622855
199749,0.17746942337322347
199750,0.9197076642684108
199751,0.9241526945155236
199752,0.7341662841274242
199753,0.45876984469664256
199754,0.07511555715136282
199755,0.35407074779225617
199756,0.23597292985669552
199757,0.6881252244103971
199758,0.5351216474791043
199759,0.4065202866999059
199760,0.9715027201948906
199761,0.9435735679776022
199762,0.09195485885438208
199763,0.44497570686434473
199764,0.16531603801455316
199765,0.4279546043332227
199766,0.9751569168397562
199767,0.7557142272783053
199768,0.9350425641188796
199769,0.5841396957563142
199770,0.49923870903231965
199771,0.6648728984960527
199772,0.17643770367374023
199773,0.3690193208830066
199774,0.025415755768767527
199775,0.5404756818667309
199776,0.004072338549502092
199777,0.6964017071097759
199778,0.3203421491584894
199779,0.39665759177533055
199780,0.2833547706809804
199781,0.5461115075379169
199782,0.06615732134659873
199783,0.002590661800464501
199784,0.6004017798301072
199785,0.06507560641938724
199786,0.2283645652005945
199787,0.466964517023375
199788,0.3364906077147181
199789,0.3190150031133392
199790,0.0737111457542689
199791,0.5782720740292971
199792,0.5190913594611424
199793,0.9791565350580171
199794,0.18552774507887884
199795,0.7658359883829271
199796,0.10604442303234692
199797,0.1562487217129274
199798,0.6246540102990169
199799,0.14987660268792527
199800,0.4409760886460838
199801,0.9583403402402498
199802,0.9438462692197563
199803,0.5227728262302235
199804,0.7637816390253658
199805,0.3225646642820458
199806,0.13452352275464616
199807,0.11487085323673649
199808,0.04994523250053404
199809,0.6405024974888761
199810,0.6121961085532746
199811,0.5829307202494308
199812,0.18061457769940145
199813,0.5539516682498489
199814,0.5046245585648643
199815,0.5365260588761982
199816,0.4776589507365206
199817,0.49507092504806355
199818,0.4620513496438976
199819,0.5974520613941396
199820,0.461424136786943
199821,0.6794305998063822
199822,0.6128914967207676
199823,0.43248144495298174
199824,0.1084441939633035
199825,0.3655378350248385
199826,0.9353061753196286
199827,0.9576449520727568
199828,0.4827448289026956
199829,0.15742588207489286
199830,0.21487039873466626
199831,0.6591643524936256
199832,0.3481894910031315
199833,0.7758577590320924
199834,0.053867585366851344
199835,0.8551138300434958
199836,0.5449025320310334
199837,0.531526536103372
199838,0.21130710250385193
199839,0.42232332368273934
199840,0.2172292644792997
199841,0.9159489321473859
199842,0.12845592011671614
199843,0.7780666390935411
199844,0.22852364092518443
199845,0.3146245131146572
199846,0.09402738829475367
199847,0.5045881983992437
199848,0.6702360229250844
199849,0.8898105180869098
199850,0.6875480067811709
199851,0.4578744756182364
199852,0.00668572545347944
199853,0.5055017475604602
199854,0.07766531376550419
199855,0.9012003399675486
199856,0.644724821721563
199857,0.29253116747946784
199858,0.9603810545357034
199859,0.16647047327300576
199860,0.49264388399289155
199861,0.5173051663250327
199862,0.12907404293226554
199863,0.4252094118288709
199864,0.5638734484435577
199865,0.21342053713054665
199866,0.5943841724199055
199867,0.7012376091373097
199868,0.03300139532135569
199869,0.009689984137877746
199870,0.7120365783266144
199871,0.5332445539289431
199872,0.8678035278450693
199873,0.767304030069857
199874,0.16288899695938117
199875,0.6183500665845534
199876,0.5877984374218824
199877,0.7737125092604796
199878,0.6784625103967349
199879,0.8914103653742144
199880,0.18025097604319587
199881,0.8218033733143655
199882,0.9913144654373901
199883,0.9082496670772335
199884,0.8517368796614869
199885,0.791406274855582
199886,0.47203221510673976
199887,0.4678053458533503
199888,0.425450297926107
199889,0.6160002908813249
199890,0.8897832479626945
199891,0.18826839256252814
199892,0.8149631171569987
199893,0.37744124424486747
199894,0.3672058576226815
199895,0.556451429636262
199896,0.6051422364228869
199897,0.5409619990819058
199898,0.9397057553597157
199899,0.06796623958622132
199900,0.5203003349680259
199901,0.1622026988332932
199902,0.35944750728339564
199903,0.95901300330423
199904,0.2796142186427659
199905,0.9787929334018116
199906,0.41448770799150986
199907,0.12244285772721694
199908,0.4989432826866526
199909,0.500311333918126
199910,0.3881584030615259
199911,0.28950872871225924
199912,0.11550261111439362
199913,0.7738897650678799
199914,0.9453097658859837
199915,0.6673862949445735
199916,0.684107426109326
199917,0.006190318196899386
199918,0.42566845891983035
199919,0.6117552415451253
199920,0.8810568082137614
199921,0.7742942719104086
199922,0.020288972416269358
199923,0.8585907708809614
199924,0.4393626062966717
199925,0.8996595779493776
199926,0.6531331100213162
199927,0.927461469586994
199928,0.15355806945700637
199929,0.32072847591820774
199930,0.9839833470441458
199931,0.6598733757232265
199932,0.7593275187368479
199933,0.6644956617777394
199934,0.09402284327405111
199935,0.24594925029883513
199936,0.8105499020548039
199937,0.10911231200658118
199938,0.027183768822066984
199939,0.2723012803323319
199940,0.9645988337476877
199941,0.45018884561019173
199942,0.3670376918566864
199943,0.3884083792001672
199944,0.32938219533589974
199945,0.5211547988601088
199946,0.41849187123047343
199947,0.40360238340885646
199948,0.8499779566495926
199949,0.3367087687084414
199950,0.8793933306366211
199951,0.6759945641552398
199952,0.7293712872862137
199953,0.755073379359243
199954,0.5521791101758469
199955,0.5616327532371911
199956,0.7240354329813973
199957,0.9118765935978839
199958,0.6153548979415601
199959,0.020366237768213034
199960,0.6535557969466551
199961,0.4064293862858545
199962,0.10655346535103467
199963,0.31848778071184114
199964,0.0441185159598402
199965,0.5018066457292713
199966,0.9375105103603748
199967,0.46586007699265064
199968,0.949041227882793
199969,0.2868408015598511
199970,0.1745469750614714
199971,0.8622404225051246
199972,0.12716513423718645
199973,0.28338204080519586
199974,0.16598870107853342
199975,0.3536844210325378
199976,0.679907826980152
199977,0.029006322123797276
199978,0.3090432276919021
199979,0.6942382772553529
199980,0.9763340772017216
199981,0.40164347948604906
199982,0.5658278073456625
199983,0.6207225673912945
199984,0.9809336381527218
199985,0.41290604078701576
199986,0.7839569859240709
199987,0.8511142118252348
199988,0.3851223292322096
199989,0.30086219042727735
199990,0.8249167124956255
199991,0.014380445502929266
199992,0.36096554419805377
199993,0.26825621190704524
199994,0.4349403011530717
199995,0.9113948214034115
199996,0.7302712013853223
199997,0.22299235073015758
199998,0.3034074020207162
199999,0.22233786774898762
200000,0.20117170633712236
200001,0.6407388385654097
200002,0.5004976797669314
200003,0.29843969439280793
200004,0.672140386599461
200005,0.7385658641675112
200006,0.2067938969462006
200007,0.9330109398648311
200008,0.6760627394657783
200009,0.14365446934610787
200010,0.3451670522359229
200011,0.045413846860072445
200012,0.6074783770640075
200013,0.179964639738934
200014,0.6882252148658538
200015,0.05554924302680199
200016,0.09428645447480012
200017,0.06566645911072125
200018,0.45884711004858625
200019,0.10605805809445461
200020,0.06333486349030319
200021,0.728407742897269
200022,0.34218551865503744
200023,0.7133091841233337
200024,0.7466287308938693
200025,0.1759422964171602
200026,0.31336554238004555
200027,0.21617481967630364
200028,0.7744578926557011
200029,0.8220897096186273
200030,0.6484108335113467
200031,0.7807754714322724
200032,0.8707896064466575
200033,0.53861676839938
200034,0.8901332145567924
200035,0.7803027892792052
200036,0.9209166397752943
200037,0.032874134741683755
200038,0.22869180669117947
200039,0.7164906986151323
200040,0.6084010162666291
200041,0.14548156766854073
200042,0.5523972711695703
200043,0.3718235986564919
200044,0.8988596543057253
200045,0.9857104549111222
200046,0.45800173619790835
200047,0.2287508919603129
200048,0.9247344571654524
200049,0.05654460256066467
200050,0.9007912881043174
200051,0.06223496848028143
200052,0.0803877811663432
200053,0.18189172851682342
200054,0.3250053403993255
200055,0.6245540198435604
200056,0.029474459256161913
200057,0.20108535094377356
200058,0.6483971984492389
200059,0.6466382754373446
200060,0.3998663763913444
200061,0.2190245476568146
200062,0.014494071020493498
200063,0.8461555942387318
200064,0.05347216856572782
200065,0.9287340753837134
200066,0.6770444639375333
200067,0.7957694947300485
200068,0.47393657878111634
200069,0.24319951277378068
200070,0.28301843914899033
200071,0.9927461469586994
200072,0.6376027742806368
200073,0.42790460910549444
200074,0.7842478672490353
200075,0.9222710559446597
200076,0.9154080746837803
200077,0.08264211143481758
200078,0.7977738488598816
200079,0.9937142363683467
200080,0.7773667059053454
200081,0.8852427722808277
200082,0.4582289872330368
200083,0.739529408556456
200084,0.9932279191531718
200085,0.7172906222587845
200086,0.8000054540248431
200087,0.9635716590689071
200088,0.7839115357170453
200089,0.7091186750355648
200090,0.05600829011776148
200091,0.9265297403429672
200092,0.5806082146704179
200093,0.33984937801391685
200094,0.7969966503197423
200095,0.5354261638661765
200096,0.10294017389249208
200097,0.48064957435881117
200098,0.7185859531590166
200099,0.19698119724935348
200100,0.0952090936774217
200101,0.883752005490385
200102,0.12258829838969916
200103,0.7834433985846806
200104,0.0779743751732789
200105,0.7958649401648025
200106,0.6269946959608401
200107,0.014798587407565641
200108,0.18841383322501035
200109,0.007244762999895464
200110,0.8988869244299409
200111,0.43216783852450447
200112,0.7795165006976608
200113,0.6836211088941511
200114,0.9212484262865818
200115,0.07938787661177796
200116,0.91015403075161
200117,0.1453043118611405
200118,0.0518314160921003
200119,0.5905390849055318
200120,0.6215861213247826
200121,0.1721653842133251
200122,0.6712495625417574
200123,0.033192286190863604
200124,0.5525290767699447
200125,0.8063775730498453
200126,0.7347844069429738
200127,0.8108725985246863
200128,0.3085660005181323
200129,0.8368292117570596
200130,0.8495598147449562
200131,0.10791697156180546
200132,0.9919098631494266
200133,0.2931083851086942
200134,0.0341103803727826
200135,0.9578131178387519
200136,0.4204780452774962
200137,0.39262615841215154
200138,0.5278677944378037
200139,0.9012866953608973
200140,0.8093227464651102
200141,0.20845737452334095
200142,0.39347153226282944
200143,0.5847941787374842
200144,0.7034101290331377
200145,0.07670176937655951
200146,0.17612409724526296
200147,0.3751232836865572
200148,0.9784202417042009
200149,0.9448007235672958
200150,0.6633275914571791
200151,0.8227169224755819
200152,0.6226223860449684
200153,0.15661232336913297
200154,0.48577635771130934
200155,0.4658237168270301
200156,0.4342994532340094
200157,0.651837779121084
200158,0.4159375695956295
200159,0.6935928843155881
200160,0.06809804518659582
200161,0.6023743188150222
200162,0.2478899741388322
200163,0.38626767444925714
200164,0.47234582153521704
200165,0.7097686129960322
200166,0.5843169515637144
200167,0.2136614232277828
200168,0.8345157962194518
200169,0.12708332386454022
200170,0.008653719417691948
200171,0.8654719322246512
200172,0.13893673785684094
200173,0.5845032974125197
200174,0.12378818385517745
200175,0.6059103449216212
200176,0.4368946600551765
200177,0.883951986401298
200178,0.040587034873943856
200179,0.2401179887374387
200180,0.9131673794774136
200181,0.22786915794401444
200182,0.19714936301534855
200183,0.41968721167524914
200184,0.2179246526467928
200185,0.2350821057989919
200186,0.3304957254080292
200187,0.2989941869185214
200188,0.04227778257529963
200189,0.9015094013753233
200190,0.9404784088791526
200191,0.20462592207107505
200192,0.8137132364637921
200193,0.3221147072324914
200194,0.7991009949050318
200195,0.01013085114602697
200196,0.8888560637393703
200197,0.030474363810727156
200198,0.7161634571245472
200199,0.4328541366505924
200200,0.7509601356234178
200201,0.6056785488657901
200202,0.29930324832629607
200203,0.6803214238640858
200204,0.24447666359120265
200205,0.6100463137609592
200206,0.9222119706755264
200207,0.1411456179182896
200208,0.3562978079365151
200209,0.4306270765063335
200210,0.328873153017212
200211,0.6517786938519505
200212,0.8102090255021113
200213,0.5673276641775103
200214,0.01252153203557842
200215,0.38256802759736563
200216,0.18194172374455167
200217,0.04028706350757428
200218,0.9278068911603893
200219,0.038287254398443785
200220,0.3250189754614332
200221,0.8743574476981744
200222,0.2519895828125497
200223,0.6142686379936462
200224,0.034251276014562244
200225,0.1410456274628331
200226,0.26889251480540494
200227,0.4176237722762827
200228,0.8396243994891397
200229,0.7786165865985519
200230,0.9068452556801396
200231,0.5041291513082842
200232,0.4286545375214184
200233,0.636461974084292
200234,0.9873421173433445
200235,0.806623004167784
200236,0.5082105798991915
200237,0.16421159798382884
200238,0.13643243144972525
200239,0.9620899823198695
200240,0.46629639898009734
200241,0.015821217065643736
200242,0.04223687738897651
200243,0.38036823757732213
200244,0.5775630507996964
200245,0.326414296817122
200246,0.6217497420700752
200247,0.5973747960421959
200248,0.4261956813213284
200249,0.8015098558773935
200250,0.5997336617868295
200251,0.3640107080687752
200252,0.7813981392685244
200253,0.38182264420214435
200254,0.4223505938069548
200255,0.2975534153558069
200256,0.7963376223178696
200257,0.13889128764981523
200258,0.7356661409592721
200259,0.16557510419459961
200260,0.496111734788952
200261,0.8084728275937296
200262,0.6835756586871253
200263,0.9484367401293513
200264,0.1702428404561383
200265,0.7074824675826399
200266,0.9919734934392627
200267,0.3341090168665718
200268,0.3253280368692079
200269,0.44480299607764706
200270,0.1912044759363879
200271,0.5161416410251749
200272,0.7273532980942728
200273,0.2713286459019821
200274,0.04939073997482058
200275,0.05243590384554202
200276,0.4615150372009944
200277,0.10779880102353866
200278,0.614659509774067
200279,0.17938287708900516
200280,0.2661155071561351
200281,0.7464560201071716
200282,0.9325200776289536
200283,0.05690365919616764
200284,0.9514637239172624
200285,0.3843133155471523
200286,0.4168238486326305
200287,0.9914599060998723
200288,0.7126637911835688
200289,0.2941673749323928
200290,0.1913862767644907
200291,0.26686998059276157
200292,0.3379995545879711
200293,0.5270769608355567
200294,0.294344630739793
200295,0.6672635793856041
200296,0.6962653564886988
200297,0.13045118420514407
200298,0.327891428545457
200299,0.31312465628280933
200300,0.2197744760727385
200301,0.4268865244681189
200302,0.7512828320933003
200303,0.7121411138027735
200304,0.2153067207221129
200305,0.8759072997577504
200306,0.8390017316528877
200307,0.48534458074456527
200308,0.8501779375605055
200309,0.155630598897378
200310,0.9770703705555379
200311,0.9024184055158371
200312,0.9410965316947019
200313,0.8657628135496157
200314,0.7358115816217543
200315,0.7329891237654588
200316,0.4988069320655755
200317,0.17945559742024625
200318,0.12730148485826354
200319,0.18924102699287795
200320,0.41932815503974613
200321,0.6740947455015658
200322,0.9441053353998028
200323,0.11709336836029287
200324,0.07913335545243408
200325,0.6476245449298023
200326,0.3846996423068707
200327,0.6270810513541889
200328,0.8412696969834698
200329,0.6848300844010344
200330,0.18040096172638068
200331,0.2000718113271006
200332,0.5014794042386864
200333,0.7102640202526123
200334,0.2542530031224292
200335,0.255880120533949
200336,0.2860136077919835
200337,0.20759836561055536
200338,0.9502729284931893
200339,0.9761704564564292
200340,0.9896237177360343
200341,0.5490975861395049
200342,0.7692720240340695
200343,0.023415946659637036
200344,0.21275241908726894
200345,0.6682907540643849
200346,0.8887606183046164
200347,0.7715399893646516
200348,0.18249621627026513
200349,0.18867744442575937
200350,0.33854495707227944
200351,0.9526681544034433
200352,0.6019607219310884
200353,0.8957781302693834
200354,0.5089514182737103
200355,0.7748896696224451
200356,0.7878566136868754
200357,0.8965780539130356
200358,0.42122342867271756
200359,0.9533499075088288
200360,0.5502111162116344
200361,0.623281414046841
200362,0.37331891046763716
200363,0.3465578285709091
200364,0.9523318228714532
200365,0.8154176192272555
200366,0.45707000695388167
200367,0.2990987223946805
200368,0.20656210089036955
200369,0.23245508383290686
200370,0.29083132973670694
200371,0.6472518532321915
200372,0.8364837901836644
200373,0.10922139250344284
200374,0.7117684221051627
200375,0.4742183700646756
200376,0.5369805609464552
200377,0.5036928293208376
200378,0.43881720381236333
200379,0.43749005776721306
200380,0.3494439167170406
200381,0.5346535103467397
200382,0.03830088946055149
200383,0.1028765436026561
200384,0.1930542993623336
200385,0.9954049840697025
200386,0.5112057485421846
200387,0.5683321137527781
200388,0.0179437417337436
200389,0.4590107307938787
200390,0.4504251866867253
200391,0.12967853068570728
200392,0.157994009662714
200393,0.7602047077324438
200394,0.5006703905536289
200395,0.6117552415451253
200396,0.5922752828139132
200397,0.6124597197540235
200398,0.7447016421159799
200399,0.594388717440608
200400,0.15362169974684237
200401,0.22396044013980484
200402,0.6488744256230088
200403,0.6198817385613192
200404,0.2861317783302503
200405,0.9484912803777822
200406,0.9516864299316884
200407,0.4990614532249194
200408,0.3219829016321169
200409,0.34700778562046347
200410,0.33684966435022107
200411,0.3204057794483253
200412,0.43126792442539574
200413,0.5639143536298807
200414,0.3077024465846442
200415,0.09964048886242677
200416,0.5511519354970662
200417,0.4134559882920267
200418,0.1899455052017762
200419,0.6570645529290386
200420,0.6922293781048173
200421,0.4843174060657846
200422,0.534871671340463
200423,0.8907876975379624
200424,0.576354075292813
200425,0.6726857890837693
200426,0.31854686598097454
200427,0.5803536935110739
200428,0.35280268701623935
200429,0.36473791138118633
200430,0.9977683948350385
200431,0.22015171279105178
200432,0.5949341199249163
200433,0.8961099167806709
200434,0.5374486980788198
200435,0.12207471105030882
200436,0.3808727348753073
200437,0.40860190618168263
200438,0.9211938860381509
200439,0.43167697628862695
200440,0.5910844873898401
200441,0.8813931397457516
200442,0.23568204853173105
200443,0.937033283186605
200444,0.5704273682966626
200445,0.8321160252884952
200446,0.10419459960640119
200447,0.891128574090655
200448,0.6214634057658134
200449,0.5847896337167816
200450,0.022497852477718037
200451,0.3184150603806
200452,0.5295994473254827
200453,0.521659296158094
200454,0.237054644783907
200455,0.02902450220660755
200456,0.293394721412956
200457,0.2338140450229751
200458,0.043623108703260145
200459,0.09053681239518045
200460,0.7611546170592808
200461,0.17103821907908792
200462,0.8008371928134133
200463,0.581376323169152
200464,0.424923075524609
200465,0.9846014698596952
200466,0.676339985728635
200467,0.1550215661232337
200468,0.5263043073161199
200469,0.6894660055176552
200470,0.3311002131614709
200471,0.07976965835079378
200472,0.18546865980974542
200473,0.18283709282295782
200474,0.8822476036378346
200475,0.1761059171624527
200476,0.532021943359952
200477,0.12184746001518036
200478,0.4853400357238627
200479,0.7702446584644193
200480,0.40727021511582984
200481,0.8386335849759795
200482,0.022616023015984837
200483,0.9504410942591844
200484,0.9161398230168938
200485,0.7048554456165548
200486,0.7396657591775331
200487,0.8465964612468809
200488,0.4210098126996968
200489,0.9179351061944088
200490,0.5648279027910973
200491,0.14714959026638366
200492,0.023297776121370236
200493,0.7720263065798265
200494,0.3881174978752028
200495,0.9010730793878767
200496,0.0508542366410479
200497,0.4839674394716868
200498,0.4803814181373596
200499,0.9670485999063726
200500,0.4091382186245858
200501,0.9664759272978488
200502,0.6314306361665477
200503,0.9399693665604647
200504,0.5049745251589621
200505,0.0024815813036028382
200506,0.7012148840337968
200507,0.7036373800682661
200508,0.45757450425186685
200509,0.6997286622640566
200510,0.19251344189872785
200511,0.8815385804082337
200512,0.2867589911872048
200513,0.769140218433695
200514,0.5905754450711523
200515,0.14385445025702093
200516,0.4629149035773858
200517,0.2584162420859827
200518,0.3859677030828875
200519,0.5651596893023848
200520,0.5801718926829712
200521,0.9376105008158312
200522,0.6048013598701942
200523,0.6731084760091083
200524,0.3464805632189654
200525,0.3206193954213461
200526,0.5456660955090651
200527,0.19806291217656496
200528,0.07125228955417891
200529,0.7323346407842888
200530,0.7219401784375128
200531,0.3821817008376473
200532,0.5019202712468355
200533,0.16681589484640102
200534,0.16073011212566074
200535,0.4082201244426668
200536,0.12824684916439794
200537,0.9670940501133983
200538,0.9497048009053681
200539,0.6025970248294481
200540,0.652133205466751
200541,0.4630467091777603
200542,0.6433385904072793
200543,0.013126019789020138
200544,0.5666731811963404
200545,0.47350480181437227
200546,0.20747110503088342
200547,0.4781589030138032
200548,0.03138336795124102
200549,0.6579417419246345
200550,0.7733625426663819
200551,0.6831529717617864
200552,0.585439571677249
200553,0.4958526686089055
200554,0.7993509710436731
200555,0.1819826289308748
200556,0.7090232296008109
200557,0.49137582321687473
200558,0.4426259311611164
200559,0.27697810663527567
200560,0.52779052908586
200561,0.9182350775607783
200562,0.4392080755927843
200563,0.89752341821917
200564,0.9289567813981393
200565,0.5622463310320379
200566,0.0909594993205194
200567,0.4493889219665395
200568,0.6416932929129492
200569,0.16071647706355305
200570,0.3453215829398103
200571,0.08216942928175038
200572,0.5348671263197604
200573,0.1391776239540771
200574,0.5638734484435577
200575,0.4170465546470564
200576,0.9064589289204212
200577,0.3304502752010035
200578,0.13490530449366198
200579,0.7176496788942873
200580,0.5544243504029162
200581,0.8979006549374833
200582,0.6485199140082084
200583,0.19658578044822994
200584,0.6869526090691344
200585,0.05008612814231369
200586,0.66272764872444
200587,0.6702542030078947
200588,0.6411206203044255
200589,0.8790433640425233
200590,0.041964176146822345
200591,0.7175633235009387
200592,0.9487912517441517
200593,0.6024970343739916
200594,0.5373577976647683
200595,0.7143045436571964
200596,0.014662236786488562
200597,0.9785020520768473
200598,0.9187622999622764
200599,0.8624903986437659
200600,0.6477881656750947
200601,0.8561500947636818
200602,0.47805436753764413
200603,0.4645965612373364
200604,0.2706059876102735
200605,0.11217111093941033
200606,0.5786493107476105
200607,0.8875743679012458
200608,0.5798173810681708
200609,0.04950436549238482
200610,0.07088868789797337
200611,0.681975811399821
200612,0.15135827943696284
200613,0.8453374905122693
200614,0.6602506124415397
200615,0.37930924775362346
200616,0.955340626576554
200617,0.4548974870580535
200618,0.5223774094290999
200619,0.3168879334245367
200620,0.08735075288267938
200621,0.17884656464610196
200622,0.27728262302234785
200623,0.35309811336190633
200624,0.7515782584389672
200625,0.9272251285104605
200626,0.6744856172819867
200627,0.9604219597220266
200628,0.898641493312002
200629,0.5630462546756901
200630,0.5285677276259994
200631,0.10600806286672636
200632,0.6857709036864664
200633,0.07537916835211184
200634,0.013512346548738528
200635,0.578063003076979
200636,0.18982278964280686
200637,0.22546484199235528
200638,0.5536380618213717
200639,0.4175101467587185
200640,0.2892223924079974
200641,0.9671031401548034
200642,0.019475413710509454
200643,0.9221983356134187
200644,0.8173992482535758
200645,0.9864240231614255
200646,0.45536562419041815
200647,0.2492989305566287
200648,0.8550820148985778
200649,0.9850105217229265
200650,0.18326432476899931
200651,0.20718476872662156
200652,0.811118029642625
200653,0.7820389871875867
200654,0.24942619113630063
200655,0.25190322741920085
200656,0.9074906486199045
200657,0.4160148349475732
200658,0.4583789729162216
200659,0.05731725608010144
200660,0.6755673322091983
200661,0.36609687257125456
200662,0.5034019479958731
200663,0.8915149008503734
200664,0.9231391548988506
200665,0.00434503979165625
200666,0.34372173565250586
200667,0.8337795028656356
200668,0.12127478740665663
200669,0.4613605064971071
200670,0.7615273087568915
200671,0.5377895746315124
200672,0.5946068784343312
200673,0.34978024824903076
200674,0.08032869589720981
200675,0.7208084682825731
200676,0.07740170256475518
200677,0.41171524536294263
200678,0.9201076260902369
200679,0.45008431013403266
200680,0.33740415687593456
200681,0.7837751850959682
200682,0.17457424518568682
200683,0.8428559092086665
200684,0.7282941173797047
200685,0.7524418123724553
200686,0.7817253807591095
200687,0.43699010548993045
200688,0.7390703614654965
200689,0.3004713186468564
200690,0.4880761381868094
200691,0.8524459028910878
200692,0.7792619795383168
200693,0.912581071806782
200694,0.10507633362269965
200695,0.7734943482667563
200696,0.5596056740038451
200697,0.572481717654224
200698,0.6545693365633282
200699,0.7745533380904551
200700,0.5864349312111117
200701,0.40896550783788815
200702,0.38369519273160285
200703,0.2026624731275651
200704,0.7316710677617138
200705,0.6453702146613278
200706,0.5642779552860864
200707,0.2394089655078379
200708,0.8199808200126352
200709,0.42034169465641913
200710,0.8375700501315784
200711,0.15027656450975135
200712,0.018948191309011413
200713,0.2128796796669409
200714,0.26426113870948675
200715,0.843683102976534
200716,0.1945041609664532
200717,0.4888306116234359
200718,0.03833724962617205
200719,0.136055194731412
200720,0.6491198567409475
200721,0.13392812504260956
200722,0.4961026447475468
200723,0.4308861426863799
200724,0.4057930833874948
200725,0.6188363837997283
200726,0.06398025643006804
200727,0.8398789206484836
200728,0.22595570422823277
200729,0.03765095150008408
200730,0.6333077297167089
200731,0.1712018398243804
200732,0.8204262320414869
200733,0.19664032069666076
200734,0.44028070047859064
200735,0.14078656128278663
200736,0.45533380904550014
200737,0.9798246531012949
200738,0.5877666222769644
200739,0.2025306675271906
200740,0.36785125056244633
200741,0.9223392312551985
200742,0.699660486953518
200743,0.17904654555701502
200744,0.6445612009762705
200745,0.8183946077874384
200746,0.3007440198890106
200747,0.45978338431331556
200748,0.7006922066530012
200749,0.7838524504479117
200750,0.9913917307893337
200751,0.8889742342776372
200752,0.6191454452075029
200753,0.8164856990923595
200754,0.9153080842283237
200755,0.3729053135837034
200756,0.14724049068043507
200757,0.2378500234068566
200758,0.16769762886269945
200759,0.8204671372278101
200760,0.27404656828211854
200761,0.36194726866980875
200762,0.7028238213625064
200763,0.12633339544861627
200764,0.2971716336167911
200765,0.21256152821776103
200766,0.8270801423500485
200767,0.6620595306811623
200768,0.38077728944055333
200769,0.26941519218620036
200770,0.9923507301575759
200771,0.5632689606901159
200772,0.769044772998941
200773,0.09932688243394948
200774,0.3096386254039387
200775,0.1964130696615323
200776,0.8238304525477114
200777,0.11447543643561296
200778,0.6255130192118026
200779,0.6645092968398472
200780,0.8881515855304721
200781,0.8418696397162089
200782,0.2899632307825162
200783,0.4112289281477677
200784,0.3040391598983733
200785,0.14042750464728368
200786,0.052367728535003474
200787,0.08929147672267645
200788,0.8995550424732185
200789,0.9478413424173147
200790,0.8277937106003519
200791,0.41431045218410967
200792,0.23967712172928948
200793,0.6334577153998936
200794,0.5118284163784367
200795,0.4356538694033751
200796,0.10951227382840728
200797,0.7050826966516833
200798,0.015103103794637784
200799,0.9724980797287532
200800,0.9444143968075775
200801,0.864926529740343
200802,0.9655305629917145
200803,0.2113843678557956
200804,0.08965507837888201
200805,0.6825303039255344
200806,0.20638484508296936
200807,0.4677099004185964
200808,0.8393516982469855
200809,0.7104140059357971
200810,0.05505383577022194
200811,0.13227828252757692
200812,0.3993073388449284
200813,0.1838460874189282
200814,0.475586421296149
200815,0.3247735443434944
200816,0.656564600651756
200817,0.7142500034087655
200818,0.9273887492557529
200819,0.2987669358833929
200820,0.6860708750528359
200821,0.6752628158221261
200822,0.47624544929802154
200823,0.8083819271796783
200824,0.8783252507715174
200825,0.6185909526817895
200826,0.9373105294494617
200827,0.2272283100249522
200828,0.05491294012844229
200829,0.8286981697201632
200830,0.5656596415796674
200831,0.5030247112775599
200832,0.9574131560169257
200833,0.45127965057880837
200834,0.6537421427954605
200835,0.2960944637102822
200836,0.46880979542861817
200837,0.11652524077247171
200838,0.9470550538357703
200839,0.6762990805423119
200840,0.07480649574358811
200841,0.9522363774366992
200842,0.047490921321146615
200843,0.30579808291026767
200844,0.4580699115084469
200845,0.14784952345457936
200846,0.2728784979615582
200847,0.6920657573595248
200848,0.6278855200185437
200849,0.5009839969821063
200850,0.49041227882793004
200851,0.7340435685684549
200852,0.44310770335558874
200853,0.8123906354393444
200854,0.534944391671704
200855,0.1722562846273765
200856,0.07170679162443584
200857,0.9757159543861723
200858,0.6598415605783085
200859,0.9925688911512992
200860,0.30357556778671124
200861,0.3072024943073616
200862,0.6397752941764651
200863,0.48919421327964147
200864,0.48149949323019164
200865,0.4678644311224837
200866,0.14926756991378098
200867,0.9865967339481232
200868,0.4914849037137364
200869,0.25678457965376034
200870,0.8735620690752246
200871,0.23183696101735746
200872,0.23846360120170348
200873,0.6121097531599257
200874,0.8849473459351608
200875,0.21806554828857247
200876,0.5102603842360502
200877,0.30912958308525096
200878,0.2978124815358534
200879,0.9869103403766005
200880,0.9116175274178374
200881,0.3855313810954409
200882,0.14321360233795866
200883,0.3843405856713677
200884,0.6137368705714455
200885,0.911422091527627
200886,0.9121265697365252
200887,0.6574417896473519
200888,0.03884174692415724
200889,0.5270451456906387
200890,0.11909317746942337
200891,0.7153726235223001
200892,0.6296898932374637
200893,0.8610950772880771
200894,0.01091259470686889
200895,0.32306007153862587
200896,0.7920380327332391
200897,0.8080274155648779
200898,0.25482113071025037
200899,0.27309211393457894
200900,0.39674394716867933
200901,0.1833279550588353
200902,0.7852886769899237
200903,0.6062875816399343
200904,0.9397375705046337
200905,0.30090764063430303
200906,0.9671395003204241
200907,0.7989873693874676
200908,0.0895959931097486
200909,0.73405265860986
200910,0.1351234654873853
200911,0.1645570195572241
200912,0.9152353638970826
200913,0.747696810758973
200914,0.550192936128824
200915,0.1986810349921144
200916,0.22402407042964081
200917,0.5754632512351094
200918,0.8713168288481554
200919,0.15803491484903714
200920,0.3787956604142332
200921,0.8601724380854555
200922,0.4764272501261243
200923,0.21175251453270372
200924,0.44834356720494856
200925,0.03881447679994182
200926,0.5159416601142619
200927,0.16424795814944937
200928,0.6247630907958787
200929,0.7182950718340522
200930,0.7572595343171789
200931,0.4660964180691843
200932,0.5030747065052881
200933,0.029697165270587807
200934,0.28572727148772165
200935,0.1784420578035733
200936,0.6913658241713291
200937,0.4461937724126333
200938,0.13406902068438922
200939,0.3144245322037441
200940,0.06423932261011447
200941,0.8645765631462451
200942,0.4212461537762304
200943,0.8499870466909978
200944,0.18190990859963369
200945,0.15543061798646493
200946,0.36481972175383254
200947,0.6249630717067916
200948,0.0072674881034083105
200949,0.8260120624849446
200950,0.2565073333909036
200951,0.19278159812017945
200952,0.4049158943918989
200953,0.7528917694220097
200954,0.2574890578626585
200955,0.14878125269860606
200956,0.47326391571713605
200957,0.5138100454047568
200958,0.10537175996836666
200959,0.6147140500224979
200960,0.6295035473886583
200961,0.07683357497693402
200962,0.6268310752155476
200963,0.9765704182782553
200964,0.03546934156285082
200965,0.8396562146340577
200966,0.37420973452534073
200967,0.7604274137468696
200968,0.9573495257270898
200969,0.851418728212307
200970,0.9212847864522022
200971,0.5053926670635985
200972,0.7561141891001314
200973,0.9360742838183629
200974,0.26543375405074965
200975,0.3355770585535017
200976,0.21801100804014162
200977,0.7628908149676622
200978,0.458374427895519
200979,0.8576726766990425
200980,0.7516418887288031
200981,0.08886878979733752
200982,0.7890201389867331
200983,0.17523327318755938
200984,0.7089641443316775
200985,0.06638911740242975
200986,0.4086246312851955
200987,0.3329818517323346
200988,0.9370423732280101
200989,0.1098349702982897
200990,0.40485680912276556
200991,0.4679735116193454
200992,0.22302416587507556
200993,0.4823312320187618
200994,0.9781293603792366
200995,0.04517296076283628
200996,0.7724808086500835
200997,0.6135187095777221
200998,0.5519927643270416
200999,0.29947595911299374
201000,0.918016916567055
201001,0.770385554106199
201002,0.7788120224887625
201003,0.8802659746115143
201004,0.4350266565464206
201005,0.9323019166352303
201006,0.6050377009467278
201007,0.7260625122147432
201008,0.9836697406156686
201009,0.7470968680262339
201010,0.704769090223206
201011,0.360520132169202
201012,0.8652764963344408
201013,0.24749455733770867
201014,0.8661582303507392
201015,0.6933747233218648
201016,0.7593820589852788
201017,0.7076415433072298
201018,0.18492780234613967
201019,0.8981688111589349
201020,0.6514650874234733
201021,0.6392208016507516
201022,0.7849523454579336
201023,0.3078706123506393
201024,0.17757850387008514
201025,0.741061080533222
201026,0.03979620127169679
201027,0.9057271805873076
201028,0.21175251453270372
201029,0.010471727698719667
201030,0.03214693142927266
201031,0.14499979547406838
201032,0.8708305116329805
201033,0.7625817535598874
201034,0.8072502170247386
201035,0.26902886542648197
201036,0.36766490471364094
201037,0.9631535171642708
201038,0.12820139895737226
201039,0.13163743460851465
201040,0.51434635784766
201041,0.49226210225387573
201042,0.8209261843187696
201043,0.11772512623795
201044,0.8311343008167403
201045,0.33213647788165673
201046,0.7063234873034847
201047,0.014553156289626898
201048,0.20983451579621948
201049,0.7589775521427501
201050,0.2835956567782166
201051,0.06079419691756696
201052,0.31587439380786375
201053,0.458733484531022
201054,0.5060789651896865
201055,0.779661941360143
201056,0.487689811427091
201057,0.9192804323223693
201058,0.9126356120552129
201059,0.2609750887415292
201060,0.7070643256780035
201061,0.22046531921952905
201062,0.00837647315483522
201063,0.9800928093227464
201064,0.83456579144718
201065,0.08566455020202615
201066,0.9604764999704575
201067,0.06891614891305829
201068,0.5794537794119653
201069,0.7639634398534686
201070,0.6283627471923136
201071,0.5164052522259239
201072,0.3868585271405911
201073,0.8561228246394662
201074,0.009758159448416287
201075,0.48176764945164324
201076,0.36607869248844427
201077,0.07323846360120169
201078,0.9291567623090523
201079,0.12132023761368232
201080,0.7263942987260307
201081,0.4706232586889433
201082,0.2721512946491471
201083,0.6229996227632817
201084,0.29582630748883054
201085,0.2970580080992269
201086,0.18101453952122754
201087,0.3524709005049518
201088,0.643224964889715
201089,0.8238168174856038
201090,0.5429572631703338
201091,0.8832702332959127
201092,0.5621963358043097
201093,0.04120515768949328
201094,0.9224619468141677
201095,0.8873880220524405
201096,0.07185677730762063
201097,0.040237068279846015
201098,0.01819826289308748
201099,0.5488703351043764
201100,0.9177896655319265
201101,0.4810449911599347
201102,0.09469550633803137
201103,0.0793969666531831
201104,0.3239054453893037
201105,0.5083787456651866
201106,0.20628030960681026
201107,0.5899936824212234
201108,0.5850850600624486
201109,0.4603924170874598
201110,0.5588375655051109
201111,0.8697987919334973
201112,0.414360447411838
201113,0.4595197731125665
201114,0.2519395875848214
201115,0.8984915076288174
201116,0.09323655469250662
201117,0.932715513519164
201118,0.658009917235173
201119,0.5861122347412292
201120,0.3031256107371569
201121,0.3361088259757023
201122,0.2313824589471005
201123,0.7009058226260221
201124,0.5148281300421323
201125,0.4589561905454479
201126,0.6473472986669454
201127,0.2568163947986783
201128,0.2296962562664473
201129,0.7946968698442423
201130,0.34318087818890014
201131,0.9959094813676876
201132,0.2020125351670977
201133,0.9545906981606301
201134,0.14407261125074428
201135,0.20770290108671446
201136,0.7518691397639315
201137,0.8110407642906814
201138,0.9960094718231443
201139,0.2729693983756096
201140,0.7481467678085274
201141,0.9459324337222357
201142,0.057421791556260544
201143,0.7471195931297467
201144,0.21621572486262677
201145,0.36671954040750654
201146,0.8842746828711805
201147,0.016189363742551848
201148,0.5455524699915009
201149,0.5291903954622513
201150,0.18774571518173266
201151,0.40646574645147504
201152,0.8709714072747602
201153,0.10285836351984583
201154,0.5902072983942442
201155,0.22612386999422784
201156,0.7412701514855401
201157,0.7642588661991355
201158,0.476736311533899
201159,0.9246571918135087
201160,0.2826321123892719
201161,0.4759227528281391
201162,0.2408588271119575
201163,0.4245185686820803
201164,0.4468346203316956
201165,0.804459574313361
201166,0.41486494470982316
201167,0.7469241572395362
201168,0.2539257616318442
201169,0.5044336676953564
201170,0.43580840010726246
201171,0.32270101490312286
201172,0.19329518545956975
201173,0.8028188218397334
201174,0.12714695415437618
201175,0.9010912594706869
201176,0.7250307925152599
201177,0.2986760354693415
201178,0.27346026061148704
201179,0.3364133423627744
201180,0.6869753341726472
201181,0.14914030933410904
201182,0.08172401725289859
201183,0.534280818649129
201184,0.25236227451016036
201185,0.3566886797169361
201186,0.5619781748105862
201187,0.4039841651478722
201188,0.14329086768990235
201189,0.039350789242845005
201190,0.3057117275169188
201191,0.053026756536876024
201192,0.3268551638252712
201193,0.7748124042705015
201194,0.5447116411615255
201195,0.4116834302180246
201196,0.38134541702837454
201197,0.314710868508006
201198,0.38717667858977095
201199,0.31711972948036776
201200,0.5273178469327928
201201,0.6122233786774899
201202,0.1329600356329623
201203,0.8884788270210571
201204,0.052544984342403685
201205,0.46989151035582966
201206,0.480376873116657
201207,0.9526908795069562
201208,0.9908735984292408
201209,0.9709664077519873
201210,0.16798396516696132
201211,0.9516455247453652
201212,0.46541011994309633
201213,0.08329204939528499
201214,0.1426136596052195
201215,0.14624967616727494
201216,0.5647324573563433
201217,0.031728789524636286
201218,0.1420955272451266
201219,0.27106957972193557
201220,0.32035123919989456
201221,0.07111139391239926
201222,0.3792183473395721
201223,0.9103494666418206
201224,0.5256816394798679
201225,0.7653814863126702
201226,0.8022915994382355
201227,0.435222092436631
201228,0.06090327741442862
201229,0.7284304680007818
201230,0.6564555201548943
201231,0.6507560641938724
201232,0.5384531476540876
201233,0.5716863390312743
201234,0.023693192922493764
201235,0.46827802800641755
201236,0.6532285554560701
201237,0.8100272246740085
201238,0.10876689043318592
201239,0.07406565736906931
201240,0.4118197808391017
201241,0.0482635748405834
201242,0.8809613627790075
201243,0.1957631317010649
201244,0.9809972684425579
201245,0.15006294853673058
201246,0.5347853159471141
201247,0.15337172360820106
201248,0.9734525340762927
201249,0.9583676103644652
201250,0.8365428754527977
201251,0.7804800450866054
201252,0.5241636025652098
201253,0.029878966098690583
201254,0.0974452438630858
201255,0.24141331963767093
201256,0.0006408479190622713
201257,0.7170270110580353
201258,0.27753259916098916
201259,0.7153498984187873
201260,0.21399320973907038
201261,0.08594634148558546
201262,0.9995409529090404
201263,0.6010971679976003
201264,0.2887178951100122
201265,0.8377973011667069
201266,0.9232118752300917
201267,0.5267860795105922
201268,0.29071315919844015
201269,0.9859377059462506
201270,0.6703541934633512
201271,0.13031483358406698
201272,0.10630348921239335
201273,0.8154539793928762
201274,0.5141281968539367
201275,0.0475681866730903
201276,0.4868944328041414
201277,0.2848319024093155
201278,0.04221869730616623
201279,0.8850382463492121
201280,0.4074565609646352
201281,0.5782266238222715
201282,0.007926516105280858
201283,0.794065111966585
201284,0.793306093509256
201285,0.409051863231237
201286,0.0845328400470864
201287,0.7800528131405638
201288,0.09727707809709073
201289,0.663845723817272
201290,0.5211866140050269
201291,0.01500311333918126
201292,0.5311720244885716
201293,0.3352998122906449
201294,0.9779748296753492
201295,0.48888515187186676
201296,0.3886947155044291
201297,0.4700596761218247
201298,0.05765358761209157
201299,0.9497366160502861
201300,0.6654092109389558
201301,0.2332186473109385
201302,0.7124910803968713
201303,0.4348766708632357
201304,0.5950432004217779
201305,0.6214179555587876
201306,0.25734816222087886
201307,0.5494066475472796
201308,0.326909704073702
201309,0.030610714431804235
201310,0.09243208602815185
201311,0.6315215365805991
201312,0.5753541707382478
201313,0.07779257434517614
201314,0.24118152358183992
201315,0.9563087159862014
201316,0.9613400539039456
201317,0.1472495807218402
201318,0.2241331509265025
201319,0.6209407283850178
201320,0.3579158353066298
201321,0.2465446480108717
201322,0.3187150317469696
201323,0.1443044073065753
201324,0.3918944100790379
201325,0.9000731748333114
201326,0.6454065748269484
201327,0.8252257739034001
201328,0.054144831629708075
201329,0.6506015334899851
201330,0.29636261993173374
201331,0.41080624122242876
201332,0.6714586334940755
201333,0.0755473341181069
201334,0.5335717954195281
201335,0.7484058339885739
201336,0.39441235154826126
201337,0.5437526417932834
201338,0.255384713277369
201339,0.6981742651837779
201340,0.25890710432186015
201341,0.6183137064189328
201342,0.07313392812504262
201343,0.34691688520641206
201344,0.7856886388117498
201345,0.9103585566832257
201346,0.3635289358743029
201347,0.3246599188259302
201348,0.8425468478008917
201349,0.28445921071170477
201350,0.9889328745892437
201351,0.3080796833029574
201352,0.006163048072683971
201353,0.343403584203326
201354,0.2423223237781848
201355,0.17043827634634875
201356,0.6511651160571037
201357,0.9070861417773758
201358,0.46385117784211505
201359,0.5034837583685193
201360,0.3691829416282991
201361,0.3095704500934002
201362,0.38944918894105557
201363,0.040373418900923094
201364,0.145563378041187
201365,0.1648660809649988
201366,0.4815813036028379
201367,0.9635489339653943
201368,0.4560519223165061
201369,0.7809527272396726
201370,0.6764399761840916
201371,0.3721417501056717
201372,0.5603419673576614
201373,0.3744415305811718
201374,0.4972843501302148
201375,0.8336613323273688
201376,0.6183455215638507
201377,0.3805682184882352
201378,0.550152030942501
201379,0.12851500538584953
201380,0.2527940514769044
201381,0.4402261602301598
201382,0.2883633834952118
201383,0.5771721790192754
201384,0.08399652760418323
201385,0.24591743515391715
201386,0.8261120529404011
201387,0.6737720490316833
201388,0.6193090659527954
201389,0.8086728085046427
201390,0.992518895923571
201391,0.9802700651301467
201392,0.06265311038491779
201393,0.24550383826998334
201394,0.23411856141004722
201395,0.05346762354502525
201396,0.13514619059089814
201397,0.45638825384849624
201398,0.7447561823644108
201399,0.3221556124188145
201400,0.09145945159780201
201401,0.5204730457547234
201402,0.1621572486262675
201403,0.3028892696606233
201404,0.7879293340181165
201405,0.1832552347275942
201406,0.04085519109539544
201407,0.9425509383195241
201408,0.5456161002813368
201409,0.8653992118934102
201410,0.14026842892269373
201411,0.2763463487576186
201412,0.961926361574577
201413,0.7180223705918981
201414,0.014048658991641707
201415,0.9290295017293804
201416,0.3055662868544366
201417,0.2645156598688307
201418,0.53106294399171
201419,0.7744078974279729
201420,0.4898986914885397
201421,0.5429527181496312
201422,0.7921289331472905
201423,0.6703451034219461
201424,0.6215406711177569
201425,0.9495593602428859
201426,0.7813435990200935
201427,0.5412074301998446
201428,0.6986969425645734
201429,0.19561314601788013
201430,0.7698946918703214
201431,0.09763158971189113
201432,0.10410824421305238
201433,0.5150599260979634
201434,0.0010953499893192014
201435,0.8558773935215275
201436,0.2430631621527036
201437,0.13369178396607598
201438,0.5128283209330019
201439,0.6534421714290909
201440,0.3671104121879275
201441,0.39795292267556276
201442,0.9243072252194109
201443,0.5901936633321365
201444,0.46053785774994205
201445,0.7924425395757678
201446,0.4352130023952259
201447,0.4069475186459474
201448,0.37716854300271335
201449,0.7403793274278364
201450,0.48819430872507624
201451,0.07041600574490615
201452,0.5653823953168107
201453,0.7698492416632957
201454,0.012694242822276056
201455,0.4058794387808436
201456,0.9046000154530704
201457,0.8982688016143914
201458,0.5787220310788516
201459,0.4568927511464815
201460,0.47749987501193064
201461,0.37820480772289916
201462,0.6603506028969962
201463,0.5932524622649656
201464,0.25890255930115763
201465,0.617677403520573
201466,0.04174147013239646
201467,0.6762127251489631
201468,0.01703019257252717
201469,0.6044786634003118
201470,0.13988210216297536
201471,0.011321646570100126
201472,0.014080474136559691
201473,0.8074229278114362
201474,0.7261261425045791
201475,0.47299575949568445
201476,0.41752378182082617
201477,0.5629371741788284
201478,0.9731480176892207
201479,0.05290404097790666
201480,0.8654264820176256
201481,0.07084778271165024
201482,0.1722244694824585
201483,0.9719572222651475
201484,0.6101690293199286
201485,0.8100499497775213
201486,0.5406802077983466
201487,0.6071738606769354
201488,0.5146145140691116
201489,0.5845805627644634
201490,0.8311433908581454
201491,0.6454474800132715
201492,0.24274955572422632
201493,0.13865949159398422
201494,0.7100094990932684
201495,0.08213761413683239
201496,0.026874707414292272
201497,0.8071411365278769
201498,0.9109494093745597
201499,0.8130632985033247
201500,0.13338726757900382
201501,0.0055949204848628085
201502,0.41412410633530433
201503,0.6671135937024194
201504,0.10450366101417592
201505,0.9375741406502107
201506,0.9550542902722923
201507,0.8795978565682366
201508,0.8609541816462974
201509,0.8357884020161712
201510,0.672235832034215
201511,0.44547111412092477
201512,0.10859872466719085
201513,0.1933815408529186
201514,0.906967971239109
201515,0.42649565268769796
201516,0.3539480322332868
201517,0.900532221924271
201518,0.8706078056185547
201519,0.879025183959713
201520,0.3192877043554933
201521,0.2648383563387131
201522,0.878402516123461
201523,0.8470055131101122
201524,0.17377432154203465
201525,0.9502365683275688
201526,0.8107453379450144
201527,0.6951381913544616
201528,0.05875348262211334
201529,0.360815558514869
201530,0.47703628290026856
201531,0.06814804041432408
201532,0.6590325468932512
201533,0.23461851368732986
201534,0.36054285727271485
201535,0.3142881815826671
201536,0.30080765017884653
201537,0.7093868312570164
201538,0.2855454706596188
201539,0.1913362815367624
201540,0.10984406033969484
201541,0.12299280523222783
201542,0.9557360433776776
201543,0.009267297212538803
201544,0.44523931806509376
201545,0.35732498261529577
201546,0.22997350252930404
201547,0.5718772299007823
201548,0.6420159893828317
201549,0.5350080219615401
201550,0.552651792328914
201551,0.06153049027138319
201552,0.5452252285009159
201553,0.4384536021561578
201554,0.3073206648456283
201555,0.6902477490784972
201556,0.3759595674958299
201557,0.2365819626308398
201558,0.6243903990982679
201559,0.19596765763268054
201560,0.31281559487503463
201561,0.050704250957863115
201562,0.0754882488489735
201563,0.5105239954367993
201564,0.08428740892914767
201565,0.7939560314697234
201566,0.2552756327805073
201567,0.6277628044595744
201568,0.4761545488839702
201569,0.1374777862113162
201570,0.34304452756782305
201571,0.8984915076288174
201572,0.358388517459697
201573,0.3523800000909004
201574,0.8958281254971117
201575,0.7619590857236355
201576,0.4385763177151272
201577,0.5843624017707401
201578,0.9439417146545103
201579,0.7640088900604942
201580,0.541825553015394
201581,0.7072597615682139
201582,0.2513714599970003
201583,0.17640588852882227
201584,0.018239168079410603
201585,0.27118320523949985
201586,0.8785025065789175
201587,0.21411138027733717
201588,0.8146813258734393
201589,0.5283495666322761
201590,0.7069870603260598
201591,0.9363651651433272
201592,0.8920375782311689
201593,0.5128601360779199
201594,0.16539330336649685
201595,0.4354947936787852
201596,0.983137973193468
201597,0.7627817344708006
201598,0.5691002222515124
201599,0.7431517900564037
201600,0.21605664913803682
201601,0.8998368337567777
201602,0.06711177569413827
201603,0.8371291831234292
201604,0.9283522936446975
201605,0.3251007858340794
201606,0.0833193195195004
201607,0.215706682543939
201608,0.08999140991087215
201609,0.24625831170660983
201610,0.22620568036687405
201611,0.8013871403184242
201612,0.5166143231782421
201613,0.5813626881070443
201614,0.1598029279023366
201615,0.8399970911867504
201616,0.6806532103753733
201617,0.02300234977570323
201618,0.7673903854632058
201619,0.16129369469277932
201620,0.6044832084210144
201621,0.6699815017657406
201622,0.33950850146122413
201623,0.31407456560964636
201624,0.670208752800869
201625,0.02740647483649288
201626,0.01987537553233555
201627,0.6881343144518024
201628,0.10090400461774103
201629,0.9242254148467647
201630,0.20471682248512643
201631,0.8936056103735552
201632,0.2796051286013608
201633,0.7654314815403985
201634,0.6252766781352689
201635,0.09922234695779039
201636,0.6222860545129784
201637,0.13394630512541983
201638,0.44843446761899997
201639,0.09203666922702833
201640,0.1601756195999473
201641,0.7456379163807091
201642,0.640143440853373
201643,0.5372578072093118
201644,0.7256034651237836
201645,0.15533517255171098
201646,0.3746915067198131
201647,0.293426536557874
201648,0.5073606610278111
201649,0.8501688475191005
201650,0.861358688488826
201651,0.9555360624667646
201652,0.12990578172083575
201653,0.23883629289931418
201654,0.2817912835592966
201655,0.279655123829089
201656,0.5393985119602219
201657,0.6495879938733121
201658,0.43532208289208757
201659,0.339763022620568
201660,0.27426018425513926
201661,0.9886919884920076
201662,0.39989364651555986
201663,0.2993714236368346
201664,0.5535607964694279
201665,0.8854109380468228
201666,0.08274664691097668
201667,0.9425554833402267
201668,0.1001404411397094
201669,0.4076020016271174
201670,0.22981897182541666
201671,0.6325850714250003
201672,0.6022152430904323
201673,0.46007426563827997
201674,0.01746651455997382
201675,0.05910799423691375
201676,0.010939864831084306
201677,0.3032346912340185
201678,0.4332450084310134
201679,0.5483840178892014
201680,0.041268787979329244
201681,0.9339472141295604
201682,0.5247908154221642
201683,0.30788424741274695
201684,0.11116666136414251
201685,0.942646383754278
201686,0.07364297044373036
201687,0.4669599720026725
201688,0.9122083801091714
201689,0.38609950868326204
201690,0.122315597147545
201691,0.7841842369591994
201692,0.25488476100008634
201693,0.8046686452656793
201694,0.019807200221797012
201695,0.3469577903927352
201696,0.10265838260893279
201697,0.3078569772885315
201698,0.42855909208666443
201699,0.96769853786684
201700,0.9547679539680304
201701,0.9026456565509656
201702,0.839315338081365
201703,0.5094740956545057
201704,0.6480563218965463
201705,0.3262370410097218
201706,0.8401198067457198
201707,0.18880925002613388
201708,0.3227237400066357
201709,0.5735952477263535
201710,0.48694897305257223
201711,0.8819430872507624
201712,0.5211411637980011
201713,0.32662791279014275
201714,0.6151140118443239
201715,0.13941851005131328
201716,0.7878293435626599
201717,0.5062562209970867
201718,0.2986942155521518
201719,0.2827184677826208
201720,0.5650369737434154
201721,0.20962998986460382
201722,0.9383377041282424
201723,0.10050404279591493
201724,0.5534562609932688
201725,0.11658432604160511
201726,0.9180078265256498
201727,0.36665591011767057
201728,0.11154844310315833
201729,0.11022584207871067
201730,0.19331791056308265
201731,0.9362606296671682
201732,0.21866094600060904
201733,0.31690611350734704
201734,0.6093600156348712
201735,0.15567150408370112
201736,0.6565191504447303
201737,0.517132455538335
201738,0.2923948168583908
201739,0.38996732130114853
201740,0.7783302502942901
201741,0.14897214356811395
201742,0.6019016366619551
201743,0.6026242949536635
201744,0.5746315124465392
201745,0.3772594434167647
201746,0.2991941678294344
201747,0.46344212597888385
201748,0.3537116911567532
201749,0.1846460110625804
201750,0.2811822507851523
201751,0.021916089827789167
201752,0.9711027583730644
201753,0.08874152921766558
201754,0.8060866917248809
201755,0.04262774916939747
201756,0.23735916117097913
201757,0.6627231037037373
201758,0.7335027111048491
201759,0.7313165561469133
201760,0.919789474641057
201761,0.9496775307811527
201762,0.07106594370537357
201763,0.19436781034537612
201764,0.908740529313111
201765,0.1463314865399212
201766,0.3866449111675703
201767,0.7293303820998904
201768,0.8751301012176111
201769,0.31544716186182226
201770,0.8707577913017395
201771,0.483067525372578
201772,0.2690197753850768
201773,0.5234045841078807
201774,0.16993377904836357
201775,0.2587662086800805
201776,0.406720267610819
201777,0.5397802936992379
201778,0.27673267551733693
201779,0.7919198621949722
201780,0.34655328355020654
201781,0.7056190090945864
201782,0.01999809109130492
201783,0.5982974352448176
201784,0.36114280000545396
201785,0.04512751055581059
201786,0.711618436421978
201787,0.14836311079396966
201788,0.5020975270542357
201789,0.6427795528608633
201790,0.4625513019211802
201791,0.573168015780312
201792,0.725135327991419
201793,0.19507683357497693
201794,0.18055094740956545
201795,0.5924070884142878
201796,0.030951590984496936
201797,0.1688338840383418
201798,0.0682934810768063
201799,0.9476368164856991
201800,0.32045122965535106
201801,0.01434863035801128
201802,0.41666022788733803
201803,0.5540425686639003
201804,0.9214938574045205
201805,0.8191990764517932
201806,0.03746915067198132
201807,0.5611737061462315
201808,0.4261956813213284
201809,0.35752950854691146
201810,0.8312161111893865
201811,0.04140059357970376
201812,0.8326387026692906
201813,0.695756314170011
201814,0.22768735711591168
201815,0.20223978620222616
201816,0.5534471709518637
201817,0.6891842142340959
201818,0.3498120633939487
201819,0.9284704641829644
201820,0.25653914853582155
201821,0.7959831107030693
201822,0.5828261847732716
201823,0.3929579449234391
201824,0.16677498966007792
201825,0.8069138854927485
201826,0.17646951881865822
201827,0.12477899836833756
201828,0.5246680998631948
201829,0.18130542084619197
201830,0.7345753359906555
201831,0.9404238686307217
201832,0.34259911553897127
201833,0.112543802637021
201834,0.01670295108194218
201835,0.4214234095836306
201836,0.24122697378886562
201837,0.1882729375832307
201838,0.961303693738325
201839,0.5971611800691753
201840,0.5639461687747988
201841,0.31034310361283696
201842,0.4159330245749269
201843,0.0721567486739902
201844,0.8598042914085474
201845,0.5519700392235287
201846,0.514673599338245
201847,0.9463505756268721
201848,0.21385231409729072
201849,0.15424436758309434
201850,0.6604642284145604
201851,0.20970725521654754
201852,0.42118252348639446
201853,0.7662768553910764
201854,0.9498638766299581
201855,0.9512455629235391
201856,0.8961962721740198
201857,0.4596970289199667
201858,0.8315297176178638
201859,0.9206075783675195
201860,0.32036032924129965
201861,0.18914103653742143
201862,0.6390344558019462
201863,0.22499670485999065
201864,0.8668627085596375
201865,0.13783684284681919
201866,0.9789520091264016
201867,0.3341635571150026
201868,0.19069997863840268
201869,0.9715754405261317
201870,0.20343967166770446
201871,0.9088768799341881
201872,0.43532208289208757
201873,0.12686061785011432
201874,0.8051276923566387
201875,0.7469605174051568
201876,0.9271887683448399
201877,0.4179828289117857
201878,0.963171697247081
201879,0.020325332581889913
201880,0.05987610273564797
201881,0.3185559560223797
201882,0.5646915521700202
201883,0.4164420668936147
201884,0.8457510873962032
201885,0.9262297689765977
201886,0.8656537330527541
201887,0.897387067598093
201888,0.3528526822439676
201889,0.2658655310174938
201890,0.9325382577117639
201891,0.5982656200998996
201892,0.761668204398671
201893,0.6939337608682807
201894,0.934838038187264
201895,0.4590061857731762
201896,0.9138036823757733
201897,0.6398161993627881
201898,0.6104553656241904
201899,0.5821307966057786
201900,0.8586680362329051
201901,0.8513687329845788
201902,0.025297585230500727
201903,0.3396630321651115
201904,0.6991378095727226
201905,0.1269515182641657
201906,0.860040632485081
201907,0.8332431904227324
201908,0.5107876066375483
201909,0.9525181687202585
201910,0.933401811645252
201911,0.734484435576604
201912,0.10963044436667409
201913,0.2783916080737748
201914,0.9364333404538657
201915,0.07616091191295375
201916,0.8835747496829848
201917,0.49273478440694296
201918,0.37392339822107884
201919,0.8989914599061
201920,0.4910576717676948
201921,0.6133550888324296
201922,0.29527181496311716
201923,0.7893201103531027
201924,0.19644942982715285
201925,0.9786838529049501
201926,0.17483785638643584
201927,0.2151430999768204
201928,0.7320073992937037
201929,0.6274855581967176
201930,0.3475395530426641
201931,0.2430631621527036
201932,0.4403670558719395
201933,0.6051967766713178
201934,0.8458374427895519
201935,0.13920489407829253
201936,0.9824744001708928
201937,0.22080619577222174
201938,0.07651542352775416
201939,0.398298344248958
201940,0.5757132273737507
201941,0.13649606173956125
201942,0.5363397130273928
201943,0.19655851032401456
201944,0.6162820821648842
201945,0.7445152962671745
201946,0.7840251612346095
201947,0.6066375482340323
201948,0.753332636430159
201949,0.7123956349621172
201950,0.05276769035682958
201951,0.7716899750478364
201952,0.8904286409024593
201953,0.6586416751128301
201954,0.514809949959322
201955,0.09505001795283176
201956,0.26721994718685943
201957,0.8095181823553207
201958,0.8695533608155586
201959,0.7332754600697206
201960,0.7038464510205844
201961,0.14145013430536177
201962,0.4961480949545725
201963,0.8576090464092064
201964,0.4656646411024402
201965,0.5148917603319683
201966,0.9170806423023257
201967,0.17615136736947837
201968,0.8526367937605955
201969,0.5291222201517127
201970,0.9147308665990974
201971,0.10199935460706022
201972,0.09761340962908084
201973,0.3906036241995082
201974,0.5322810095399985
201975,0.35054835674776497
201976,0.5500065902800187
201977,0.8714259093450171
201978,0.1378050277019012
201979,0.7073506619822654
201980,0.9593538798569228
201981,0.21931997400248157
201982,0.3563387131228382
201983,0.32065575558696663
201984,0.386363119884011
201985,0.7485558196717587
201986,0.36035196640320694
201987,0.9292158475781856
201988,0.5093786502197518
201989,0.957431336099736
201990,0.6938246803714191
201991,0.6033560432867772
201992,0.09882238513596428
201993,0.02137977738488599
201994,0.14404534112652884
201995,0.25670731430181665
201996,0.4095881756741402
201997,0.5682639384422397
201998,0.5698319705846261
201999,0.4083201148981233
202000,0.8665581921725654
202001,0.0543629926234314
202002,0.6106189863694829
202003,0.7800482681198614
202004,0.080833193195195
202005,0.093654696597143
202006,0.9127265124692643
202007,0.08504188236577417
202008,0.9084541930088492
202009,0.4631648797160271
202010,0.6665772812595161
202011,0.23680466864526567
202012,0.8288663354861581
202013,0.6176274082928448
202014,0.03956440521586576
202015,0.955204275955477
202016,0.5616554783407038
202017,0.9075315538062276
202018,0.45906072602160697
202019,0.741165616009381
202020,0.5844169420191709
202021,0.719426781988992
202022,0.8178310252203198
202023,0.6334940755655142
202024,0.02723376404979525
202025,0.5919980365510565
202026,0.10523540934728956
202027,0.2517350616532058
202028,0.6921748378563864
202029,0.7606592098027006
202030,0.6735993382449857
202031,0.9842196881206794
202032,0.9263888447011877
202033,0.3966848618995459
202034,0.04056885479113358
202035,0.8167765804173238
202036,0.5315628962689926
202037,0.5874711959312975
202038,0.8154130742065531
202039,0.22474672872134932
202040,0.023997709309565907
202041,0.4701596665772812
202042,0.8841656023743188
202043,0.25278950645620185
202044,0.017571050036132914
202045,0.47159134809859055
202046,0.5064380218251894
202047,0.944387126683362
202048,0.2314006390299108
202049,0.43601747105958066
202050,0.4104426395662232
202051,0.02273419355425164
202052,0.7472195835852032
202053,0.6110098581499039
202054,0.3112339276705405
202055,0.13913217374705142
202056,0.04710459456142823
202057,0.013966848618995458
202058,0.36656955472432173
202059,0.3086250857872658
202060,0.16472973034392174
202061,0.35843851268742527
202062,0.5480704114607242
202063,0.7688629721708382
202064,0.3672285827261943
202065,0.2669017957376796
202066,0.009771794510523995
202067,0.9057680857736308
202068,0.7447789074679236
202069,0.955108830520723
202070,0.3044482117616045
202071,0.9198758300344059
202072,0.18598224714913578
202073,0.27424654919303154
202074,0.011003495120920276
202075,0.5725998881924907
202076,0.6398707396112189
202077,0.6661091441271515
202078,0.215970293744688
202079,0.8068502552029124
202080,0.6490562264511115
202081,0.37223719554042567
202082,0.33549979320155804
202083,0.9333563614382264
202084,0.39620308970507356
202085,0.5315083560205617
202086,0.807572913494621
202087,0.2726557919471323
202088,0.8292390271837689
202089,0.7413928670445095
202090,0.514809949959322
202091,0.6322169247480923
202092,0.3933260916003472
202093,0.127233309547725
202094,0.2271192295280905
202095,0.3640879734207189
202096,0.3237600047268215
202097,0.9648624449484368
202098,0.17890564991523536
202099,0.2547347753169016
202100,0.2883997436608323
202101,0.7176133187286668
202102,0.7923470941410138
202103,0.06908431467905335
202104,0.08458283527481468
202105,0.08186491289467822
202106,0.4350175665050154
202107,0.44502115707137047
202108,0.8174174283363861
202109,0.15918935010748975
202110,0.9708936874207462
202111,0.7583185241408775
202112,0.11657523600019996
202113,0.3435990200935365
202114,0.4034887578912921
202115,0.8688625176687681
202116,0.9518409606355757
202117,0.3316456156457792
202118,0.558742120070357
202119,0.4990614532249194
202120,0.7801891637616409
202121,0.7219992637066462
202122,0.729989410101763
202123,0.5733225464841993
202124,0.2003672376727676
202125,0.28985415028565453
202126,0.7349434826675636
202127,0.1260925093513801
202128,0.9683166606823895
202129,0.9943141791010858
202130,0.8655582876180001
202131,0.013853223101431228
202132,0.1755559696574418
202133,0.21629753523527298
202134,0.8428513641879639
202135,0.9180260066084601
202136,0.4503161061898637
202137,0.7404656828211853
202138,0.4660736929656714
202139,0.5091059489775976
202140,0.3712372909858604
202141,0.33309547724989885
202142,0.40879279705119054
202143,0.5488248848973507
202144,0.5448979870103309
202145,0.5997836570145577
202146,0.4473663877538962
202147,0.5501020357147727
202148,0.49629353561705475
202149,0.3041618754573427
202150,0.01981629026320215
202151,0.76930838419969
202152,0.3863540298426059
202153,0.24750364737911382
202154,0.8569545634280364
202155,0.030278927920516677
202156,0.8954372537166907
202157,0.425577558505779
202158,0.6031924225414848
202159,0.39912553801682565
202160,0.695947205039519
202161,0.5989882783916081
202162,0.14331813781411776
202163,0.48719894919121354
202164,0.5620508951418274
202165,0.9932324641738743
202166,0.3797001195340444
202167,0.4103199240072538
202168,0.9580358238531776
202169,0.5960476499970457
202170,0.4659418873652969
202171,0.40850646074692865
202172,0.2057303621017994
202173,0.19449052590434548
202174,0.15977111275741862
202175,0.9450870598715577
202176,0.16008017416519332
202177,0.9588175674140196
202178,0.6091145845169326
202179,0.35418891833052296
202180,0.36443339499411415
202181,0.9009094586425841
202182,0.006190318196899386
202183,0.33697692492989306
202184,0.20718476872662156
202185,0.5937615045836535
202186,0.6140686570827331
202187,0.7737352343639925
202188,0.9154717049736162
202189,0.30334831675158275
202190,0.3374586971243654
202191,0.6730266656364621
202192,0.2640702478399789
202193,0.577440335240727
202194,0.6524013616882025
202195,0.5361397321164798
202196,0.05833534071747697
202197,0.7336890569536545
202198,0.9628171856322806
202199,0.5413392358002191
202200,0.8203853268551639
202201,0.8507097049827061
202202,0.04538657673585703
202203,0.3799637307347935
202204,0.5448070865962795
202205,0.9430736157003196
202206,0.6828848155403349
202207,0.7672858499870467
202208,0.5254589334654419
202209,0.7797164816085738
202210,0.8867062689470551
202211,0.0023315956204180512
202212,0.7498102453856678
202213,0.8034642147794984
202214,0.1700019543589021
202215,0.04409579085632735
202216,0.1521036628321842
202217,0.09356834120379418
202218,0.824403125156235
202219,0.159893828316388
202220,0.32081028629085406
202221,0.22106526195226822
202222,0.0858372609887238
202223,0.5331400184527841
202224,0.5750587443925808
202225,0.2233559523863631
202226,0.917721490221388
202227,0.5202548847610001
202228,0.7266124597197541
202229,0.8439694392807959
202230,0.7511782966171411
202231,0.07277487148953962
202232,0.9702891996673045
202233,0.02098890560446503
202234,0.6770444639375333
202235,0.41294694597333886
202236,0.20183073433899493
202237,0.018798205625826625
202238,0.9896782579844652
202239,0.3766776807668359
202240,0.15753950759245708
202241,0.21617936469700622
202242,0.5157916744310771
202243,0.12153385358670309
202244,0.026465655551061035
202245,0.773403447852705
202246,0.800682662109526
202247,0.05571286377209448
202248,0.6840892460265157
202249,0.06815713045572921
202250,0.568418469146127
202251,0.5638052731330192
202252,0.28421377959376604
202253,0.5515791674431076
202254,0.7247490012317006
202255,0.4345857895382713
202256,0.3397175724135423
202257,0.4942710014044114
202258,0.7472286736266084
202259,0.5239681666749992
202260,0.5632916857936288
202261,0.3075660959635671
202262,0.2730648438103635
202263,0.25551651887774346
202264,0.2637430063493939
202265,0.468114407261125
202266,0.7417428336386073
202267,0.8014825857531781
202268,0.8327795983110704
202269,0.5682412133387268
202270,0.1185114148194945
202271,0.7144090791333555
202272,0.017725580740020272
202273,0.40210252657700857
202274,0.34951663704828173
202275,0.9543543570840965
202276,0.19019093631971495
202277,0.9718663218510961
202278,0.3515300812195199
202279,0.5828807250217025
202280,0.6708450556992287
202281,0.8875880029633535
202282,0.895423618654583
202283,0.2605160416505697
202284,0.29112221106167135
202285,0.2228423650469728
202286,0.5367896700769472
202287,0.32222378772935306
202288,0.7914608151040128
202289,0.40802014353175375
202290,0.6207407474741048
202291,0.9853559432963217
202292,0.0046677362615386705
202293,0.9952504533658151
202294,0.14939937551415547
202295,0.2534121742924539
202296,0.062280418687307125
202297,0.13606882979351972
202298,0.2774235186641275
202299,0.9868103499211439
202300,0.17077006285763632
202301,0.8957144999795474
202302,0.5843214965844169
202303,0.8107726080692297
202304,0.16864753818953646
202305,0.8797523872721241
202306,0.9759386604005981
202307,0.4562291781239063
202308,0.2722740102081165
202309,0.18128724076338168
202310,0.69372014489526
202311,0.3280868644356675
202312,0.1573622517850569
202313,0.8136041559669305
202314,0.7448788979233801
202315,0.9927734170829148
202316,0.975179641943269
202317,0.5473159380240977
202318,0.6411206203044255
202319,0.8002190699978639
202320,0.6151231018857292
202321,0.28421377959376604
202322,0.45645642915903484
202323,0.9759113902763827
202324,0.5661005085878166
202325,0.2302416587507556
202326,0.16873389358288526
202327,0.8811386185864076
202328,0.23166879525136236
202329,0.7020829829879875
202330,0.6603915080833193
202331,0.33550888324296313
202332,0.006794805950341104
202333,0.44564382490762244
202334,0.2985987701173979
202335,0.47065961885456387
202336,0.9590266383663378
202337,0.5509474095654506
202338,0.062221333418173715
202339,0.9482458492598433
202340,0.7943423582294418
202341,0.44451211475268265
202342,0.8170038314524523
202343,0.09769976502242966
202344,0.03253325818899105
202345,0.5663459397057554
202346,0.989932779143809
202347,0.513723690011408
202348,0.5252634975752315
202349,0.8686443566750447
202350,0.0505724453574886
202351,0.23135518882288508
202352,0.5374850582444404
202353,0.14424986705814447
202354,0.3296230814331359
202355,0.7923789092859318
202356,0.01617572868044414
202357,0.37275987292122115
202358,0.5614373173469805
202359,0.47814981297239806
202360,0.9129719435872031
202361,0.2755827852795869
202362,0.6253857586321306
202363,0.5634643965803264
202364,0.8150403825089424
202365,0.698015189459188
202366,0.48790797242081435
202367,0.8579453779411965
202368,0.8357338617677404
202369,0.3639016275719135
202370,0.2794369628353657
202371,0.6417432881406776
202372,0.8410651710518542
202373,0.32750510178573866
202374,0.3735052563164425
202375,0.9868194399625491
202376,0.9309611355279723
202377,0.07280214161375503
202378,0.46823712282009444
202379,0.15418528231396095
202380,0.5214184100608578
202381,0.7509737706855254
202382,0.43694920030360734
202383,0.602165247862704
202384,0.19113630062584935
202385,0.08684171056399162
202386,0.19715845305675367
202387,0.6306307125228956
202388,0.8854336631503357
202389,0.6866980879097904
202390,0.01951177387613001
202391,0.7040464319314975
202392,0.9589266479108813
202393,0.6646547375023294
202394,0.8869426100235887
202395,0.25852077756214176
202396,0.26626094781861726
202397,0.4287181678112544
202398,0.828361838188173
202399,0.13647788165675095
202400,0.0166847709991319
202401,0.5430345285222774
202402,0.006703905536289718
202403,0.5153508074229278
202404,0.08251030583444306
202405,0.6124188145677003
202406,0.2830275291903954
202407,0.6700724021797919
202408,0.2574572427177405
202409,0.38127269669713343
202410,0.367242217788302
202411,0.5785947704991796
202412,0.7767258579862831
202413,0.17102003899627763
202414,0.03944623467759896
202415,0.1533944487117139
202416,0.07472468537094186
202417,0.16647501829370834
202418,0.13963212602433406
202419,0.8973370723703648
202420,0.4087791619890828
202421,0.34914849037137363
202422,0.17481058626222046
202423,0.6876298171538172
202424,0.6861845005704001
202425,0.21796101281241337
202426,0.6551238290890415
202427,0.3480395053199467
202428,0.29391739879375145
202429,0.42718649583448853
202430,0.8192854318451421
202431,0.2245876529967594
202432,0.8064275682775736
202433,0.008494643693102022
202434,0.4096608960053813
202435,0.349893873766595
202436,0.3314501797555688
202437,0.31292467537189633
202438,0.7022375136918749
202439,0.675253725780721
202440,0.7697492512078393
202441,0.25403484212870586
202442,0.8856563691647616
202443,0.08474191099940459
202444,0.5474795587693903
202445,0.2826002972443539
202446,0.031087941605574012
202447,0.7923016439339882
202448,0.6130642075074652
202449,0.6152140022997805
202450,0.4121833824953072
202451,0.19322246512832866
202452,0.804586834893033
202453,0.0358420332604615
202454,0.37462333140927456
202455,0.38979915553515343
202456,0.812722421950632
202457,0.2825775721408411
202458,0.30589807336572417
202459,0.604655919207712
202460,0.9984046977333981
202461,0.08455556515059925
202462,0.22855545607010241
202463,0.8293390176392254
202464,0.20777107639725298
202465,0.09587721172069939
202466,0.8968780252794052
202467,0.03565114239095359
202468,0.6082464855627417
202469,0.49735252544075337
202470,0.24447666359120265
202471,0.8567227673722054
202472,0.297003467850796
202473,0.6774853309456824
202474,0.2883042982260784
202475,0.0336513332818231
202476,0.2549120311243017
202477,0.7397566595915844
202478,0.7061007812890588
202479,0.9272614886760809
202480,0.511264833811318
202481,0.8375973202557938
202482,0.03957349525727089
202483,0.057967194040568853
202484,0.8117361524581744
202485,0.5793901491221293
202486,0.7384249685257317
202487,0.5392985215047655
202488,0.8242395044109426
202489,0.917985101422137
202490,0.715554424350403
202491,0.83898809659078
202492,0.43894446439203527
202493,0.06718904104608196
202494,0.8094590970861872
202495,0.6109416828393653
202496,0.7625408483735643
202497,0.1876639048090864
202498,0.03290140486589917
202499,0.46086055421982447
202500,0.7107094322814641
202501,0.5998154721594757
202502,0.12067938969462005
202503,0.14684052885860896
202504,0.9339744842537757
202505,0.46527376932201925
202506,0.9742433676785398
202507,0.01318056003745097
202508,0.9124356311442998
202509,0.5857486330850237
202510,0.6705814444984798
202511,0.9005504020070811
202512,0.2614159557496784
202513,0.9132855500156803
202514,0.015421255243817635
202515,0.4644238504506388
202516,0.536866935428891
202517,0.018370973679785112
202518,0.11696156275991837
202519,0.9267660814195009
202520,0.8946373300730385
202521,0.15766222315142644
202522,0.7759532044668463
202523,0.9418737302348413
202524,0.5739179441962359
202525,0.908308752346367
202526,0.872175837760941
202527,0.9285386394935029
202528,0.5910663073070298
202529,0.1510264929256753
202530,0.9605901254880217
202531,0.8335022566027789
202532,0.429545361579122
202533,0.10388099317792392
202534,0.9898964189781885
202535,0.8209443644015798
202536,0.6704178237531871
202537,0.8013962303598293
202538,0.17352434540339332
202539,0.45195685866349117
202540,0.2006353938942192
202541,0.6706496198090183
202542,0.53336272446721
202543,0.4482526667908972
202544,0.9883192967943969
202545,0.8393744233504984
202546,0.9610718976824939
202547,0.022175156007835616
202548,0.7741170161030083
202549,0.820689843242236
202550,0.3154426168411197
202551,0.01681657659950641
202552,0.32152385454115745
202553,0.7518918648674444
202554,0.9638398152903587
202555,0.7665268315297177
202556,0.29772158112180197
202557,0.7981965357852204
202558,0.8750755609691803
202559,0.9874330177573959
202560,0.07764258866199135
202561,0.35161189159216616
202562,0.18690034133105476
202563,0.39916644320314876
202564,0.310247658178083
202565,0.9861649569813791
202566,0.34048568091227654
202567,0.9594947754987024
202568,0.3654787497557051
202569,0.8624131332918221
202570,0.09150944682553028
202571,0.9404784088791526
202572,0.9574949663895719
202573,0.7917835115738951
202574,0.9513137382340777
202575,0.8803159698392425
202576,0.8975643234054932
202577,0.1994355084287409
202578,0.04950436549238482
202579,0.4366310488544275
202580,0.7266669999681848
202581,0.2649019866285491
202582,0.29994409624535834
202583,0.15453524890805878
202584,0.42937265079242437
202585,0.21391139936642412
202586,0.08761436408342839
202587,0.2932129205848532
202588,0.43877175360533766
202589,0.7188450193390632
202590,0.19269978774753319
202591,0.18818658218988188
202592,0.7490103217420155
202593,0.13600519950368373
202594,0.44678008008326475
202595,0.2078710668527095
202596,0.5284268319842197
202597,0.799173715236273
202598,0.4322996441248789
202599,0.5366624094972753
202600,0.16003926897887022
202601,0.39907554278909735
202602,0.5324355402438858
202603,0.07996963926170683
202604,0.21534308088773343
202605,0.1812372455356534
202606,0.0008135587057599048
202607,0.22581026356575054
202608,0.0887551642797733
202609,0.6605551288286119
202610,0.1271151390094582
202611,0.621995173188014
202612,0.357765849623445
202613,0.9973911581167253
202614,0.6941610119034093
202615,0.4745956067829889
202616,0.9080087809799974
202617,0.6071965857804482
202618,0.6136096099917735
202619,0.8155221547034147
202620,0.5850941501038538
202621,0.31607437471877686
202622,0.5540152985396848
202623,0.5851168752073667
202624,0.09691347644088517
202625,0.1363688011598893
202626,0.9436371982674381
202627,0.07129319474050204
202628,0.5148144949800247
202629,0.4937755941478313
202630,0.5487203494211916
202631,0.42863181241790554
202632,0.892732966398662
202633,0.0502770190118216
202634,0.31162479945096144
202635,0.12923766367755807
202636,0.24520386690361376
202637,0.5139327609637262
202638,0.05389940051176933
202639,0.6596324896259902
202640,0.577822116979743
202641,0.16894750955590604
202642,0.3765276950836511
202643,0.5587330300289518
202644,0.6299353243554024
202645,0.46983242508669626
202646,0.5657869021593394
202647,0.04751364642465946
202648,0.7152999031910591
202649,0.5600783561569124
202650,0.6427977329436736
202651,0.07993327909608629
202652,0.33590884506478924
202653,0.28893151108303294
202654,0.3971939042182337
202655,0.390817240172529
202656,0.5972702605660368
202657,0.5010885324582653
202658,0.8229305384486026
202659,0.7575413256007382
202660,0.415087650724249
202661,0.34250821512491986
202662,0.5672004035978384
202663,0.8938101363051708
202664,0.14384990523631835
202665,0.4613196013107839
202666,0.30355738770390095
202667,0.8609678167084052
202668,0.305657187268488
202669,0.8083728371382732
202670,0.4261502311143027
202671,0.610155394257821
202672,0.16355256998195628
202673,0.48369019320883005
202674,0.06685725453479441
202675,0.41400593579703754
202676,0.20149894782770736
202677,0.4452938583135246
202678,0.1584121515673504
202679,0.14947209584539659
202680,0.5845669277023557
202681,0.05896255357443153
202682,0.026274764681553126
202683,0.47150499270524177
202684,0.3845087514373628
202685,0.26173865221956083
202686,0.3974620604396853
202687,0.2902904722731012
202688,0.8453420355329719
202689,0.9063816635684776
202690,0.33211829779884644
202691,0.36705132691879405
202692,0.6978424786724904
202693,0.15674867399021003
202694,0.03544661645933797
202695,0.841151526445203
202696,0.997963830725249
202697,0.45278859745206135
202698,0.3274051113302821
202699,0.6719858558955737
202700,0.877979829198122
202701,0.8772889860513314
202702,0.1735743406311216
202703,0.32638702669290653
202704,0.5647824525840716
202705,0.7570959135718863
202706,0.8216488426104781
202707,0.04739547588639267
202708,0.8973461624117699
202709,0.06345757904927256
202710,0.6355256998195628
202711,0.18760936456065558
202712,0.38498597861113254
202713,0.6856072829411738
202714,0.43886719904009164
202715,0.7623045072970308
202716,0.21225246680998633
202717,0.11355279723299139
202718,0.8004872262193155
202719,0.5929797610228116
202720,0.0769244753909854
202721,0.44974343358133995
202722,0.7413746869616992
202723,0.8295935387985693
202724,0.24090882233968575
202725,0.4441212429722617
202726,0.515191731698338
202727,0.0983315229000868
202728,0.32252830411642525
202729,0.7381522672835775
202730,0.9968093954667964
202731,0.2001581667204494
202732,0.2914449075315538
202733,0.6623322319233165
202734,0.0465455570150122
202735,0.33974029751705515
202736,0.37760941001086257
202737,0.10333104567291304
202738,0.16827030147122318
202739,0.6142186427659179
202740,0.5589830061675931
202741,0.5771858140813833
202742,0.8591270833238646
202743,0.641643297685221
202744,0.7222946900523132
202745,0.9890010498997823
202746,0.4146695088196126
202747,0.2841456042832275
202748,0.9126492471173206
202749,0.2146067875339172
202750,0.14507706082601207
202751,0.6081692202107981
202752,0.6900659482503944
202753,0.3209648169947414
202754,0.363569841060626
202755,0.9634262184064248
202756,0.12386544920712113
202757,0.8450102490216843
202758,0.9984092427541008
202759,0.134578063003077
202760,0.7978602042532305
202761,0.18225533017302895
202762,0.04153239918007827
202763,0.9412101572122661
202764,0.7052417723762732
202765,0.044977524872625796
202766,0.7743579022002445
202767,0.08490553174469709
202768,0.6685680003272415
202769,0.7683402947900427
202770,0.9039137173269824
202771,0.19865830988860156
202772,0.09255934660782379
202773,0.6775398711941133
202774,0.28331841051535983
202775,0.6610868962508125
202776,0.32537803209693617
202777,0.7956558692124843
202778,0.01630753428081865
202779,0.4054203916898841
202780,0.1017948286754446
202781,0.2010944409851787
202782,0.4976843119520409
202783,0.21045263861176888
202784,0.6508742347321392
202785,0.5843987619363606
202786,0.11148481281332236
202787,0.9886374482435768
202788,0.7414701323964531
202789,0.805336763308957
202790,0.6125369851059672
202791,0.7311483903809183
202792,0.48623085978156627
202793,0.7668767981238155
202794,0.14965844169420192
202795,0.8168629358106726
202796,0.8429740797469333
202797,0.5616782034442167
202798,0.7879929643079525
202799,0.19556769581085442
202800,0.46365574195190457
202801,0.012021579758295799
202802,0.4907758804841356
202803,0.31057489966866797
202804,0.9088814249548908
202805,0.49943868994323265
202806,0.8849791610800788
202807,0.6229905327218765
202808,0.8799887283486577
202809,0.7060371509992228
202810,0.4460574217915562
202811,0.7589684621013449
202812,0.056499152353638976
202813,0.6911113030119853
202814,0.1984719640397962
202815,0.053749414828584544
202816,0.17778757482240334
202817,0.44460301516673406
202818,0.15766676817212905
202819,0.45034792133478163
202820,0.9120356693224738
202821,0.74749682984806
202822,0.25653460351511903
202823,0.6987969330200299
202824,0.20174892396634866
202825,0.19318155994200553
202826,0.11192567982147157
202827,0.9329336745128874
202828,0.303293776503152
202829,0.5902663836633776
202830,0.25877529872148564
202831,0.706300762199972
202832,0.7648815340353876
202833,0.7225037610046314
202834,0.4845446571009131
202835,0.5718226896523514
202836,0.4879397875657323
202837,0.7102003899627763
202838,0.48028597270260565
202839,0.6651365096968017
202840,0.9434099472323096
202841,0.8636221087987056
202842,0.2920084900986724
202843,0.3204194145104331
202844,0.5481976720403962
202845,0.5282086709904964
202846,0.8338204080519588
202847,0.1898273346635094
202848,0.426759263888447
202849,0.029288113407356573
202850,0.17947377750305654
202851,0.7915517155180642
202852,0.3883765640552493
202853,0.8064366583189787
202854,0.4230414369537453
202855,0.5722362865362852
202856,0.08226487471650433
202857,0.7110366737720492
202858,0.6374982388044778
202859,0.5385076879025185
202860,0.3224101335781584
202861,0.5319264979251981
202862,0.784325132600979
202863,0.7899018730030315
202864,0.18560046541011996
202865,0.23720917548779435
202866,0.9884056521877458
202867,0.6908704169147492
202868,0.783334318087819
202869,0.08640538857654495
202870,0.28804523204603194
202871,0.20954817949195761
202872,0.8601360779198349
202873,0.7567777621227065
202874,0.40442957717672406
202875,0.6936746946882343
202876,0.4089291476722676
202877,0.4787088505188141
202878,0.4506160775562333
202879,0.5082060348784889
202880,0.44501206702996526
202881,0.7089641443316775
202882,0.7147045054790224
202883,0.6936065193776958
202884,0.4778316615232182
202885,0.46896887115320807
202886,0.05339035819308157
202887,0.5585694092836593
202888,0.24052704060066996
202889,0.9233800409960867
202890,0.3088977870294199
202891,0.21828825430299836
202892,0.4829084496479881
202893,0.011762513578249348
202894,0.1596711223019621
202895,0.178751119211348
202896,0.14866308216033924
202897,0.870435094831857
202898,0.15953931670158758
202899,0.5018475509155944
202900,0.21486585371396366
202901,0.13322364683371132
202902,0.2505806263947532
202903,0.9371696338076819
202904,0.29183123429127217
202905,0.9110130396643957
202906,0.9535498884197418
202907,0.26584280591398096
202908,0.18349157580412778
202909,0.6580780925457116
202910,0.20124897168906605
202911,0.2069984228778162
202912,0.707691538534958
202913,0.9023547752260013
202914,0.6513287368023962
202915,0.5842624113152836
202916,0.3717281532217379
202917,0.5127056053740324
202918,0.46006063057617225
202919,0.9407511101213066
202920,0.3154835220274428
202921,0.14769499275069198
202922,0.01664386581280878
202923,0.8400198162902632
202924,0.8271255925570742
202925,0.6099235982019898
202926,0.679685120965726
202927,0.6373937033283187
202928,0.4726048877152635
202929,0.976161366415024
202930,0.8096136277900746
202931,0.7944514387263034
202932,0.04743183605201322
202933,0.6466973607064781
202934,0.6987242126887888
202935,0.9315519882193064
202936,0.5104194599606402
202937,0.411806145776994
202938,0.9144263502120252
202939,0.6761581849005323
202940,0.9865603737825026
202941,0.667549915689866
202942,0.9594584153330818
202943,0.36983742460946906
202944,0.9153853495802674
202945,0.08037869112493806
202946,0.383608837338254
202947,0.04571836324714459
202948,0.4785634098563319
202949,0.5239181714472709
202950,0.2849546179682848
202951,0.7343344498934193
202952,0.22263783911535717
202953,0.24296771671794964
202954,0.4318087818890015
202955,0.8057594502342958
202956,0.01207612000672663
202957,0.8552365456024653
202958,0.10891233109566814
202959,0.6248267210857146
202960,0.21389321928361385
202961,0.5238909013230556
202962,0.9275160098354248
202963,0.10075401893455624
202964,0.3405038609950868
202965,0.5567286758991188
202966,0.12408361020084446
202967,0.23154607969239302
202968,0.7527599638216352
202969,0.14330450275201004
202970,0.7342208243758551
202971,0.3306866162775371
202972,0.7901427591002678
202973,0.22892814776771309
202974,0.2919766749537544
202975,0.5455206548465829
202976,0.6765899618672763
202977,0.33001395321355687
202978,0.8155539698483326
202979,0.6205134964389764
202980,0.8731166570463729
202981,0.09740888369746524
202982,0.7719354061657752
202983,0.5884392853409448
202984,0.33592248012689696
202985,0.8101363051708701
202986,0.43249508001508946
202987,0.6367437653678513
202988,0.08116043468577999
202989,0.9577494875489159
202990,0.5986746719631308
202991,0.6371300921275697
202992,0.6662954899759569
202993,0.0762290872234923
202994,0.9093722871907681
202995,0.04211416183000714
202996,0.9831834234004937
202997,0.3685330036678317
202998,0.869580630939774
202999,0.6850709704982707
203000,0.19026820167165862
203001,0.31436544693461077
203002,0.4479072452175019
203003,0.6130778425695729
203004,0.474604696824394
203005,0.08372382636202907
203006,0.7642088709714073
203007,0.11279832379636488
203008,0.4678553410810786
203009,0.6620458956190545
203010,0.9897509783157062
203011,0.9274978297526145
203012,0.8787343026347485
203013,0.3068979779202894
203014,0.35875211911590255
203015,0.6156185091423092
203016,0.35537062371319095
203017,0.18662309506819805
203018,0.9848423559569314
203019,0.7280850464273865
203020,0.8981960812831503
203021,0.9284977343071797
203022,0.6143277232627795
203023,0.5271133210011771
203024,0.15346262402225244
203025,0.708082410315379
203026,0.4293135655232909
203027,0.6455974656964563
203028,0.686639002640657
203029,0.9980683662014082
203030,0.6634412169747433
203031,0.4492752964489753
203032,0.6098236077465333
203033,0.571404547747715
203034,0.33138200444503024
203035,0.5301993900582217
203036,0.052654064839265345
203037,0.2588752891769422
203038,0.8368701169433828
203039,0.19814926756991377
203040,0.8263483940169347
203041,0.3432581435408438
203042,0.751232836865572
203043,0.1974811495266361
203044,0.025870257839024458
203045,0.7518509596811214
203046,0.38448602633384993
203047,0.7622226969243845
203048,0.986355847850887
203049,0.8252257739034001
203050,0.23054617513782777
203051,0.7235263906627095
203052,0.9901100349512092
203053,0.5432663245781085
203054,0.989900963998891
203055,0.8680671390458183
203056,0.2345821535217093
203057,0.03375586875798219
203058,0.09249571631798782
203059,0.6373891583076161
203060,0.7598365610555357
203061,0.5443662195881303
203062,0.7710309470459639
203063,0.9474913758232169
203064,0.2055485612736966
203065,0.5366260493316548
203066,0.5547470468727985
203067,0.3405856713677331
203068,0.8630767063143973
203069,0.29498547865885527
203070,0.21281150435640236
203071,0.43732189200121807
203072,0.004835902027533735
203073,0.6370437367342209
203074,0.4428259120720294
203075,0.44880261429590806
203076,0.3755005204048704
203077,0.35408892787506646
203078,0.13885038246349213
203079,0.14008208307388842
203080,0.2553938033187741
203081,0.30925684366492284
203082,0.7742488217033829
203083,0.8694670054222098
203084,0.44017616500243156
203085,0.8624494934574428
203086,0.8057503601928907
203087,0.27624181328145947
203088,0.10502179337426881
203089,0.08356929565814172
203090,0.1678885197322074
203091,0.7222946900523132
203092,0.6189500093172925
203093,0.6042468673444807
203094,0.09537725944341677
203095,0.22580117352434542
203096,0.26659727935060745
203097,0.9264206598461057
203098,0.4627421927906881
203099,0.25298948736711496
203100,0.4756545966066875
203101,0.256702769281114
203102,0.10380827284668281
203103,0.9858558955736044
203104,0.2283782002627022
203105,0.813049663441217
203106,0.23784093336545148
203107,0.7428518186900342
203108,0.16586598551956405
203109,0.5467250853327638
203110,0.9695574513341908
203111,0.8829157216811123
203112,0.35037564596106735
203113,0.6429022684198327
203114,0.1328600451775058
203115,0.781929906690725
203116,0.9340744747092323
203117,0.410760791015403
203118,0.24295862667654453
203119,0.4743501756650501
203120,0.5022247876339077
203121,0.4169192940673844
203122,0.9632216924748093
203123,0.30437549143036347
203124,0.10984406033969484
203125,0.8890787697537963
203126,0.6468700714931757
203127,0.6838483599292795
203128,0.43794455983747005
203129,0.00473591157207721
203130,0.17004740456592782
203131,0.14095018202807913
203132,0.0441185159598402
203133,0.827866430931593
203134,0.1616709314110926
203135,0.44545293403811453
203136,0.7673267551733699
203137,0.7665268315297177
203138,0.9855604692279374
203139,0.9510455820126261
203140,0.8142450038859927
203141,0.6153776230450729
203142,0.49242572299916826
203143,0.3453488530640257
203144,0.5305084514659965
203145,0.4693824680371419
203146,0.34246730993859675
203147,0.5516791578985643
203148,0.5567604910440368
203149,0.7764577017648316
203150,0.5315674412896951
203151,0.2763281686748083
203152,0.7412974216097554
203153,0.1050536085191868
203154,0.9116766126869708
203155,0.17105185414119564
203156,0.09114584516932474
203157,0.22092891133119114
203158,0.6276037287349845
203159,0.8688988778343886
203160,0.9851695974475164
203161,0.7489057862658565
203162,0.12094754591607165
203163,0.5409120038541776
203164,0.12734693506528924
203165,0.45574740592943397
203166,0.25370305561741835
203167,0.42979988273846587
203168,0.1189250117034283
203169,0.8530503906445294
203170,0.09144127151499173
203171,0.161961812736057
203172,0.9417282895723591
203173,0.9924598106544376
203174,0.166911340281155
203175,0.9604310497634317
203176,0.26328850427913697
203177,0.5037382795278633
203178,0.5465114693597429
203179,0.6319533135473432
203180,0.8710532176474064
203181,0.5342035532971853
203182,0.9575404165965976
203183,0.47362751737334163
203184,0.8898650583353407
203185,0.8929783975166007
203186,0.8631448816249359
203187,0.9394512342003718
203188,0.7138727666904523
203189,0.880829557178633
203190,0.36128824066793624
203191,0.5888710623076888
203192,0.04235504792724331
203193,0.8712486535376168
203194,0.022456947291394913
203195,0.3390449093495621
203196,0.9851741424682189
203197,0.3652105935342535
203198,0.302607478377064
203199,0.6285763631653342
203200,0.8317842387772076
203201,0.5760950091127665
203202,0.7255761949995683
203203,0.5261134164466119
203204,0.6585598647401839
203205,0.7723989982774371
203206,0.19459051635980204
203207,0.5237045554742502
203208,0.23762277237172816
203209,0.2775098740574763
203210,0.5267588093863768
203211,0.9086632639611674
203212,0.6886069966048696
203213,0.5475704591834416
203214,0.6304352766326851
203215,0.1825825716636139
203216,0.0055403802364319766
203217,0.890474091109485
203218,0.6359074815585785
203219,0.5501793010667164
203220,0.280964089791429
203221,0.34518977733943573
203222,0.709654987478468
203223,0.7193086114507252
203224,0.9465596465791901
203225,0.16222087891610348
203226,0.2676108189672804
203227,0.07243399493684692
203228,0.6849846151049218
203229,0.1069625172142659
203230,0.13121929270387828
203231,0.9056635502974717
203232,0.08249667077233537
203233,0.13561887274396536
203234,0.7325164416123915
203235,0.04285045518382336
203236,0.4925166234132196
203237,0.14039568950236567
203238,0.6642956808668263
203239,0.3475622781461769
203240,0.17241081533126384
203241,0.945105239954368
203242,0.36677862567663994
203243,0.5989155580603669
203244,0.2027533735416165
203245,0.3698192445266588
203246,0.017721035719317702
203247,0.734020843464942
203248,0.7419837197358434
203249,0.07139318519595855
203250,0.06470745974247913
203251,0.4426259311611164
203252,0.3427081960358329
203253,0.560578308434195
203254,0.6394435076651775
203255,0.8448693533799047
203256,0.9053363088068866
203257,0.7131364733366361
203258,0.790983587930243
203259,0.6218224624013162
203260,0.7761440953363543
203261,0.9156035105739907
203262,0.5980065539198531
203263,0.39454870216933835
203264,0.5222592388908333
203265,0.667159043909445
203266,0.7108912331095669
203267,0.8828384563291686
203268,0.4117061553215375
203269,0.8030233477713491
203270,0.41802827911881135
203271,0.823148699442326
203272,0.019829925325309857
203273,0.605533108203308
203274,0.28795887665268316
203275,0.43032710513996386
203276,0.6209861785920434
203277,0.9399193713327364
203278,0.29512182927993236
203279,0.2949945687002604
203280,0.06212588798341977
203281,0.24468573454352086
203282,0.8639129901236701
203283,0.6540921093895582
203284,0.15469886965335128
203285,0.24432667790801788
203286,0.4884624649465278
203287,0.7988192036214725
203288,0.13331000222706016
203289,0.19545861531399275
203290,0.26188863790274564
203291,0.20725748905786268
203292,0.3410492634793951
203293,0.7789256480063268
203294,0.45542016443884903
203295,0.2857000013635062
203296,0.8791478995186823
203297,0.126642456856391
203298,0.7970466455474705
203299,0.08588725621645206
203300,0.9137036919203166
203301,0.8137859567950332
203302,0.15702592025306678
203303,0.864853809409102
203304,0.05692183927897792
203305,0.47835888392471626
203306,0.4751546443294049
203307,0.7750896505333582
203308,0.4405988519277705
203309,0.23505029065407393
203310,0.5644961162798098
203311,0.03136064284772817
203312,0.01552124569927416
203313,0.8693033846769171
203314,0.739952095481795
203315,0.6988605633098659
203316,0.9068270755973293
203317,0.3012121570213752
203318,0.34581244517568777
203319,0.5117329709436828
203320,0.0703205603101522
203321,0.13881856731857414
203322,0.2695469977865749
203323,0.21745651551442818
203324,0.9941505583557934
203325,0.14480890460456047
203326,0.5886892614795861
203327,0.6189409192758873
203328,0.6584553292640248
203329,0.2479945096149913
203330,0.48077228991778054
203331,0.5643506756173275
203332,0.24983978802023443
203333,0.3536344258048095
203334,0.825743906263493
203335,0.8331295649051682
203336,0.5405983974257003
203337,0.2619340881097713
203338,0.3996345803355134
203339,0.5368305752632704
203340,0.40168892969307474
203341,0.5228000963544389
203342,0.8736029742615478
203343,0.33949032137841384
203344,0.30370737338708576
203345,0.36371073670240567
203346,0.6997786574917849
203347,0.08957326800623576
203348,0.02909722253784866
203349,0.1863458488053413
203350,0.1396230359829289
203351,0.22836911022129705
203352,0.4420759836561055
203353,0.2786779443780366
203354,0.46730084855536513
203355,0.8220306243494939
203356,0.6443612200653575
203357,0.1134028115498066
203358,0.3854086655364715
203359,0.9670895050926956
203360,0.8690125033519528
203361,0.6235177551233746
203362,0.7794619604492299
203363,0.6828893605610373
203364,0.9269706073511165
203365,0.19278159812017945
203366,0.4898623313229191
203367,0.83522027442835
203368,0.8538184991432637
203369,0.8613859586130416
203370,0.08394653237645497
203371,0.8327477831661524
203372,0.618300071356825
203373,0.9431236109280479
203374,0.4256184636921021
203375,0.13567795801309876
203376,0.7922471036855573
203377,0.30206207589275563
203378,0.3833952213652333
203379,0.6190999950004773
203380,0.609278205262225
203381,0.9440780652755874
203382,0.2569482003990528
203383,0.50122033805864
203384,0.6041968721167525
203385,0.6129733070934138
203386,0.434303998254712
203387,0.5706046241040629
203388,0.2666927247853614
203389,0.24902168429377197
203390,0.23705009976320443
203391,0.16437067370841876
203392,0.3229646261038719
203393,0.46571463633016846
203394,0.7536053376723132
203395,0.9481504038250895
203396,0.7548870335104377
203397,0.41923270960499226
203398,0.22607387476649957
203399,0.6644411215293086
203400,0.35536153367178586
203401,0.4723912717422427
203402,0.39902554756136915
203403,0.9822244240322515
203404,0.14764499752296373
203405,0.7613182378045732
203406,0.2623340499315974
203407,0.7522736466064603
203408,0.10841237881838552
203409,0.10219024547656813
203410,0.953958940282973
203411,0.20271246835529336
203412,0.6097281623117794
203413,0.9497093459260707
203414,0.19089541452861317
203415,0.04741820098990551
203416,0.8535730680253248
203417,0.9036273810227206
203418,0.1146617822844183
203419,0.5317219719935825
203420,0.7635452979488322
203421,0.04301862094981843
203422,0.09182759827471014
203423,0.13843224055885575
203424,0.350580171892683
203425,0.8675899118720486
203426,0.14485889983228875
203427,0.4307816072102208
203428,0.07087050781516309
203429,0.19725844351221022
203430,0.14460437867294484
203431,0.2906131687429836
203432,0.0055449252571345455
203433,0.6219224528567728
203434,0.3725962521759286
203435,0.37198721940178436
203436,0.05950341103803728
203437,0.7822571481813101
203438,0.1408956417796483
203439,0.9358697578867472
203440,0.28579544679826013
203441,0.32028760891005853
203442,0.05778084819176352
203443,0.3689784156966835
203444,0.6422068802523395
203445,0.39693029301748467
203446,0.22432404179601037
203447,0.003026983787911154
203448,0.7457015466705451
203449,0.32295553606246674
203450,0.8831747878611588
203451,0.893228373655242
203452,0.993046118325069
203453,0.9935824307679723
203454,0.6942519123174606
203455,0.5741361051899592
203456,0.5181596302171156
203457,0.991009949050318
203458,0.8897196176728585
203459,0.9788701987537554
203460,0.348848519005004
203461,0.6788761072806687
203462,0.28259575222365135
203463,0.16373437081005904
203464,0.8965916889751433
203465,0.4445348398561955
203466,0.0828466373664332
203467,0.8808159221165253
203468,0.37515055381077256
203469,0.06447111866594551
203470,0.7791301739379424
203471,0.061921362051804145
203472,0.5287540734748047
203473,0.5728953145381578
203474,0.30471182296235355
203475,0.7081869457915381
203476,0.08533730871144117
203477,0.5912799232800506
203478,0.2728512278373428
203479,0.411247108230578
203480,0.8205580376418615
203481,0.7640770653710328
203482,0.06546193317910562
203483,0.15597602047077325
203484,0.31452906767990324
203485,0.17738306797987466
203486,0.16782034442166885
203487,0.14510433095022748
203488,0.2521077533508165
203489,0.3126156139641216
203490,0.9185532290099582
203491,0.997509328654992
203492,0.5578194808677354
203493,0.10627167406747537
203494,0.9022138795842215
203495,0.4620877098095182
203496,0.17928743165425118
203497,0.5298403334227187
203498,0.8642856818212807
203499,0.6433204103244691
203500,0.972393544252594
203501,0.3043254962026352
203502,0.06919339517591502
203503,0.8429786247676359
203504,0.18770026497470696
203505,0.5361033719508593
203506,0.36582871634980296
203507,0.17253807591093578
203508,0.9025274860126988
203509,0.2606205771267288
203510,0.9873784775089651
203511,0.6782807095686321
203512,0.5965975975020567
203513,0.5062334958935738
203514,0.11711609346380572
203515,0.10065402847909971
203516,0.18855927388749255
203517,0.45908345112511983
203518,0.44143968075774587
203519,0.7466196408524641
203520,0.6549102131160208
203521,0.5235454797496603
203522,0.2786779443780366
203523,0.4619513591884411
203524,0.3179378332068303
203525,0.44581199067361754
203526,0.6940610214479527
203527,0.9318974097927016
203528,0.23413219647215494
203529,0.02137977738488599
203530,0.15019020911640252
203531,0.5634780316424342
203532,0.19085450934229006
203533,0.7014784952345459
203534,0.16022106980697298
203535,0.5937569595629508
203536,0.4220006272128569
203537,0.7731489266933611
203538,0.14545429754432532
203539,0.969861967721263
203540,0.8676671772239922
203541,0.29953049936142456
203542,0.4178782934356266
203543,0.7489921416592054
203544,0.31315192640702477
203545,0.9280023270505997
203546,0.9183805182232605
203547,0.24411760695569967
203548,0.08212397907472467
203549,0.12337004195054108
203550,0.35728862244967524
203551,0.5939614854945664
203552,0.8179128355929662
203553,0.22562846273764778
203554,0.7569777430336195
203555,0.9394648692624795
203556,0.7654133014575881
203557,0.45142509124129054
203558,0.8250848782616206
203559,0.1548124951709155
203560,0.3966121415683048
203561,0.4528658628040051
203562,0.15033110475818218
203563,0.699324155421528
203564,0.22684652828593635
203565,0.41371959949277565
203566,0.49226210225387573
203567,0.042441403320592125
203568,0.2833729507637907
203569,0.8060503315592603
203570,0.9348925784356947
203571,0.13725053517618774
203572,0.6655319264979253
203573,0.8057185450479727
203574,0.9495729953049936
203575,0.8914240004363221
203576,0.7646179228346386
203577,0.5143418128269575
203578,0.43136791488085224
203579,0.9106948882152158
203580,0.937033283186605
203581,0.7518964098881471
203582,0.2604524113607337
203583,0.20790742701833007
203584,0.040427959149353924
203585,0.802255239272615
203586,0.05372214470436913
203587,0.21233427718263256
203588,0.955204275955477
203589,0.9958231259743388
203590,0.20126260675117374
203591,0.7169179305611738
203592,0.6630867053599429
203593,0.11708427831888774
203594,0.24248139950277475
203595,0.596456701860277
203596,0.3201921634753046
203597,0.8794842310506724
203598,0.0698342430949773
203599,0.5388576544966163
203600,0.19642215970293744
203601,0.8265392848864427
203602,0.6735175278723395
203603,0.06791169933779047
203604,0.5293767413110567
203605,0.0326150685616373
203606,0.5617827389203758
203607,0.5539743933533617
203608,0.0822966898614223
203609,0.4708186945791538
203610,0.5216411160752837
203611,0.3395448616268447
203612,0.6591007222037897
203613,0.7811345280677753
203614,0.37423700464955617
203615,0.8628540002999714
203616,0.151926407024784
203617,0.6435431163388949
203618,0.08608269210666254
203619,0.7227491921225702
203620,0.8363428945418846
203621,0.7898518777753033
203622,0.9618218260984178
203623,0.18259620672572163
203624,0.4283500211343462
203625,0.28574999659123446
203626,0.9685620918003282
203627,0.26821985174142465
203628,0.027920062175883213
203629,0.49747524099972273
203630,0.47120502133887215
203631,0.1864821994264184
203632,0.28206398480145073
203633,0.25440753382631653
203634,0.8439285340944729
203635,0.7864794724139968
203636,0.25756632321460227
203637,0.4950163847996327
203638,0.5772903495575423
203639,0.042268692533894495
203640,0.05259497957013194
203641,0.030556174183373405
203642,0.464114789042864
203643,0.21160707387022148
203644,0.11145754268910694
203645,0.8288617904654556
203646,0.6214497707037056
203647,0.12187473013939577
203648,0.7323482758463966
203649,0.16487517100640395
203650,0.47322301053081295
203651,0.18890015044018527
203652,0.6669817881020448
203653,0.4432667790801787
203654,0.2332777325800719
203655,0.6903204694097382
203656,0.8490598624676736
203657,0.19424054976570418
203658,0.0415869394285091
203659,0.3843542207334754
203660,0.40935183459760655
203661,0.9517091550352013
203662,0.1558033096840756
203663,0.3269869694256457
203664,0.8122951900045905
203665,0.2485580921821099
203666,0.13622336049740708
203667,0.16181182705287223
203668,0.3602201608028325
203669,0.2914721776557692
203670,0.6374618786388573
203671,0.10889869603356042
203672,0.00525858895287268
203673,0.01872548529458552
203674,0.2302916539784839
203675,0.37188268392562523
203676,0.1026856527331482
203677,0.79996454883852
203678,0.3456351893682876
203679,0.8753891673976576
203680,0.7382022625113057
203681,0.7689902327505103
203682,0.3628153676239995
203683,0.1697974284272865
203684,0.5907754259820653
203685,0.9310611259834288
203686,0.7662314051840506
203687,0.5594375082378501
203688,0.29673985665004704
203689,0.6431067943514484
203690,0.9356470518723213
203691,0.20729384922348323
203692,0.5531153844405762
203693,0.732807322937356
203694,0.7867794437803665
203695,0.3911490266838165
203696,0.7726353393539708
203697,0.2404134150831057
203698,0.78291163116248
203699,0.42049168033960393
203700,0.9855604692279374
203701,0.9240890642256876
203702,0.38706305307220673
203703,0.7250080674117472
203704,0.25165779630126217
203705,0.29820335331627434
203706,0.07882429404465938
203707,0.45915617145636095
203708,0.24243140427504647
203709,0.933792683425673
203710,0.33549070316015284
203711,0.34015843942169155
203712,0.7596456701860277
203713,0.6780761836370165
203714,0.7690220478954282
203715,0.2145795174097018
203716,0.5576149549361198
203717,0.32663245781084527
203718,0.21254789315565334
203719,0.38148176764945163
203720,0.008435558423968622
203721,0.2940946546011517
203722,0.5708364201598939
203723,0.12841955995109558
203724,0.5571422727830525
203725,0.3743915353534435
203726,0.24040887006240313
203727,0.017007467469014322
203728,0.08012871498629676
203729,0.16362983533389994
203730,0.7545052517714218
203731,0.7770667345389758
203732,0.5260088809704528
203733,0.5326582462583117
203734,0.16863390312742876
203735,0.9968821157980375
203736,0.4338222260602397
203737,0.6252494080110536
203738,0.5809127310574901
203739,0.40294335540698384
203740,0.31291104030978856
203741,0.2901404865899164
203742,0.8998413787774804
203743,0.21288422468764345
203744,0.16259357061371416
203745,0.25657096368073956
203746,0.7084914621786103
203747,0.27770985496838935
203748,0.19144536203362406
203749,0.6633730416642049
203750,0.7677948923057345
203751,0.635607510192209
203752,0.8635039382604388
203753,0.7937878657037283
203754,0.3516846119234073
203755,0.3941123801818917
203756,0.9208711895682685
203757,0.5541970993677877
203758,0.38406333940851095
203759,0.26788806523013714
203760,0.12743329045863805
203761,0.7173088023415947
203762,0.40052085937251447
203763,0.1865958249439826
203764,0.03996891205839443
203765,0.48239940732930037
203766,0.7460606033060481
203767,0.2352457265442844
203768,0.7106321669295204
203769,0.34083110248567183
203770,0.1912908313297367
203771,0.0330150303834634
203772,0.38529049499820467
203773,0.32060121533853586
203774,0.212361547306848
203775,0.865740088446103
203776,0.3359133900854918
203777,0.6369119311338464
203778,0.6793669695165462
203779,0.8430513450988769
203780,0.12636066557283168
203781,0.3870357829479913
203782,0.6755855122920086
203783,0.38529049499820467
203784,0.851545988791979
203785,0.29104040068902515
203786,0.27303302866544554
203787,0.3978074820130806
203788,0.46189227391930765
203789,0.20331241108803252
203790,0.49689347834979386
203791,0.7790756336895115
203792,0.019107267033601338
203793,0.7291713063753006
203794,0.9574449711618437
203795,0.758777571231837
203796,0.6087464378400244
203797,0.8981551760968272
203798,0.3408856427341026
203799,0.2501579394694143
203800,0.8095545425209412
203801,0.6698724212688789
203802,0.6057194540521132
203803,0.8300298607860159
203804,0.8948691261288696
203805,0.14294999113720963
203806,0.08237395521336599
203807,0.8332613705055426
203808,0.9486276309988593
203809,0.18881379504683643
203810,0.04959072088573364
203811,0.8232577799391876
203812,0.8237986374027934
203813,0.4783816090282291
203814,0.6361074624694916
203815,0.9185895891755788
203816,0.6786261311420274
203817,0.481622208789161
203818,0.9845378395698592
203819,0.3068343476304535
203820,0.8111680248703533
203821,0.9174624240413415
203822,0.9762613568704805
203823,0.7155271542261875
203824,0.04058248985324128
203825,0.9896509878602497
203826,0.13159652942219152
203827,0.14832220560764656
203828,0.045563832543257236
203829,0.23160516496152642
203830,0.13989119220438048
203831,0.7941787374841492
203832,0.6908158766663183
203833,0.08755982383499757
203834,0.5963021711563896
203835,0.019193622426950156
203836,0.8264801996173093
203837,0.8049368014871308
203838,0.43096340803832356
203839,0.7555551515537153
203840,0.5257998100181347
203841,0.5665095604510478
203842,0.810431731516537
203843,0.2483535662504943
203844,0.037105549015775764
203845,0.11348462192245284
203846,0.8780389144672553
203847,0.604096881661296
203848,0.6471745878802478
203849,0.46460110625803897
203850,0.8921512037487331
203851,0.1018402788824703
203852,0.3450943319046818
203853,0.7244263047618181
203854,0.47899518682307596
203855,0.35157553142654563
203856,0.8325432572345367
203857,0.5717181541761923
203858,0.15373987028510916
203859,0.6527104230959773
203860,0.7556006017607411
203861,0.9336063375768677
203862,0.4052522259238891
203863,0.24669917871475905
203864,0.387999327336936
203865,0.32227378295708137
203866,0.9754068929783976
203867,0.7374477890746793
203868,0.3628744528931329
203869,0.267160861917726
203870,0.5355170642802278
203871,0.10646256493698328
203872,0.03920989360106535
203873,0.7788074774680599
203874,0.5335445252953128
203875,0.12858318069638808
203876,0.4617104730912049
203877,0.29785793174287906
203878,0.7752669063407585
203879,0.7250989678257985
203880,0.2228378200262702
203881,0.8471827689175124
203882,0.4059839742570027
203883,0.5006249403466033
203884,0.703819180896369
203885,0.9290295017293804
203886,0.3833179560132896
203887,0.3905309038682671
203888,0.17622408770071948
203889,0.194917757850387
203890,0.12707423382313507
203891,0.4206689361470041
203892,0.33315456251903225
203893,0.5096604415033111
203894,0.20848918966825897
203895,0.9166306852527714
203896,0.34584880534130835
203897,0.3423991346280582
203898,0.24169511092123025
203899,0.22468309843151335
203900,0.07589730071220474
203901,0.171110939410329
203902,0.4629103585566832
203903,0.5882802096163549
203904,0.7520645756541422
203905,0.25411210748064955
203906,0.729980320060358
203907,0.35590693615609414
203908,0.5477068098045187
203909,0.6522104708186945
203910,0.8979006549374833
203911,0.8030687979783747
203912,0.23997709309565904
203913,0.1916498879652397
203914,0.7874611968857519
203915,0.5696774398807387
203916,0.7785575013294186
203917,0.3031210657164543
203918,0.6385481385867714
203919,0.6047468196217634
203920,0.8816431158843929
203921,0.4466346394207826
203922,0.8986505833534072
203923,0.30880688661536854
203924,0.6705678094363721
203925,0.35877938924011793
203926,0.22256511878411606
203927,0.8485190050040678
203928,0.06727994146013334
203929,0.37058280800469046
203930,0.9978638402697924
203931,0.3822680562309961
203932,0.5774130651165117
203933,0.15775312356547783
203934,0.16142550029315383
203935,0.45537925925252587
203936,0.2537939560314697
203937,0.17689675076469974
203938,0.39750751064671097
203939,0.6608641902363865
203940,0.39639852559528405
203941,0.7627499193258825
203942,0.9583403402402498
203943,0.14638148176764948
203944,0.3881038628130951
203945,0.6115825307584276
203946,0.0036451066034605788
203947,0.8524140877461698
203948,0.666736356984106
203949,0.39532135568877513
203950,0.881652205925798
203951,0.005549470277837115
203952,0.44348039505319947
203953,0.9430099854104835
203954,0.8437603683284778
203955,0.9513682784825086
203956,0.07771985401393502
203957,0.9790156394162376
203958,0.6933792683425674
203959,0.7917698765117875
203960,0.7496693497438881
203961,0.4485071879502411
203962,0.3283504756364165
203963,0.12401543489030592
203964,0.34573972484444665
203965,0.04520932092845683
203966,0.12589252844046706
203967,0.48563091704882716
203968,0.6722540121170252
203969,0.20122170156485064
203970,0.7030556174183373
203971,0.8492143931715609
203972,0.8222806004881352
203973,0.6911113030119853
203974,0.3607201130801151
203975,0.6711041218792752
203976,0.922702832911404
203977,0.997572958944828
203978,0.8067048145404302
203979,0.532644611196204
203980,0.6055376532240104
203981,0.1782784370582808
203982,0.29039046272855773
203983,0.5603646924611742
203984,0.41025629371741784
203985,0.14014116834302182
203986,0.4541839188077501
203987,0.048663536662409496
203988,0.05287677085369124
203989,0.28802250694251913
203990,0.17444243958531233
203991,0.15400802650656073
203992,0.7110821239790748
203993,0.5668913421900638
203994,0.26330668436194726
203995,0.9484276500879462
203996,0.5044200326332486
203997,0.08908695079106085
203998,0.8222896905295404
203999,0.8222351502811095
204000,0.3480849555269724
204001,0.0012135205275860031
204002,0.5904709095949933
204003,0.00577672131296558
204004,0.766976788579272
204005,0.7509283204784998
204006,0.8959781111802965
204007,0.8730075765495112
204008,0.9361515491703065
204009,0.968321205703092
204010,0.4878397971102758
204011,0.3320864826539284
204012,0.39454870216933835
204013,0.8949009412737876
204014,0.7599456415523973
204015,0.3405720363056253
204016,0.713622790551811
204017,0.05937615045836534
204018,0.6716722494670964
204019,0.8712441085169144
204020,0.4680007817435608
204021,0.29050408824612195
204022,0.850109762249967
204023,0.021470677798937375
204024,0.30676162729921236
204025,0.7768031233382268
204026,0.9519136809668168
204027,0.9909417737397794
204028,0.12721058444421213
204029,0.6047786347666814
204030,0.3570250112489262
204031,0.44708914149103945
204032,0.06568918421423409
204033,0.8449375286904433
204034,0.30509814972207194
204035,0.42454583880629576
204036,0.5291585803173334
204037,0.5811854322996443
204038,0.8141904636375619
204039,0.20878007099322338
204040,0.23365496929838514
204041,0.7559732934583517
204042,0.09438189990955409
204043,0.27605092241195156
204044,0.9695120011271652
204045,0.6083464760181984
204046,0.39341244699369604
204047,0.853845769267479
204048,0.6894114652692244
204049,0.20854827493739236
204050,0.2920357602228878
204051,0.4949891146754173
204052,0.9856877298076093
204053,0.6818985460478774
204054,0.9040591579894647
204055,0.04839538044095791
204056,0.18540502951990948
204057,0.23803636925566196
204058,0.8497507056144641
204059,0.24408579181078172
204060,0.20594397807482012
204061,0.02034351266470019
204062,0.6047649997045738
204063,0.9151944587107594
204064,0.1527399657305439
204065,0.3638516323441853
204066,0.966971334554429
204067,0.2659200712659246
204068,0.6997195722226516
204069,0.46909158671217743
204070,0.850532449175306
204071,0.31993309729525815
204072,0.9352289099676849
204073,0.331986492198472
204074,0.29226301125801624
204075,0.16061194158739395
204076,0.5840124351766423
204077,0.9043863994800496
204078,0.09641806918430512
204079,0.16133459987910245
204080,0.5579649215302176
204081,0.5373850677889839
204082,0.585439571677249
204083,0.8953327182405316
204084,0.8154903395584967
204085,0.72356275082833
204086,0.5591966221406139
204087,0.12897859749751162
204088,0.16399798201080806
204089,0.5287677085369124
204090,0.7969239299885011
204091,0.6286263583930626
204092,0.9227710082219425
204093,0.1983810636257448
204094,0.3774866944518932
204095,0.5913890037769122
204096,0.11891592166202317
204097,0.24674462892178475
204098,0.5596147640452502
204099,0.265683730189391
204100,0.12071120483953804
204101,0.4534703505574467
204102,0.641147890428641
204103,0.9853241281514038
204104,0.1456042832275101
204105,0.40849737070552355
204106,0.156189636443794
204107,0.6899523227328301
204108,0.9591629889874149
204109,0.8931420182618932
204110,0.6373118929556724
204111,0.043804909531362915
204112,0.6976652228650901
204113,0.3610837147363206
204114,0.2479399693665605
204115,0.07404293226555646
204116,0.46967334936210636
204117,0.6568600269974231
204118,0.1978356611414365
204119,0.3073252098663309
204120,0.17617409247299123
204121,0.3127474195644961
204122,0.1692792960671936
204123,0.854436621958813
204124,0.28085046427386473
204125,0.5105149053953941
204126,0.8607496557146818
204127,0.9165897800664482
204128,0.3281595847669086
204129,0.21184795996745764
204130,0.22851455088377928
204131,0.13277823480485954
204132,0.3382268056230996
204133,0.11170751882774825
204134,0.16472518532321917
204135,0.9627626453838497
204136,0.1059717027011058
204137,0.5861576849482549
204138,0.797642043259507
204139,0.44549383922443764
204140,0.6456474609241846
204141,0.9755477886201772
204142,0.9094995477704401
204143,0.8723621836097464
204144,0.1572259011639798
204145,0.2651701428500007
204146,0.9231573349816609
204147,0.8960553765322402
204148,0.22743738097727034
204149,0.13072388544729824
204150,0.8170401916180728
204151,0.07338844928438648
204152,0.993468805250408
204153,0.7941287422564209
204154,0.004190509087768894
204155,0.9288931511083033
204156,0.8329704891805783
204157,0.6678226169320202
204158,0.5279086996241268
204159,0.07034328541366505
204160,0.9104358220351694
204161,0.5243044982069893
204162,0.442662291326737
204163,0.7099458688034324
204164,0.7015148554001663
204165,0.2735193458806205
204166,0.5228500915821672
204167,0.5159280250521542
204168,0.5638098181537218
204169,0.5780084628285482
204170,0.0906640729748524
204171,0.4164738820385327
204172,0.3730280291426727
204173,0.8688079774203372
204174,0.3843951259197985
204175,0.1282832093300185
204176,0.634562155430618
204177,0.3019575404165966
204178,0.6035696592597979
204179,0.44670281473132106
204180,0.3075615509428645
204181,0.3382040805195867
204182,0.026102053894855492
204183,0.9427418291890319
204184,0.2703969166579554
204185,0.040300698569681985
204186,0.2839728934965299
204187,0.14742229150853783
204188,0.6460246976424977
204189,0.206525740724749
204190,0.5257907199767294
204191,0.27459197076642683
204192,0.08794160557401338
204193,0.9557360433776776
204194,0.6083692011217111
204195,0.13916853391267198
204196,0.8529731252925857
204197,0.04205053154017117
204198,0.13365542380045542
204199,0.6008517368796614
204200,0.6642593207012059
204201,0.6485380940910186
204202,0.6314351811872504
204203,0.8192172565346035
204204,0.7631226110234933
204205,0.1675885483658378
204206,0.8119997636589236
204207,0.4861581394503252
204208,0.6642729557633136
204209,0.12679244253957578
204210,0.8251485085514565
204211,0.2373546161502766
204212,0.5992518895923571
204213,0.3102976534058112
204214,0.9756614141377414
204215,0.1605574013389631
204216,0.599801837097368
204217,0.5997791119938551
204218,0.17654678417060188
204219,0.8752300916730676
204220,0.423382313506438
204221,0.8917376068647993
204222,0.06489380559128446
204223,0.03131064761999991
204224,0.6492425722999168
204225,0.46485562741738284
204226,0.016398434694870033
204227,0.8937010558083093
204228,0.7414065021066171
204229,0.6125369851059672
204230,0.3023711373005304
204231,0.16697951559169352
204232,0.9380968180310061
204233,0.3103521936542421
204234,0.665091059489776
204235,0.8760663754823403
204236,0.9733389085587285
204237,0.41188341112893767
204238,0.3077706218951827
204239,0.7241854186645821
204240,0.861254153012667
204241,0.30416642047804526
204242,0.8073911126665182
204243,0.07059326155230637
204244,0.44191236291081304
204245,0.36266083692011214
204246,0.4870489635080288
204247,0.7101003995073198
204248,0.21174796951200112
204249,0.11867049054408442
204250,0.12269737888656082
204251,0.82373955213366
204252,0.4190509087768895
204253,0.6829257207266579
204254,0.9769476549965685
204255,0.2921312056576417
204256,0.03326500652210471
204257,0.5828034596697588
204258,0.6031742424586743
204259,0.09256389162852637
204260,0.10961680930456638
204261,0.5876166365937797
204262,0.3445761995445889
204263,0.7759350243840362
204264,0.10972588980142804
204265,0.27532371909954045
204266,0.3891855777403066
204267,0.23378677489875968
204268,0.2865590102762918
204269,0.4041523309138673
204270,0.0670481454043023
204271,0.8215261270515088
204272,0.7711809327291486
204273,0.6942382772553529
204274,0.1636707405202231
204275,0.9661668658900742
204276,0.29274478345248856
204277,0.35826580190072765
204278,0.13025574831493358
204279,0.18103726462474037
204280,0.974293362906268
204281,0.983801546216043
204282,0.6383936078828839
204283,0.744574381536308
204284,0.6460337876839028
204285,0.03834633966757718
204286,0.19123629108130588
204287,0.6520195799491868
204288,0.2152749055771949
204289,0.573240736111553
204290,0.5037473695692685
204291,0.21134800769017503
204292,0.4325087150771971
204293,0.848528095045473
204294,0.865021975175097
204295,0.9756159639307157
204296,0.6864708368746619
204297,0.529163125338036
204298,0.17196540330241206
204299,0.10485817262897631
204300,0.221215247635453
204301,0.17868748892151204
204302,0.15319901282150342
204303,0.2177928470464183
204304,0.9143263597565687
204305,0.4966889524181783
204306,0.14472709423191424
204307,0.7796346712359274
204308,0.33450443366769533
204309,0.9634398534685326
204310,0.8676580871825871
204311,0.11922952809050044
204312,0.939692120297608
204313,0.954645238409061
204314,0.6987105776266812
204315,0.5765040609759977
204316,0.7992191654432986
204317,0.12904677280805016
204318,0.9066998150176574
204319,0.9542816367528555
204320,0.9317837842751374
204321,0.803246053785775
204322,0.6672408542820912
204323,0.5488476100008636
204324,0.415414892214834
204325,0.4728275937296894
204326,0.32085119147717717
204327,0.11077578958372154
204328,0.2861817735579785
204329,0.9549952050031588
204330,0.4500434049477095
204331,0.3445943796273992
204332,0.620231705155417
204333,0.32734148104044614
204334,0.9782475309175034
204335,0.5678367064961981
204336,0.8489326018880016
204337,0.42847273669331565
204338,0.15671685884529205
204339,0.6839710754882489
204340,0.7736761490948592
204341,0.9803018802750646
204342,0.8768390290017771
204343,0.7639634398534686
204344,0.3755505156325987
204345,0.39479867830797966
204346,0.934910758518505
204347,0.654960208343749
204348,0.26743356315988015
204349,0.300116807032056
204350,0.5433117747851341
204351,0.5467569004776818
204352,0.45971066398207444
204353,0.8976279536953291
204354,0.1972448084501025
204355,0.21260243340408416
204356,0.5933433626790171
204357,0.525522563755278
204358,0.41749196667590815
204359,0.11902045713818225
204360,0.8097272533076388
204361,0.3411265288313388
204362,0.7985692274828312
204363,0.6465973702510215
204364,0.08794615059471594
204365,0.793569704710005
204366,0.03216056649138037
204367,0.7339299430508907
204368,0.07322028351839142
204369,0.6627503738279529
204370,0.07268397107548824
204371,0.2803277868930693
204372,0.8053913035573876
204373,0.18129633080478683
204374,0.3687329845787447
204375,0.2679062453129474
204376,0.029147217765576924
204377,0.8113770958226715
204378,0.21827916426159322
204379,0.6890887687993419
204380,0.16795215002204336
204381,0.6009699074179283
204382,0.2776871298648765
204383,0.8506006244858446
204384,0.08865971884501933
204385,0.6416796578508416
204386,0.9620354420714387
204387,0.13813681421318874
204388,0.6203498756936838
204389,0.4084155603328773
204390,0.12553801682566665
204391,0.006635730225751178
204392,0.36918748664900164
204393,0.9971139118538684
204394,0.8561728198671946
204395,0.8918103271960404
204396,0.5154962480854101
204397,0.8660309697710674
204398,0.31941041991446273
204399,0.7884565564196145
204400,0.06382118070547811
204401,0.7065461933179106
204402,0.6467791710791243
204403,0.21825189413737778
204404,0.9580585489566905
204405,0.2301371232745965
204406,0.3049254389353743
204407,0.26522013807772893
204408,0.7094277364433396
204409,0.6274128378654765
204410,0.12531985583194333
204411,0.6275900936728767
204412,0.2692333913580976
204413,0.678367064961981
204414,0.9783520663936625
204415,0.31005676730857507
204416,0.7393930579353789
204417,0.6915976202271602
204418,0.8301434863035801
204419,0.2967898518777753
204420,0.5943341771921772
204421,0.12321096622595115
204422,0.09196849391648979
204423,0.22649201667113594
204424,0.8708486917157908
204425,0.8793251553260826
204426,0.2978670217842842
204427,0.8745301584848719
204428,0.9702937446880071
204429,0.7321028447284578
204430,0.13309184123333684
204431,0.6723676376345895
204432,0.3634562155430618
204433,0.2669699710482181
204434,0.19296794396898478
204435,0.33191377186723087
204436,0.42664563837088276
204437,0.3067934424441303
204438,0.7766122324687189
204439,0.718317796937565
204440,0.8173719781293605
204441,0.02854273001213521
204442,0.05887165316038014
204443,0.8284072883951987
204444,0.17876929929415827
204445,0.9662441312420179
204446,0.2503851905045427
204447,0.6125733452715878
204448,0.1742515487158044
204449,0.6842074165647826
204450,0.9620127169679258
204451,0.6157594047840889
204452,0.042268692533894495
204453,0.24369946505106332
204454,0.6031424273137564
204455,0.15587148499461415
204456,0.5662004990432732
204457,0.6628367292213015
204458,0.9524681734925303
204459,0.5796128551365552
204460,0.10910322196517604
204461,0.5544425304857263
204462,0.5418846382845275
204463,0.8877016284809177
204464,0.5456206453020395
204465,0.7047736352439086
204466,0.31889683257507234
204467,0.04996795760404688
204468,0.7148454011208022
204469,0.3642834093109294
204470,0.8024052249557997
204471,0.061225973884311044
204472,0.2323914535430709
204473,0.056421887001695294
204474,0.7629044500297698
204475,0.4548883970166484
204476,0.17058826202953356
204477,0.10604896805304947
204478,0.9056680953181742
204479,0.6624867626272037
204480,0.9876557237718218
204481,0.9301339417601047
204482,0.7965921434772136
204483,0.443189513728235
204484,0.8127269669713346
204485,0.8115907117956923
204486,0.7233991300830376
204487,0.21109803155153373
204488,0.4955436072011308
204489,0.9766704087337118
204490,0.33436808304661825
204491,0.6597870203298776
204492,0.20654846582826186
204493,0.9047363660741475
204494,0.029983501574849674
204495,0.8256075556424161
204496,0.7502329323110067
204497,0.8031006131232927
204498,0.5419028183673377
204499,0.6111825689366015
204500,0.18229623535935205
204501,0.5476840847010058
204502,0.9396012198835566
204503,0.19590402734284457
204504,0.9738434058567137
204505,0.9997091186750355
204506,0.48144949800246334
204507,0.4400943546297853
204508,0.11913408265574649
204509,0.5389803700555856
204510,0.7665995518609588
204511,0.2124024524931711
204512,0.03599656396434886
204513,0.8329886692633885
204514,0.6217588321114803
204515,0.0576944927984147
204516,0.2673381177251262
204517,0.6141686475381896
204518,0.8055503792819776
204519,0.4703232873225737
204520,0.3191831688793342
204521,0.8195899482322143
204522,0.8338249530726612
204523,0.17950104762727193
204524,0.11054399352789052
204525,0.8298116997922926
204526,0.31548806704814536
204527,0.5477477149908417
204528,0.6752809959049364
204529,0.8030960681025903
204530,0.1585894073747506
204531,0.2944491662159521
204532,0.15374441530581173
204533,0.4560473772958035
204534,0.9547134137195995
204535,0.2463537571413638
204536,0.2735193458806205
204537,0.19737206902977444
204538,0.23358679398784662
204539,0.8533321819280887
204540,0.8830793424264047
204541,0.18238713577340343
204542,0.8224851264197508
204543,0.8087546188772889
204544,0.16873843860358786
204545,0.16091191295376353
204546,0.3704100972179928
204547,0.49354834311270285
204548,0.9378832020579854
204549,0.8318069638807205
204550,0.837742760918276
204551,0.34052658609859965
204552,0.7087959785656824
204553,0.9433235918389609
204554,0.05913526436112916
204555,0.0720703932806414
204556,0.0455547425018521
204557,0.6554828857245445
204558,0.4757954922484671
204559,0.15627144681644026
204560,0.6494107380659119
204561,0.7052145022520578
204562,0.9768294844583018
204563,0.14410442639566223
204564,0.842269601538035
204565,0.9083451125119875
204566,0.6832893223828634
204567,0.5840124351766423
204568,0.03245599283704737
204569,0.8097545234318543
204570,0.23353225373941577
204571,0.8190581808100137
204572,0.2003672376727676
204573,0.39779839197167544
204574,0.06926611550715614
204575,0.9743024529476733
204576,0.6235950204753183
204577,0.6418705487203494
204578,0.49156671408638264
204579,0.2940082992078029
204580,0.9360651937769577
204581,0.5385667731716518
204582,0.17052917676040016
204583,0.13523709100494952
204584,0.9009821789738252
204585,0.6149776612232469
204586,0.7320255793765141
204587,0.5728271392276192
204588,0.5107603365133329
204589,0.13440535221637936
204590,0.2973852495898119
204591,0.14068202580662756
204592,0.6242358683943805
204593,0.9492821139800293
204594,0.9724662645838352
204595,0.8969507456106464
204596,0.5120511223928625
204597,0.9376741311056672
204598,0.4065475568241213
204599,0.7570095581785375
204600,0.05763540752928129
204601,0.26552919948550363
204602,0.8089545997882021
204603,0.681784920530313
204604,0.6309488639720754
204605,0.21494311906590735
204606,0.5114557246808259
204607,0.7853795774039751
204608,0.9155217002013445
204609,0.6590143668104409
204610,0.04402307052508624
204611,0.04370037405520382
204612,0.8749210302652929
204613,0.22550120215797584
204614,0.7030556174183373
204615,0.7071325009885421
204616,0.35784765999609125
204617,0.37363251689611443
204618,0.42917721490221383
204619,0.20567127683266598
204620,0.9859422509669532
204621,0.2693379268342567
204622,0.04001890728612269
204623,0.9026183864267502
204624,0.42322778280255063
204625,0.03954622513305548
204626,0.8424877625317584
204627,0.030887960694660963
204628,0.6999059180714569
204629,0.8921239336245177
204630,0.5453661241426955
204631,0.6529603992346186
204632,0.7483694738229534
204633,0.551797328436831
204634,0.3321637480058722
204635,0.04299589584630558
204636,0.4777316710677617
204637,0.12154294362810822
204638,0.16476154548883973
204639,0.8409651805963976
204640,0.15617145636098373
204641,0.8115588966507743
204642,0.9769885601828917
204643,0.2529485821807918
204644,0.20375327809618174
204645,0.3248144495298176
204646,0.502611114393626
204647,0.011253471259561587
204648,0.5739043091341282
204649,0.1134028115498066
204650,0.39767113139200344
204651,0.6521150253839406
204652,0.10837601865276496
204653,0.17406974788770163
204654,0.1442135068925239
204655,0.7553778957463151
204656,0.9356288717895109
204657,0.19267706264402035
204658,0.6025197594775045
204659,0.2772871680430504
204660,0.7406565736906932
204661,0.06541193795137736
204662,0.8413605973975211
204663,0.3425536653319456
204664,0.06443930352102753
204665,0.36508333295458156
204666,0.48735802491580343
204667,0.6210998041096079
204668,0.5762722649201667
204669,0.18029642625022158
204670,0.2194063293958304
204671,0.40156621413410537
204672,0.6750173847041873
204673,0.6721267515373532
204674,0.6796714859036183
204675,0.7149817517418793
204676,0.6594143286322669
204677,0.30064402943355406
204678,0.3966394116925202
204679,0.4839310793060662
204680,0.7855659232527805
204681,0.3495620872553074
204682,0.771303648288118
204683,0.25503474668327114
204684,0.1116711586621277
204685,0.4533567250398825
204686,0.8382745283404767
204687,0.8557183177969375
204688,0.6658364428849973
204689,0.5851532353729871
204690,0.3496438976279537
204691,0.6854982024443121
204692,0.2516032560528313
204693,0.25398030188027504
204694,0.5081469496093555
204695,0.5879575131464724
204696,0.8734848037232811
204697,0.6083828361838188
204698,0.8882561210066312
204699,0.8118406879343336
204700,0.3040800650846964
204701,0.17931470177846662
204702,0.1716790669981502
204703,0.3084751001040809
204704,0.9092132114661783
204705,0.0854372991668977
204706,0.6565373305275406
204707,0.8905331763786184
204708,0.3619881738561319
204709,0.8856063739370332
204710,0.5714136377891201
204711,0.5417073824771272
204712,0.894832765963249
204713,0.8912785597738397
204714,0.40432049667986236
204715,0.5725089877784394
204716,0.3591157207721081
204717,0.34572608978233893
204718,0.138218624585835
204719,0.37109639534408073
204720,0.36375618690943134
204721,0.9328836792851591
204722,0.84406488471555
204723,0.045636552874498346
204724,0.4412215197640225
204725,0.2801368960235614
204726,0.03664650192481627
204727,0.5793310638529959
204728,0.009730889324200872
204729,0.5823671376823122
204730,0.7118638675399167
204731,0.21156616868389835
204732,0.5930479363333501
204733,0.627744624376764
204734,0.41508310570354645
204735,0.22795551333736325
204736,0.21374777862113162
204737,0.042295962658109906
204738,0.3601338054094836
204739,0.501029447189132
204740,0.5433254098472419
204741,0.05701728471373187
204742,0.2781007267488103
204743,0.5749632989578267
204744,0.9177396703041983
204745,0.49463005803991433
204746,0.16864753818953646
204747,0.29458551683702916
204748,0.800714477254444
204749,0.8319569495639053
204750,0.731339281250426
204751,0.4683598383790638
204752,0.9446052876770854
204753,0.11819326337031465
204754,0.34910758518505053
204755,0.8370382827093779
204756,0.4590107307938787
204757,0.30309834061294144
204758,0.38389062862181333
204759,0.7328936783307048
204760,0.6111280286881706
204761,0.8932420087173497
204762,0.5718363247144591
204763,0.950909231391549
204764,0.028919966730448457
204765,0.9520954817949197
204766,0.20106717086096326
204767,0.7263761186432204
204768,0.2277237172815322
204769,0.9068634357629499
204770,0.8090045950159303
204771,0.6636275628235487
204772,0.5074833765867803
204773,0.7262034078565228
204774,0.9643897627953696
204775,0.3896900750382918
204776,0.41342871816781124
204777,0.1254516614323178
204778,0.5443344044432122
204779,0.30797969284750093
204780,0.19222710559446599
204781,0.8139495775403257
204782,0.2900541311965676
204783,0.8203444216688407
204784,0.8047959058453512
204785,0.5026747446834621
204786,0.8518868653446716
204787,0.8455920116716132
204788,0.6088600633575886
204789,0.28195944932529166
204790,0.5603192422541485
204791,0.6026152049122584
204792,0.0870780516405252
204793,0.773594338722213
204794,0.07366115052654064
204795,0.7825071243199514
204796,0.41696019925370753
204797,0.7881565850532449
204798,0.8716440703387404
204799,0.8644038523595475
204800,0.4728866789988228
204801,0.3165106967062235
204802,0.03859177078551593
204803,0.811013494166466
204804,0.9601447134591699
204805,0.1839778930193027
204806,0.18854563882538486
204807,0.5702410224478573
204808,0.4742501852095936
204809,0.9823744097154362
204810,0.20158984824175874
204811,0.93228373655242
204812,0.9006912976488608
204813,0.7798391971675431
204814,0.8450829693529255
204815,0.4262502215697592
204816,0.24928075047381842
204817,0.43145881529490365
204818,0.31115211729789427
204819,0.6780398234713959
204820,0.586294035569332
204821,0.6723176424068612
204822,0.47368660264247503
204823,0.5704091882138523
204824,0.14307270669617903
204825,0.9304611832506897
204826,0.752646338304071
204827,0.9905781720835738
204828,0.3496075374623331
204829,0.7110321287513465
204830,0.4451120574854218
204831,0.08218306434385808
204832,0.33500438594497794
204833,0.3764322496488971
204834,0.13540071175024204
204835,0.757204994068748
204836,0.1676339985728635
204837,0.7675721862913085
204838,0.1337917744215325
204839,0.8963235327536917
204840,0.5325991609891783
204841,0.7552370001045355
204842,0.6617550142940901
204843,0.4929393103385586
204844,0.21868821612482445
204845,0.3073115748042232
204846,0.10079492412087937
204847,0.6014834947573187
204848,0.2853545797901109
204849,0.9785747724080883
204850,0.8736302443857632
204851,0.24359038455420165
204852,0.9572449902509306
204853,0.08398743756277809
204854,0.4746410569900146
204855,0.396789397375705
204856,0.5493793774230642
204857,0.8928829520818468
204858,0.5465205594011481
204859,0.1543670831420637
204860,0.14830402552483626
204861,0.31025220319878555
204862,0.01083987437562778
204863,0.06926157048645355
204864,0.8685580012816959
204865,0.08632812322460129
204866,0.5393167015875757
204867,0.5125783447943606
204868,0.5888892423904992
204869,0.4051613255098377
204870,0.548811249835243
204871,0.7069734252639521
204872,0.36786943064525657
204873,0.7686266310943047
204874,0.6262584026070239
204875,0.3672058576226815
204876,0.7554233459533408
204877,0.7709536816940201
204878,0.9322701014903123
204879,0.1451588711986583
204880,0.060844192145295226
204881,0.2474036569236573
204882,0.23251871412274283
204883,0.8433285913617337
204884,0.8077501693020213
204885,0.4581017266533649
204886,0.5317992373455261
204887,0.12410179028365474
204888,0.2537348707623363
204889,0.7503920080355966
204890,0.21835642961353688
204891,0.9261297785211412
204892,0.3185968612087028
204893,0.06373028029142673
204894,0.478340703841906
204895,0.7868294390080947
204896,0.8397925652551348
204897,0.8116816122097437
204898,0.06549829334472618
204899,0.11189840969725616
204900,0.03433763140791106
204901,0.7740988360201981
204902,0.815308538730394
204903,0.8310933956304172
204904,0.2977897564323405
204905,0.7040964271592257
204906,0.9459733389085587
204907,0.46746901432136023
204908,0.6506242585934979
204909,0.8834565791447181
204910,0.1904636375618691
204911,0.7466741811008949
204912,0.8265165597829298
204913,0.9637716399798201
204914,0.7196449429827153
204915,0.40284790997222986
204916,0.28094136468791614
204917,0.7960740111171206
204918,0.11126665181959904
204919,0.18662309506819805
204920,0.4454120288517914
204921,0.7096731675612783
204922,0.19450870598715578
204923,0.33960394689597806
204924,0.4500252248648992
204925,0.6722176519514046
204926,0.3126837892746601
204927,0.10756245994700504
204928,0.07422927811436181
204929,0.7787393021575213
204930,0.1997763849814336
204931,0.8476963562569028
204932,0.2514441803282414
204933,0.8803432399634581
204934,0.2950536539693938
204935,0.7278487053508529
204936,0.7034737593229737
204937,0.8396380345512474
204938,0.11654342085528199
204939,0.5150190209116403
204940,0.7400520859372515
204941,0.9697210720794834
204942,0.650496998013826
204943,0.07400657209993591
204944,0.5349534817131092
204945,0.5301448498097909
204946,0.02163884356493244
204947,0.776389526454293
204948,0.6666500015907573
204949,0.17227446471018676
204950,0.6209589084678281
204951,0.5000340876552694
204952,0.8917966921339328
204953,0.20471227746442386
204954,0.9359015730316652
204955,0.22920539403056983
204956,0.30527540552947213
204957,0.7511464814722232
204958,0.8982869816972017
204959,0.5805991246290128
204960,0.9986319487685267
204961,0.5947659541589212
204962,0.9750796514878125
204963,0.8680944091700338
204964,0.7346889615082197
204965,0.8136586962153612
204966,0.5288949691165843
204967,0.7458242622295145
204968,0.7518691397639315
204969,0.08042414133196375
204970,0.6485108239668033
204971,0.5686139050363375
204972,0.010080855918298706
204973,0.2726876070920503
204974,0.7099822289690529
204975,0.27362842637748214
204976,0.9417373796137642
204977,0.8865426482017625
204978,0.6686270855963748
204979,0.6465473750232933
204980,0.7073052117752396
204981,0.542616386617641
204982,0.27698265165597824
204983,0.7398930102126615
204984,0.6875661868639812
204985,0.13011030765245135
204986,0.11326646092872952
204987,0.9482731193840588
204988,0.1282695742679108
204989,0.438726303398312
204990,0.06598461055990108
204991,0.41745106148958505
204992,0.1167933969939233
204993,0.31100213161470946
204994,0.7150317469696075
204995,0.10090400461774103
204996,0.6050013407811073
204997,0.4359674758318524
204998,0.8885288222487854
204999,0.10929411283468396
205000,0.08936874207462014
205001,0.17130183027983695
205002,0.6361983628835429
205003,0.7487239854377538
205004,0.5617100185891347
205005,0.2972034487617091
205006,0.43802637021011626
205007,0.8482235786584008
205008,0.6853982119888556
205009,0.8839292612977852
205010,0.5039746206043969
205011,0.18091909408647358
205012,0.051685975429618086
205013,0.19079542407315667
205014,0.16846573736143367
205015,0.10322651019675394
205016,0.24076338167720354
205017,0.7682948445830171
205018,0.030110762154521614
205019,0.3184377854841129
205020,0.34953481713109197
205021,0.6395798582862545
205022,0.502729284931893
205023,0.34879397875657325
205024,0.02980624576744947
205025,0.9549997500238614
205026,0.8255348353111749
205027,0.6220451684157422
205028,0.572913494620968
205029,0.6971243654014845
205030,0.4620104444575745
205031,0.10489907781529945
205032,0.2766826802896087
205033,0.5131737425063971
205034,0.6969516546147868
205035,0.9734843492212107
205036,0.405052245012976
205037,0.3803182423495939
205038,0.7395112284736458
205039,0.18985005976702224
205040,0.08046959153898944
205041,0.46731448361747285
205042,0.34779861922271055
205043,0.6713404629558088
205044,0.4030069856968198
205045,0.3491212202471582
205046,0.5220365328764073
205047,0.1718972279918735
205048,0.9649442553210831
205049,0.05831261561396413
205050,0.05933979029274478
205051,0.04504570018316433
205052,0.7799982728921331
205053,0.2270601442589571
205054,0.6324259957004105
205055,0.45946068784343314
205056,0.9113539162170884
205057,0.347435017566505
205058,0.5058562591752606
205059,0.8972052667699901
205060,0.5379077451697793
205061,0.5860486044513933
205062,0.6831029765340582
205063,0.9242299598674671
205064,0.7795574058839838
205065,0.6283854722958264
205066,0.42310961226428384
205067,0.048104499115993474
205068,0.6551783693374723
205069,0.5691956676862663
205070,0.38349975684139237
205071,0.32152385454115745
205072,0.7655405620372601
205073,0.9101040355238819
205074,0.20543948077683494
205075,0.9715345353398085
205076,0.7269578812931493
205077,0.42234150376554963
205078,0.6827939151262834
205079,0.5677730762063622
205080,0.5600192708877789
205081,0.9329654896578053
205082,0.3735597965648733
205083,0.7783757005013158
205084,0.23733189104676375
205085,0.40689297839751654
205086,0.7954149831152482
205087,0.9641943269051592
205088,0.09651351461905909
205089,0.4134150831057035
205090,0.5326627912790143
205091,0.6183546116052558
205092,0.4246231041582394
205093,0.47374568791160837
205094,0.9228119134082656
205095,0.931797419337245
205096,0.2995804945891528
205097,0.665122874634694
205098,0.6556828666354576
205099,0.6099145081605847
205100,0.9556178728394108
205101,0.30887051690520445
205102,0.58632585071425
205103,0.6169911053944851
205104,0.33669058862563117
205105,0.14521341144708913
205106,0.5487158044004891
205107,0.5372714422714197
205108,0.21916544329859422
205109,0.5444934801678022
205110,0.046740992905222684
205111,0.9194349630262566
205112,0.1834461255971021
205113,0.8694579153808045
205114,0.7057326346121506
205115,0.7877429881693112
205116,0.7638998095636326
205117,0.4745183414310452
205118,0.4719640397962013
205119,0.8224896714404535
205120,0.35244817540143897
205121,0.8024506751628254
205122,0.0050222478763390765
205123,0.5057608137405065
205124,0.6525786174956028
205125,0.03444216688407016
205126,0.9149853877584412
205127,0.7780075538244078
205128,0.9848878061639571
205129,0.5690138668581636
205130,0.06263493030210751
205131,0.969861967721263
205132,0.8829793519709483
205133,0.45756086918975913
205134,0.30917048827157406
205135,0.44365310583989703
205136,0.4525795264997432
205137,0.4552247285486385
205138,0.3656423705009976
205139,0.30730702978352065
205140,0.06365755996018561
205141,0.08917785120511224
205142,0.5018157357706764
205143,0.4478254348448557
205144,0.387703900991269
205145,0.5105558105817173
205146,0.1624390399098268
205147,0.08727348753073569
205148,0.6086464473845679
205149,0.6139550315651688
205150,0.41661477768031235
205151,0.545297948832157
205152,0.6129642170520087
205153,0.14787679357879477
205154,0.8160811922498308
205155,0.360161075533699
205156,0.862994895941751
205157,0.9084950981951724
205158,0.5817444698460602
205159,0.5673185741361052
205160,0.006376664045704728
205161,0.9917826025697548
205162,0.14383627017421063
205163,0.10627621908817794
205164,0.3951531899227801
205165,0.392135296176274
205166,0.628094590970862
205167,0.9332881861276878
205168,0.7569186577644861
205169,0.31321101167615817
205170,0.5386713086478109
205171,0.5738406788442921
205172,0.533594520523041
205173,0.10472182200789924
205174,0.8889651442362321
205175,0.24994432349639353
205176,0.8970461910454002
205177,0.9074815585784993
205178,0.16352529985774086
205179,0.3046663727553279
205180,0.8148585816808396
205181,0.027651905954431625
205182,0.8613041482403953
205183,0.8066775444162149
205184,0.17079733298185173
205185,0.518936828757255
205186,0.869421555215184
205187,0.9022729648533548
205188,0.9887147135955204
205189,0.9441053353998028
205190,0.6786624913076479
205191,0.1892682971170934
205192,0.5304630012589708
205193,0.9362197244808451
205194,0.6293444716640685
205195,0.46073783866085505
205196,0.15674867399021003
205197,0.6140822921448408
205198,0.1330236659227983
205199,0.4234050386099508
205200,0.0745110693979211
205201,0.04507751532808232
205202,0.1896818940010272
205203,0.4353902582026261
205204,0.2862272237650042
205205,0.7847659996091283
205206,0.09495911753878038
205207,0.8783434308543275
205208,0.2630294380990905
205209,0.7614454983842452
205210,0.3255371078215261
205211,0.35520700296789853
205212,0.8141541034719414
205213,0.44614832220560763
205214,0.5822671472268557
205215,0.6842392317097005
205216,0.6561100985814992
205217,0.5557696765308766
205218,0.42547302302961987
205219,0.00649483458397153
205220,0.07547006876616322
205221,0.6122188336567874
205222,0.25724362674471984
205223,0.5411165297857932
205224,0.8023824998522868
205225,0.1684930074856491
205226,0.2279646033787684
205227,0.7197903836451975
205228,0.8349066679998728
205229,0.561232791415365
205230,0.3261597756577781
205231,0.637252807686539
205232,0.5664641102440222
205233,0.25305311765695093
205234,0.20616668408924604
205235,0.4620331695610873
205236,0.643447670904141
205237,0.7302030260747838
205238,0.2281554942482763
205239,0.3153199012821503
205240,0.21704291863049438
205241,0.10826239313520072
205242,0.4970025588466555
205243,0.1366233223192332
205244,0.7095140918366883
205245,0.3749687529826698
205246,0.8904968162129979
205247,0.19392239831652433
205248,0.9676076374527887
205249,0.16496152639975276
205250,0.7939060362419952
205251,0.5741633753141746
205252,0.5898255166552284
205253,0.8782661655023839
205254,0.46634184918712307
205255,0.44019434508524186
205256,0.6853300366783172
205257,0.6716677044463938
205258,0.8627903700101355
205259,0.5141554669781521
205260,0.5309265933706329
205261,0.6575735952477264
205262,0.13313274641965994
205263,0.44160330150303834
205264,0.16969743797182996
205265,0.48297662495852667
205266,0.03302412042486853
205267,0.8525731634707596
205268,0.6147504101881184
205269,0.3040664300225887
205270,0.20915730771153665
205271,0.8365928706805259
205272,0.09343653560341966
205273,0.3017757395884938
205274,0.4755273360270156
205275,0.6351121029356289
205276,0.9560678298889651
205277,0.795837670040587
205278,0.2193608791888047
205279,0.9568859336154277
205280,0.25740270246930974
205281,0.3821226155685139
205282,0.23103703737370523
205283,0.120806650274292
205284,0.1948041323328228
205285,0.4614786770353739
205286,0.5542561846369211
205287,0.1868639811654342
205288,0.6053331272923949
205289,0.5847987237581868
205290,0.5158280345966976
205291,0.7212584253321275
205292,0.34658964371582707
205293,0.5943250871507719
205294,0.3804545929706709
205295,0.13070116034378537
205296,0.46266492743874443
205297,0.41348325841624206
205298,0.5074152012762418
205299,0.305002704287318
205300,0.3884810995314083
205301,0.3235827489194213
205302,0.07736534239913462
205303,0.8587725717090642
205304,0.583171606346667
205305,0.2905677185359579
205306,0.9086723540025725
205307,0.9747751351007404
205308,0.5432117843296776
205309,0.5043154971570896
205310,0.7803300594034206
205311,0.2821594302362047
205312,0.9225028520004909
205313,0.5807718354157103
205314,0.24713095568150314
205315,0.6819621763377132
205316,0.21256152821776103
205317,0.1694565518745938
205318,0.08039232618704578
205319,0.8332977306711633
205320,0.4990069129764886
205321,0.36261538671308646
205322,0.445352943582658
205323,0.3349498456965471
205324,0.9055090195935843
205325,0.6402888815158553
205326,0.8027506465291949
205327,0.9775566877707128
205328,0.6878707032510534
205329,0.8754664327496011
205330,0.29922598297435243
205331,0.6410024497661587
205332,1.0
205333,0.42123251871412276
205334,0.24058158084910078
205335,0.8781798101090351
205336,0.5555151553715327
205337,0.02852454992932493
205338,0.8729030410733521
205339,0.4300180437321892
205340,0.5865849168942965
205341,0.49084860081537673
205342,0.3220328968598452
205343,0.9475595511337555
205344,0.7973966121415683
205345,0.22878725212593345
205346,0.43225419391785325
205347,0.6509151399184624
205348,0.5311129392194381
205349,0.923589111948405
205350,0.0916412524259048
205351,0.5015203094250095
205352,0.6483517482422133
205353,0.8810113580067358
205354,0.975665959158444
205355,0.5900027724626287
205356,0.012057939923916353
205357,0.10547629544452573
205358,0.4456665500111353
205359,0.1737061462314961
205360,0.18575954113470988
205361,0.6383436126551556
205362,0.3314456347348662
205363,0.10011771603619654
205364,0.7955240636121098
205365,0.7565459660668754
205366,0.8357611318919558
205367,0.011853413992300735
205368,0.10747155953295366
205369,0.39274432895041833
205370,0.7221992446175592
205371,0.345598829202667
205372,0.8095999927279669
205373,0.9695892664791088
205374,0.39801655296539873
205375,0.29515364442485037
205376,0.12550620168074866
205377,0.7565959612946037
205378,0.2354547974966026
205379,0.46484653737597775
205380,0.05951250107944242
205381,0.7599774566973153
205382,0.9980092809322746
205383,0.2793187922970989
205384,0.5461796828484554
205385,0.7085232773235283
205386,0.21180705478113454
205387,0.6989878238895378
205388,0.7799210075401893
205389,0.5747678630676163
205390,0.6255948295844488
205391,0.3359724753546252
205392,0.31237927288758793
205393,0.5106148958508506
205394,0.23835452070484184
205395,0.6252175928661355
205396,0.931797419337245
205397,0.03700101353961668
205398,0.3223237781848096
205399,0.5523700010453547
205400,0.021020720749383017
205401,0.09393648788070229
205402,0.5195640416142097
205403,0.6227360115625327
205404,0.8797160271065034
205405,0.354684325587103
205406,0.4692915676230905
205407,0.6539921189341018
205408,0.05990337285986338
205409,0.8284618286436295
205410,0.7352707241581485
205411,0.34193554251639613
205412,0.037191904409124586
205413,0.63387585730453
205414,0.933824498570591
205415,0.13270096945291587
205416,0.7699765022429678
205417,0.7721672022216062
205418,0.10632166929520363
205419,0.6704405488567
205420,0.9512637430063494
205421,0.3550297471604983
205422,0.574781498129724
205423,0.38889015139463956
205424,0.4777543961712745
205425,0.10537630498906922
205426,0.19253616700224072
205427,0.48506278946100595
205428,0.00636302898359702
205429,0.884015616691134
205430,0.3916989741888274
205431,0.6880025088514278
205432,0.9895555424254957
205433,0.3219556315079015
205434,0.26053876675408255
205435,0.7975102376591325
205436,0.160421050717886
205437,0.5027247399111903
205438,0.4216552056394616
205439,0.5665231955131556
205440,0.6447339117629681
205441,0.4359765658732575
205442,0.8473009394557792
205443,0.1559123901809373
205444,0.5219501774830584
205445,0.20039905281768558
205446,0.3003667831706973
205447,0.1289467823525936
205448,0.3180150985587739
205449,0.42591843505847166
205450,0.6917566959517502
205451,0.6309988591998037
205452,0.7986646729175852
205453,0.3322591934406261
205454,0.6081783102522033
205455,0.013807772894405533
205456,0.10492634793951486
205457,0.5291858504415488
205458,0.4917076097281623
205459,0.13329182214424987
205460,0.9400693570159212
205461,0.8849746160593762
205462,0.7064871080487772
205463,0.4408988232941401
205464,0.9786247676358165
205465,0.3699192349821153
205466,0.12075665504656373
205467,0.15528517732398273
205468,0.6830166211407093
205469,0.33242735920662114
205470,0.2643929443098613
205471,0.21014812222469673
205472,0.012321551124665374
205473,0.7796346712359274
205474,0.5774766954063476
205475,0.9304975434163103
205476,0.08627812799687302
205477,0.285913617336527
205478,0.938878561591848
205479,0.29511273923852716
205480,0.9932733693601974
205481,0.18102817458333526
205482,0.3237009194576881
205483,0.1539989364651556
205484,0.7118820476227269
205485,0.7668722531031129
205486,0.02228878152539985
205487,0.5439071724971707
205488,0.05714000027270125
205489,0.3260279700574036
205490,0.39495320901186703
205491,0.881252244103972
205492,0.8301025811172571
205493,0.6840074356538695
205494,0.2350821057989919
205495,0.17199721844733
205496,0.41420137168724797
205497,0.46223315047200036
205498,0.3747960421959722
205499,0.2792142568209398
205500,0.45467023602292506
205501,0.5632416905659006
205502,0.4904531840142532
205503,0.23210057221810648
205504,0.25163052617704673
205505,0.2363274414714959
205506,0.23371859958822114
205507,0.8446239222619659
205508,0.33994027842796826
205509,0.4538975825034883
205510,0.7970421005267679
205511,0.804650465182869
205512,0.9649442553210831
205513,0.581335417982829
205514,0.3674649238027279
205515,0.5020384417851024
205516,0.11469359742933628
205517,0.84095154553429
205518,0.5810445366578645
205519,0.2129387649360743
205520,0.8696942564573382
205521,0.7087414383172516
205522,0.1360960999177351
205523,0.4678053458533503
205524,0.8397198449238936
205525,0.2629112675608237
205526,0.1461678657946287
205527,0.4576835847487285
205528,0.3566295944478027
205529,0.9779702846546466
205530,0.7666359120265793
205531,0.32317824207689266
205532,0.17641952359092997
205533,0.1639025365760541
205534,0.0064175692320278515
205535,0.3472077665313766
205536,0.2803686920793924
205537,0.05215411256198273
205538,0.931324737184178
205539,0.9172578981097259
205540,0.8311661159616582
205541,0.9252616795669504
205542,0.03632380545493385
205543,0.4235413892310279
205544,0.5766858618041005
205545,0.0038587225764813355
205546,0.0206525740724749
205547,0.6293399266433659
205548,0.7535098922375592
205549,0.7103458306252586
205550,0.40647029147217767
205551,0.8014780407324755
205552,0.0048313570068311655
205553,0.633475895482704
205554,0.21291603983256147
205555,0.17694220097172544
205556,0.3142700014998568
205557,0.6946427840978816
205558,0.1451906863435763
205559,0.3289685984519659
205560,0.30027133773594333
205561,0.3177242172338095
205562,0.947459560678299
205563,0.011939769385649552
205564,0.31448361747287756
205565,0.1937633225919344
205566,0.4721912908313297
205567,0.9524227232855046
205568,0.2912358365792356
205569,0.6229814426804715
205570,0.3404265956431431
205571,0.6237677312620159
205572,0.48992141659205257
205573,0.9305157234991206
205574,0.26117506965244225
205575,0.06487108048777161
205576,0.7835479340608398
205577,0.802877907108867
205578,0.5956476881752196
205579,0.740288427013785
205580,0.35167097686129956
205581,0.17122910994859583
205582,0.11962948991232654
205583,0.9406283945623373
205584,0.14702687470741432
205585,0.17954649783429766
205586,0.6875207366569555
205587,0.11013494166465927
205588,0.13883220238068184
205589,0.19929461278696126
205590,0.5833624972161748
205591,0.5701637570959136
205592,0.5567150408370111
205593,0.12941946450566083
205594,0.7595956749582994
205595,0.9300612214288636
205596,0.516973379813745
205597,0.38035914753591704
205598,0.9788520186709451
205599,0.8612768781161798
205600,0.8001463496666228
205601,0.6148458556228724
205602,0.6197317528781344
205603,0.7512737420518951
205604,0.17651042400498135
205605,0.5280768653901219
205606,0.41244699369605625
205607,0.07579276523604564
205608,0.35746587825707543
205609,0.7143818090091401
205610,0.1754332540984724
205611,0.0028997232082392135
205612,0.660827830070766
205613,0.25492566618640944
205614,0.09631807872884861
205615,0.050045222955990565
205616,0.7210538994005118
205617,0.8161766376845846
205618,0.6566555010658074
205619,0.2444266683634744
205620,0.8335249817062917
205621,0.07861067807163861
205622,0.8002781552669973
205623,0.5658141722835548
205624,0.6878025279405148
205625,0.8212670608714623
205626,0.7433472259466142
205627,0.4656282809368197
205628,0.6841346962335414
205629,0.7663404856809123
205630,0.11271196840301606
205631,0.8379427418291892
205632,0.21731561987264852
205633,0.45034337631407906
205634,0.3324546293308366
205635,0.784652374091564
205636,0.9404011435272088
205637,0.831634253094023
205638,0.5390121852005035
205639,0.9907417928288664
205640,0.503233782229878
205641,0.04092791142663655
205642,0.5121147526826985
205643,0.44834811222565113
205644,0.862690379554679
205645,0.9587039418964554
205646,0.6686270855963748
205647,0.6798351066489109
205648,0.18155994200553582
205649,0.25882074892851137
205650,0.13942760009271843
205651,0.6623322319233165
205652,0.47018693670149664
205653,0.748710350375646
205654,0.8398698306070785
205655,0.11943859904281863
205656,0.5677548961235519
205657,0.8740529313111022
205658,0.891033128655901
205659,0.7855341081078625
205660,0.20430777062189517
205661,0.9842060530585717
205662,0.07879247889974138
205663,0.49337108730530266
205664,0.761468223487758
205665,0.6071375005113149
205666,0.8505506292581163
205667,0.6969243844905714
205668,0.35875211911590255
205669,0.4079474232005127
205670,0.5770267383567933
205671,0.5431072488535186
205672,0.759695665413756
205673,0.500152258193536
205674,0.20942546393298822
205675,0.7791438090000501
205676,0.1566623185968612
205677,0.34114470891414905
205678,0.2444130333013667
205679,0.09882693015666685
205680,0.24717640588852882
205681,0.8461465041973267
205682,0.5009203666922702
205683,0.45698365156053283
205684,0.9933597247535463
205685,0.5954522522850092
205686,0.2654610241749651
205687,0.03147426836529241
205688,0.16177092186654912
205689,0.4154376173183469
205690,0.5893937396884843
205691,0.2651883229328109
205692,0.04951345553378996
205693,0.27908699624126787
205694,0.8491643979438327
205695,0.42924993523345495
205696,0.8391153571704519
205697,0.27420564400670844
205698,0.7427472832138751
205699,0.67551733698147
205700,0.9466687270760519
205701,0.47437744578926555
205702,0.977638498143359
205703,0.5534108107862431
205704,0.5630917048827159
205705,0.26996968471191385
205706,0.6383708827793712
205707,0.6916158003099704
205708,0.8399834561246428
205709,0.8585498656946382
205710,0.642370500997632
205711,0.44596652137750487
205712,0.8840292517532418
205713,0.5395530426641094
205714,0.6824530385735907
205715,0.7438608132860046
205716,0.5113375541425592
205717,0.8052640429777158
205718,0.7797437517327892
205719,0.15312174746955973
205720,0.14279546043332228
205721,0.5458206262129524
205722,0.25688457010921684
205723,0.29895328173219826
205724,0.18890015044018527
205725,0.31987401202612475
205726,0.6371210020861646
205727,0.5686684452847683
205728,0.6789170124669919
205729,0.023684102881088624
205730,0.7506965244226688
205731,0.22563755277905292
205732,0.07804709550452002
205733,0.9300566764081611
205734,0.5042109616809305
205735,0.2177064916530695
205736,0.202262511305739
205737,0.00629485367305848
205738,0.3562614477708946
205739,0.3365905981701746
205740,0.6282082164884262
205741,0.02561573667968058
205742,0.6826257493602884
205743,0.028433649515273544
205744,0.6611687066234587
205745,0.9130083037528236
205746,0.23050072493080206
205747,0.7477695310902142
205748,0.5823171424545839
205749,0.5928570454638421
205750,0.7083323864540203
205751,0.7254671145027066
205752,0.17281986719449507
205753,0.5305084514659965
205754,0.21973811590711795
205755,0.44648010871689514
205756,0.013266915430799787
205757,0.3006758445784721
205758,0.08766890433185923
205759,0.33726780625485747
205760,0.861422318778662
205761,0.8201671658614406
205762,0.9563678012553347
205763,0.7118320523949987
205764,0.48423105067243577
205765,0.19654487526190684
205766,0.029642625022156976
205767,0.9435553878947919
205768,0.0708841428772708
205769,0.9570268292572073
205770,0.13614609514546339
205771,0.2225923889083315
205772,0.008112861954086201
205773,0.48440376145913344
205774,0.4506160775562333
205775,0.6622822366955882
205776,0.5650642438676309
205777,0.2538848564455211
205778,0.4226596552147295
205779,0.2454038478145268
205780,0.47720899368696623
205781,0.6954654328450466
205782,0.04940892005763087
205783,0.7305575376895842
205784,0.73028483644743
205785,0.4914849037137364
205786,0.9684621013448717
205787,0.32218288254302996
205788,0.39656214634057657
205789,0.4778816567509465
205790,0.9585039609855422
205791,0.7025056699133265
205792,0.2657655405620372
205793,0.4791042673199376
205794,0.8463692102117525
205795,0.628630903413765
205796,0.13707327936878752
205797,0.8512869226119325
205798,0.6300307697901565
205799,0.13705964430667983
205800,0.15310356738674946
205801,0.9368060321514764
205802,0.08644629376286808
205803,0.2635748405833988
205804,0.9176487698901469
205805,0.4534658055367442
205806,0.3259688847882702
205807,0.3922443766731358
205808,0.4976797669313383
205809,0.2298007917426064
205810,0.5886074511069399
205811,0.9413328727712356
205812,0.8015598511051217
205813,0.8157584957799483
205814,0.012730602987896609
205815,0.8915467159952914
205816,0.8928920421232519
205817,0.016393889674167467
205818,0.4565246044695734
205819,0.4352266374573336
205820,0.8174810586262221
205821,0.7413655969202939
205822,0.5332263738461329
205823,0.5933888128860427
205824,0.7052463173969757
205825,0.971929952140932
205826,0.8511732970943683
205827,0.5458160811922499
205828,0.3950213843224056
205829,0.1912908313297367
205830,0.0710023134155376
205831,0.4741183796092191
205832,0.9332836411069853
205833,0.957885838169993
205834,0.28135041655114734
205835,0.3328954963389858
205836,0.6297307984237868
205837,0.590420914367265
205838,0.14220460774198826
205839,0.67551733698147
205840,0.7619136355166098
205841,0.10624440394325996
205842,0.036741947359570225
205843,0.5992427995509519
205844,0.14585425936615143
205845,0.2699060544220779
205846,0.8314024570381918
205847,0.6669863331227475
205848,0.5360579217438336
205849,0.23439126265220137
205850,0.8400834465800991
205851,0.5032746874162012
205852,0.008853700328604995
205853,0.025193049754341633
205854,0.9634807586548557
205855,0.04910894869126129
205856,0.2667654451166025
205857,0.6100190436367439
205858,0.7769940142077347
205859,0.48826702905631736
205860,0.7947059598856473
205861,0.3396312170201935
205862,0.6632821412501535
205863,0.5624781270878688
205864,0.9585266860890551
205865,0.024274955572422634
205866,0.9269751523718192
205867,0.6174365174233368
205868,0.34075838215443066
205869,0.6963653469441554
205870,0.7311847505465388
205871,0.5035928388653811
205872,0.45183414310452186
205873,0.46465564650646984
205874,0.5806536648774436
205875,0.2067484467391749
205876,0.7375932297371615
205877,0.10906231677885292
205878,0.024952163657105456
205879,0.7398248349021229
205880,0.9707527917789667
205881,0.4712004763181696
205882,0.6561919089541454
205883,0.16270265111057583
205884,0.9152035487521646
205885,0.49742524577199443
205886,0.6464428395471341
205887,0.5160871007767441
205888,0.3518345976065921
205889,0.37815481249517086
205890,0.4740638393607883
205891,0.4174010662618568
205892,0.5608328295935388
205893,0.9123038255439254
205894,0.042323232782325325
205895,0.3314456347348662
205896,0.3353407174769681
205897,0.7503647379113813
205898,0.9626081146799624
205899,0.32309188668354377
205900,0.21811554351630072
205901,0.42891360370146486
205902,0.28730893869221574
205903,0.6029651715063562
205904,0.3949577540325696
205905,0.1386913067389022
205906,0.8312979215620327
205907,0.8565364215234001
205908,0.6871934951663705
205909,0.11956585962249057
205910,0.38366792260738747
205911,0.5001386231314283
205912,0.8676399070997769
205913,0.14623604110516722
205914,0.13267369932870043
205915,0.09008231032492353
205916,0.8883288413378724
205917,0.5420982542575482
205918,0.16932929129492186
205919,0.527390567264034
205920,0.023997709309565907
205921,0.39441689656896384
205922,0.2900314060930548
205923,0.5610237204630467
205924,0.7501193067934425
205925,0.6375345989700983
205926,0.7485376395889483
205927,0.09259116175274178
205928,0.3245008431013403
205929,0.8419287249853423
205930,0.9336654228460011
205931,0.9263479395148645
205932,0.268015325809809
205933,0.6100735838851746
205934,0.41516037105549014
205935,0.7180905459024366
205936,0.2730784788724712
205937,0.7133000940819285
205938,0.3140382054440258
205939,0.3180969089314202
205940,0.8576499515955296
205941,0.6169774703323775
205942,0.07145681548579452
205943,0.34758954827039235
205944,0.8402743374496071
205945,0.07650633348634903
205946,0.2562209970866417
205947,0.6677226264765637
205948,0.5361306420750747
205949,0.6783170697342528
205950,0.13889583267051783
205951,0.02488853336726949
205952,0.06571190931774694
205953,0.9502729284931893
205954,0.8515550788333841
205955,0.711395730407552
205956,0.22494670963226238
205957,0.07352934492616614
205958,0.7293440171619981
205959,0.8741211066216408
205960,0.021906999786384027
205961,0.7939060362419952
205962,0.8382199880920458
205963,0.6971652705878075
205964,0.014834947573186196
205965,0.1493221101622118
205966,0.128774071565896
205967,0.9968775707773349
205968,0.10123579112902859
205969,0.44285318219624487
205970,0.37599592766145046
205971,0.14014116834302182
205972,0.8649219847196404
205973,0.37718217806482107
205974,0.1789465551015585
205975,0.9611309829516274
205976,0.43353134473527527
205977,0.2528576817667404
205978,0.45932433722235605
205979,0.7646679180623668
205980,0.39835288449738887
205981,0.0749110312197472
205982,0.030301653024029526
205983,0.9899464142059168
205984,0.4305679912372001
205985,0.43764913349180307
205986,0.7072961217338345
205987,0.7764349766613188
205988,0.755105194504161
205989,0.5077606228496371
205990,0.5949704800905368
205991,0.6418887288031597
205992,0.707427927334209
205993,0.4654692052122297
205994,0.24851718699578676
205995,0.4003390585444116
205996,0.4542748192218015
205997,0.16921112075665506
205998,0.6706178046641003
205999,0.5162370864599288
206000,0.6487789801882549
206001,0.858404425032156
206002,0.9193349725708001
206003,0.34451256925475293
206004,0.9902236604687734
206005,0.8959372059939733
206006,0.6279718754118925
206007,0.792651610528086
206008,0.9486776262265875
206009,0.8657355434254004
206010,0.3024711277559869
206011,0.547988601088078
206012,0.56828211852505
206013,0.6739720299425964
206014,0.3399130083037528
206015,0.7632498716031652
206016,0.21578849291658525
206017,0.49116220724385395
206018,0.4435531153844406
206019,0.07415201276241812
206020,0.9079678757936742
206021,0.9029728980415506
206022,0.44618468237122816
206023,0.08509187759350244
206024,0.7953649878875199
206025,0.5063107612455175
206026,0.5072743056344622
206027,0.8860836011108031
206028,0.5566877707127956
206029,0.9011457997191178
206030,0.8014734957117731
206031,0.914703596474882
206032,0.8695760859190714
206033,0.9091404911349372
206034,0.4147058689852332
206035,0.4499297794301453
206036,0.9563268960690116
206037,0.284277409883602
206038,0.28888606087600727
206039,0.6665727362388136
206040,0.11066216406615731
206041,0.6925657096368074
206042,0.7936469700619486
206043,0.73175287813436
206044,0.15523518209625445
206045,0.8939692120297609
206046,0.7637543689011503
206047,0.6319396784852355
206048,0.050558810295380896
206049,0.01987083051163298
206050,0.9158625767540371
206051,0.578485690002318
206052,0.6179410147213221
206053,0.5174415169461096
206054,0.2248967144045341
206055,0.6184227869157944
206056,0.14362719922189246
206057,0.22406043059526137
206058,0.8725939796655774
206059,0.15235363897082552
206060,0.3263143063616654
206061,0.05958522141068353
206062,0.7133546343303594
206063,0.3904172783507029
206064,0.36050195208639174
206065,0.5760631939678486
206066,0.8515959840197073
206067,0.5104330950227479
206068,0.5717136091554897
206069,0.3635880211434363
206070,0.5209548179491958
206071,0.27719172260829644
206072,0.7558005826716541
206073,0.08956417796483063
206074,0.7148454011208022
206075,0.8271119574949665
206076,0.5952840865190141
206077,0.6281764013435082
206078,0.3682784825084878
206079,0.3601701655751042
206080,0.5580694570063767
206081,0.8825384849627991
206082,0.7458469873330273
206083,0.3884129242208698
206084,0.5950931956495062
206085,0.6572236286536286
206086,0.6970016498425151
206087,0.96393071570441
206088,0.6589643715827126
206089,0.3756050558810295
206090,0.634825766631367
206091,0.33990846328305024
206092,0.12147931333827225
206093,0.8888833338635859
206094,0.9834561246426478
206095,0.9657714490889506
206096,0.03584657828116407
206097,0.4372855318355975
206098,0.6872753055390167
206099,0.03740552038214534
206100,0.5486748992141659
206101,0.6642184155148827
206102,0.2587571186386754
206103,0.304834538521323
206104,0.28301843914899033
206105,0.4032978670217843
206106,0.49125765267860794
206107,0.7564687007149318
206108,0.6011244381218156
206109,0.05792174383354316
206110,0.31411547079596946
206111,0.2984487844342131
206112,0.7208266483653833
206113,0.6193045209320929
206114,0.31644252139568496
206115,0.3627426472927584
206116,0.7968648447193677
206117,0.04632739602128887
206118,0.5223092341185614
206119,0.9839560769199304
206120,0.046631912408361016
206121,0.8138041368778435
206122,0.10129487639816198
206123,0.38363610746246946
206124,0.20104444575745042
206125,0.1993309729525818
206126,0.4901941178342067
206127,0.7971966312306553
206128,0.2175519609491821
206129,0.3705964430667981
206130,0.856304625467569
206131,0.25889801428045506
206132,0.19527226946518741
206133,0.33902218424604924
206134,0.4589925507110685
206135,0.8057140000272701
206136,0.05111330282109435
206137,0.7115638961735471
206138,0.24430395280450504
206139,0.8889333290913141
206140,0.40966998604678645
206141,0.9547770440094355
206142,0.9581130892051214
206143,0.5784811449816154
206144,0.7927925061698656
206145,0.4628058230805241
206146,0.28480463228510006
206147,0.08731893773776139
206148,0.7724580835465706
206149,0.9393148835792947
206150,0.32905495384531475
206151,0.30980679116993376
206152,0.3897764304316406
206153,0.1913862767644907
206154,0.28688625176687677
206155,0.07562005444934801
206156,0.6851755059744298
206157,0.2685107330663891
206158,0.31656523695465427
206159,0.4866671817690129
206160,0.3432445084787361
206161,0.15803491484903714
206162,0.9046863708464192
206163,0.8054731139300341
206164,0.4982933447261852
206165,0.9106767081324055
206166,0.309561360051995
206167,0.9760613759595675
206168,0.2709059589766431
206169,0.4165147872248558
206170,0.30216661136891476
206171,0.11228019143627199
206172,0.2646520104899077
206173,0.11974311542989077
206174,0.36036560146531466
206175,0.32752782688925147
206176,0.22707377932106482
206177,0.5536744219869921
206178,0.7288122497397975
206179,0.41665568286663546
206180,0.7695538153176288
206181,0.50762427222856
206182,0.16922021079806018
206183,0.4380900004999522
206184,0.7535735225273952
206185,0.4150376554965208
206186,0.4119697665222865
206187,0.5935978838383609
206188,0.4101472132205562
206189,0.3013712327459651
206190,0.9257707218856381
206191,0.12263374859672485
206192,0.2846319214984024
206193,0.10378554774316998
206194,0.5202685198231078
206195,0.6176637684584654
206196,0.2809686348121316
206197,0.5607055690138669
206198,0.0650665163779821
206199,0.3648697169815608
206200,0.27778712032033304
206201,0.5093468350748338
206202,0.3788092954763409
206203,0.7937106003517845
206204,0.4541339235800219
206205,0.44991614436803756
206206,0.41800555401529854
206207,0.2071347734988933
206208,0.8804750455638325
206209,0.8775162370864599
206210,0.07814708595997653
206211,0.3172197199358243
206212,0.6939292158475783
206213,0.3443625835715681
206214,0.483953804409579
206215,0.8273028483644743
206216,0.08642356865935523
206217,0.36230632530531176
206218,0.5725135327991419
206219,0.6965335127101504
206220,0.6541739197622046
206221,0.8397607501102168
206222,0.4919621308875062
206223,0.8572863499393241
206224,0.23643652196835757
206225,0.25910254021207063
206226,0.6679362424495844
206227,0.18049640716113463
206228,0.07490194117834206
206229,0.20695297267079052
206230,0.36931474722867363
206231,0.3644015798491962
206232,0.2178655673776594
206233,0.688770617350162
206234,0.6327850523359134
206235,0.534903486485381
206236,0.2237695492702969
206237,0.3873812045213866
206238,0.07818344612559709
206239,0.6777534871671341
206240,0.7232309643170425
206241,0.6845119329518545
206242,0.6809849968866608
206243,0.17058826202953356
206244,0.015284904622740556
206245,0.8123270051495085
206246,0.1108121497493421
206247,0.46781898091545804
206248,0.003040618850018862
206249,0.043091341281059535
206250,0.9136446066511833
206251,0.27032874134741686
206252,0.9242617750123852
206253,0.7601456224633103
206254,0.6648410833511347
206255,0.06543920807559277
206256,0.9001004449575268
206257,0.17057008194672327
206258,0.838556319624036
206259,0.7114230005317675
206260,0.9232709604992251
206261,0.7707037055553788
206262,0.8517323346407843
206263,0.8557455879211531
206264,0.3327591457179087
206265,0.07846069238845382
206266,0.989214665872803
206267,0.9385149599356425
206268,0.5259725208048323
206269,0.5960249248935329
206270,0.2997168452102299
206271,0.8987732989123767
206272,0.8723758186718541
206273,0.9450870598715577
206274,0.6529467641725107
206275,0.4003481485858168
206276,0.10575354170738246
206277,0.005144963435308447
206278,0.9772158112180201
206279,0.2952536348803068
206280,0.8485190050040678
206281,0.6319260434231279
206282,0.8909422282418497
206283,0.570940955636053
206284,0.6001336236086555
206285,0.5383531571986311
206286,0.09854513887310756
206287,0.899655032928675
206288,0.09219574495161825
206289,0.06887978874743775
206290,0.9200712659246163
206291,0.4529431281559487
206292,0.39225346671454087
206293,0.8931920134896215
206294,0.6728175946841438
206295,0.9485412756055104
206296,0.6677635316628867
206297,0.4998704669099767
206298,0.4609923598201989
206299,0.6025833897673404
206300,0.10298562409951777
206301,0.5737725035337536
206302,0.6218224624013162
206303,0.8501733925398031
206304,0.5841351507356116
206305,0.7359479322428314
206306,0.2137659587039419
206307,0.9052999486412662
206308,0.827675540062085
206309,0.6762309052317733
206310,0.3050299744115334
206311,0.8706078056185547
206312,0.01454406624822176
206313,0.4784270592352548
206314,0.6935428890878598
206315,0.377541234700324
206316,0.8445966521377506
206317,0.2208016507515192
206318,0.06476199999090995
206319,0.39892101208521
206320,0.49729798519232254
206321,0.06951609164579745
206322,0.4252594070565991
206323,0.6625140327514192
206324,0.08653719417691948
206325,0.40777016739311245
206326,0.9679394239640762
206327,0.4697051645070243
206328,0.24534930756609596
206329,0.5886119961276424
206330,0.4158966644093064
206331,0.29299021457042734
206332,0.6119461324146332
206333,0.02876998104726367
206334,0.12688334295362716
206335,0.27070597806573005
206336,0.2688243394948664
206337,0.7853295821762468
206338,0.44223960440139803
206339,0.6713995482249422
206340,0.7415064925620737
206341,0.19246799169170214
206342,0.3075206457565414
206343,0.8448102681107713
206344,0.7169724708096045
206345,0.9032183291594894
206346,0.3403038800841738
206347,0.16519786747628637
206348,0.28748164947891336
206349,0.16971107303393768
206350,0.28164129787611175
206351,0.7430472545802447
206352,0.5788811068034415
206353,0.8300025906618005
206354,0.4920257611773421
206355,0.34276273628426374
206356,0.392980670026952
206357,0.46947336845119325
206358,0.7117184268774345
206359,0.3284641011539807
206360,0.4060430595261361
206361,0.9707936969652897
206362,0.07343844451211476
206363,0.8926557010467183
206364,0.31720608487371654
206365,0.968648447193677
206366,0.09579540134805314
206367,0.02005263133973575
206368,0.4517386976697679
206369,0.6520604851355098
206370,0.8390153667149954
206371,0.3051981401775285
206372,0.477981647206403
206373,0.9965685093695602
206374,0.6661091441271515
206375,0.3995027747351389
206376,0.6839938005917617
206377,0.44728457738124994
206378,0.4169829243572204
206379,0.1295876302716559
206380,0.06953427172860772
206381,0.5983792456174638
206382,0.5215729407647453
206383,0.5748087682539395
206384,0.06625276678135268
206385,0.7678039823471396
206386,0.45178414787679355
206387,0.32732330095763584
206388,0.6564100699478687
206389,0.3822044259411601
206390,0.3244008526458838
206391,0.7833070479636035
206392,0.9065907345207959
206393,0.8664536566964063
206394,0.8642856818212807
206395,0.9535271633162289
206396,0.40994268728894057
206397,0.4856263720281246
206398,0.8570954590698161
206399,0.5050745156144186
206400,0.5160825557560415
206401,0.4701596665772812
206402,0.6100781289058772
206403,0.572945309765886
206404,0.7974466073692966
206405,0.4793087932515533
206406,0.2366228678171629
206407,0.9934597152090028
206408,0.5502065711909317
206409,0.6696542602751556
206410,0.2509533180923639
206411,0.22487398930102126
206412,0.15242635930206663
206413,0.28118679580585487
206414,0.5656687316210726
206415,0.883911081214975
206416,0.47146408751891866
206417,0.2754327995964021
206418,0.84259684302862
206419,0.7378795660414234
206420,0.8794978661127801
206421,0.8078819749023957
206422,0.6344258048095409
206423,0.8866562737193268
206424,0.7457515418982734
206425,0.4977661223246872
206426,0.11668431649706164
206427,0.015584875989110129
206428,0.12925129873966576
206429,0.2043350407461106
206430,0.9572404452302281
206431,0.18740938364974255
206432,0.9701346689634172
206433,0.6316897023465942
206434,0.7641225155780584
206435,0.35380713659150714
206436,0.9443325864349312
206437,0.603706009880875
206438,0.8636311988401107
206439,0.8570136486971699
206440,0.7587957513146473
206441,0.7789710982133524
206442,0.8174856036469247
206443,0.14534067202676107
206444,0.10715340808377383
206445,0.3825952977215811
206446,0.6453793047027329
206447,0.7123547297757942
206448,0.1490675890028679
206449,0.09746342394589608
206450,0.5679503320137623
206451,0.5092013944123516
206452,0.5301584848718986
206453,0.8706123506392572
206454,0.551733698146995
206455,0.24412669699710482
206456,0.8338113180105536
206457,0.26707905154507977
206458,0.8467555369714709
206459,0.11028947236854664
206460,0.33669513364633374
206461,0.27130137577776664
206462,0.9752887224401308
206463,0.5251226019334518
206464,0.7090277746215135
206465,0.7718854109380469
206466,0.05940796560328332
206467,0.8887288031596984
206468,0.6279400602669745
206469,0.25678912467446285
206470,0.7411701610300835
206471,0.2105980792742511
206472,0.6509242299598675
206473,0.27303302866544554
206474,0.3228737256898205
206475,0.24294044659373426
206476,0.7178769299294159
206477,0.1473813863222147
206478,0.3563114429986229
206479,0.7852250467000877
206480,0.8621177069461552
206481,0.5836942837274625
206482,0.8881379504683644
206483,0.7087141681930362
206484,0.8182764372491718
206485,0.9276523604565019
206486,0.3737734125378941
206487,0.0385508655991928
206488,0.1184523295503611
206489,0.9439053544888897
206490,0.9772158112180201
206491,0.482835729316747
206492,0.26159775657778117
206493,0.37732307370660073
206494,0.9404011435272088
206495,0.38689488730621163
206496,0.6234313997300258
206497,0.09536816940201162
206498,0.6484835538425877
206499,0.8932738238622677
206500,0.5172551710973043
206501,0.3912671972220833
206502,0.7685084605560378
206503,0.5165870530540267
206504,0.9105948977597593
206505,0.08156494152830866
206506,0.34858945282495757
206507,0.7098640584307861
206508,0.8453011303466488
206509,0.023093250189754614
206510,0.6222496943473578
206511,0.40164802450675163
206512,0.509619536316988
206513,0.20004454120288517
206514,0.16053013121474768
206515,0.83833361360961
206516,0.6938019552679062
206517,0.8810022679653307
206518,0.8114543611746152
206519,0.4882079437871839
206520,0.7564596106735267
206521,0.05358124906258948
206522,0.15330354829766252
206523,0.11224383127065143
206524,0.455683775639598
206525,0.17622863272142206
206526,0.7080324150876507
206527,0.9663532117388794
206528,0.840983360679208
206529,0.09281841278787024
206530,0.4323587293940124
206531,0.8372518986823986
206532,0.5872712150203845
206533,0.058894378263892995
206534,0.760054722049259
206535,0.8011871594075111
206536,0.5930297562505398
206537,0.6803305139054908
206538,0.3052526804259593
206539,0.6686270855963748
206540,0.28489098767844884
206541,0.34243094977297617
206542,0.3439444416669317
206543,0.8118543229964413
206544,0.5737815935751588
206545,0.1561487312574709
206546,0.38223169606537555
206547,0.2602478854291181
206548,0.5093695601783467
206549,0.09300021361597301
206550,0.7538371337281441
206551,0.7084778271165025
206552,0.002313415537607774
206553,0.9517909654078475
206554,0.35049836152003666
206555,0.8328114134559884
206556,0.2369319292249376
206557,0.44817994645965614
206558,0.5883892901132165
206559,0.34430349830243473
206560,0.4271228655446525
206561,0.3800273610246295
206562,0.549065770994587
206563,0.16062103162879907
206564,0.7065461933179106
206565,0.7088141586484926
206566,0.9220028997232083
206567,0.16602960626485652
206568,0.26675635507519735
206569,0.7739670304198236
206570,0.5990473636607415
206571,0.07439744388035688
206572,0.71404547747715
206573,0.5854213915944387
206574,0.650201571668159
206575,0.8904831811508902
206576,0.690311379368333
206577,0.15097649769794702
206578,0.9267660814195009
206579,0.4124788088409742
206580,0.9345744269865149
206581,0.4376218633675876
206582,0.03888719713118293
206583,0.1154889760522859
206584,0.18069638807204766
206585,0.42165066061875905
206586,0.17315165370578264
206587,0.36938746755991475
206588,0.787079415146736
206589,0.25914799041909636
206590,0.14110016771126394
206591,0.3100658573499802
206592,0.9673622063348498
206593,0.546911431181569
206594,0.6044832084210144
206595,0.7061780466410025
206596,0.7842842274146559
206597,0.34858945282495757
206598,0.9578176628594544
206599,0.9454188463828453
206600,0.01188977415792129
206601,0.38088182491671246
206602,0.5031519718572318
206603,0.34115834397625683
206604,0.8829566268674355
206605,0.935597056644593
206606,0.8517459697028921
206607,0.5930888415196731
206608,0.9715845305675368
206609,0.6815985746815076
206610,0.3610700796742129
206611,0.4949163943441762
206612,0.6895160007453834
206613,0.7575458706214407
206614,0.7286531740152076
206615,0.2600479045182051
206616,0.5780130078492508
206617,0.10664436576508605
206618,0.07903791001768012
206619,0.6067920789379196
206620,0.04456392798869199
206621,0.5041564214324997
206622,0.822862363138064
206623,0.36997377523054614
206624,0.5301675749133038
206625,0.4523840906095327
206626,0.3935578876561782
206627,0.4976388617450152
206628,0.813176924020889
206629,0.09311838415423983
206630,0.6862935810672618
206631,0.3376677680766835
206632,0.5871348643993074
206633,0.3746869616991105
206634,0.8300162257239082
206635,0.4906667999872739
206636,0.989732798232896
206637,0.31029310838510865
206638,0.5469932415542154
206639,0.8712804686825348
206640,0.14180464592016218
206641,0.8231759695665414
206642,0.13552342730921138
206643,0.9803973257098186
206644,0.5109103221965177
206645,0.7643043164061613
206646,0.49587539371241834
206647,0.6579826471109577
206648,0.02889724162693561
206649,0.11946132414633148
206650,0.5008021961540036
206651,0.016871116847937247
206652,0.10639438962644475
206653,0.22136977833934035
206654,0.8052867680812286
206655,0.9203621472495808
206656,0.5781948086773536
206657,0.17658314433622244
206658,0.446207407474741
206659,0.8688806977515783
206660,0.06763445307493375
206661,0.16166638639039002
206662,0.8978415696683498
206663,0.45104785452297735
206664,0.12858772571709065
206665,0.2186064057521782
206666,0.611041673294822
206667,0.03174242458674399
206668,0.9515409892692062
206669,0.3902445675640053
206670,0.21079351516446157
206671,0.7312074756500516
206672,0.6973879766022335
206673,0.35129374014298637
206674,0.46589189213756865
206675,0.11477086278127996
206676,0.19848105408120134
206677,0.82243058617132
206678,0.546184227869158
206679,0.4007162952627249
206680,0.6661909544997977
206681,0.43802637021011626
206682,0.10476272719422237
206683,0.9941505583557934
206684,0.49541634662145884
206685,0.9534226278400698
206686,0.45502929265842806
206687,0.9726344303498303
206688,0.9318701396684862
206689,0.5704273682966626
206690,0.8735757041373324
206691,0.06796623958622132
206692,0.7049508910513087
206693,0.9629035410256295
206694,0.9706300762199972
206695,0.8735529790338196
206696,0.3096977106730721
206697,0.477981647206403
206698,0.7602501579394694
206699,0.5106058058094455
206700,0.7185359579312883
206701,0.3015439435326628
206702,0.7866067329936688
206703,0.4104471845869258
206704,0.7706855254725685
206705,0.5653596702132979
206706,0.0062812186109507725
206707,0.5804445939251254
206708,0.9038273619336337
206709,0.20012635157553144
206710,0.04585471386822167
206711,0.9394057839933462
206712,0.930256657319074
206713,0.43950350193845134
206714,0.7903518300525859
206715,0.042605024065884615
206716,0.5968702987442108
206717,0.06848437194631421
206718,0.8895014566791352
206719,0.7476468155312448
206720,0.21433408629176307
206721,0.14961299148717624
206722,0.15016748401288968
206723,0.8056640047995419
206724,0.24091791238109092
206725,0.5236091100394963
206726,0.8027415564877899
206727,0.6060557855841034
206728,0.5731952859045273
206729,0.18829566268674353
206730,0.15261270515087197
206731,0.016752946309670443
206732,0.7696083555660597
206733,0.245612918766845
206734,0.6615595784038797
206735,0.18038732666427296
206736,0.1662295871757696
206737,0.007931061125983428
206738,0.8153948941237427
206739,0.6391617163816182
206740,0.8638448148131316
206741,0.3246190136396071
206742,0.8592543439035366
206743,0.396525786174956
206744,0.06343939896646228
206745,0.7333754505251772
206746,0.18986823984983253
206747,0.3122611023493212
206748,0.3276869026138414
206749,0.0561991809872694
206750,0.5894619149990229
206751,0.4156512332913676
206752,0.463587566641366
206753,0.9024547656814577
206754,0.33743142700015
206755,0.18933192740692933
206756,0.19083632925947977
206757,0.5718090545902437
206758,0.27401020811649796
206759,0.2601660750564719
206760,0.4648828975415983
206761,0.5069334290817695
206762,0.2451220565309675
206763,0.08461010539903009
206764,0.8664627467378114
206765,0.5359033910399462
206766,0.9457506328941329
206767,0.08679626035696592
206768,0.34904395489521456
206769,0.2967898518777753
206770,0.5501702110253113
206771,0.5001477131728336
206772,0.12549711163934354
206773,0.6240404325041701
206774,0.392980670026952
206775,0.16802941537398702
206776,0.19479049727071507
206777,0.2737375068743438
206778,0.6436840119806746
206779,0.9104676371800874
206780,0.41104258229896234
206781,0.2859317974193372
206782,0.866994514160012
206783,0.6123324591743516
206784,0.030128942237331893
206785,0.11930679344244412
206786,0.3368769344744365
206787,0.8021734288999686
206788,0.40564764272501264
206789,0.05726271583167061
206790,0.39531226564737
206791,0.6050240658846202
206792,0.8274528340476591
206793,0.7954695233636789
206794,0.7827889156035106
206795,0.9127174224278591
206796,0.7461787738443149
206797,0.7017557414974025
206798,0.7372841683293867
206799,0.5246044695733589
206800,0.6836892842046896
206801,0.5294267365387849
206802,0.7476695406347577
206803,0.3039800746292399
206804,0.009862694924575382
206805,0.5901709382286237
206806,0.6801668931601984
206807,0.7878566136868754
206808,0.7184586925793448
206809,0.9640034360356512
206810,0.13256916385254136
206811,0.8512096572599888
206812,0.025320310334013572
206813,0.7764622467855341
206814,0.0779016548420378
206815,0.9451325100785835
206816,0.5211593438808114
206817,0.22811004404125063
206818,0.9061862276782672
206819,0.4425850259747933
206820,0.9347471377732126
206821,0.5097831570622804
206822,0.3160380145531563
206823,0.3223374132469173
206824,0.6450838783570659
206825,0.3178378427513737
206826,0.36475609146399657
206827,0.4593379722844637
206828,0.5590602715195369
206829,0.24124969889237846
206830,0.6768217579231074
206831,0.9125356215997564
206832,0.7780211888865154
206833,0.6889796883024802
206834,0.9281750378372974
206835,0.45919707664268405
206836,0.33394539612127927
206837,0.8191581712654702
206838,0.7382477127183315
206839,0.2695015475795492
206840,0.9716436158366701
206841,0.5513564614286819
206842,0.3729780339149445
206843,0.6629458097181633
206844,0.46309670440548856
206845,0.1257198176537694
206846,0.24399034637602773
206847,0.9192349821153436
206848,0.022997804755000663
206849,0.20336240631576077
206850,0.009917235173006212
206851,0.7519236800123624
206852,0.48798523777275804
206853,0.5712727421473406
206854,0.9536680589580087
206855,0.7377068552547257
206856,0.24586743992618887
206857,0.11612073392994304
206858,0.049854332086482656
206859,0.8658991641706928
206860,0.8957690402279782
206861,0.6976606778443876
206862,0.1360279246071966
206863,0.5604783179787385
206864,0.007708355111557532
206865,0.7032510533085478
206866,0.6964380672753965
206867,0.26538830384372397
206868,0.4147694992750692
206869,0.3039664395671322
206870,0.83702464764727
206871,0.8466055512882862
206872,0.18665491021311603
206873,0.2974352448175401
206874,0.30442094163738914
206875,0.9146354211643435
206876,0.7222628749073952
206877,0.025047609091859414
206878,0.7809572722603751
206879,0.8987096686225406
206880,0.7855159280250522
206881,0.5724408124679008
206882,0.3772958035823853
206883,0.7625999336426978
206884,0.15840760654664782
206885,0.5761722744647102
206886,0.13496438976279537
206887,0.0862372228105499
206888,0.674272001308966
206889,0.6561055535607965
206890,0.8818430967953059
206891,0.9559723844542112
206892,0.39424873080296874
206893,0.25232136932383725
206894,0.08253757595865847
206895,0.017048372655337447
206896,0.3102658382608932
206897,0.459683393857859
206898,0.30805241317874205
206899,0.8641311511173934
206900,0.47110503088341565
206901,0.4247594547793165
206902,0.8890924048159039
206903,0.8275755496066284
206904,0.6672726694270092
206905,0.360583762459038
206906,0.40800650846964603
206907,0.4021752469082497
206908,0.18462783097977012
206909,0.8034733048209035
206910,0.8280255066561828
206911,0.8603724189963685
206912,0.4236731948314024
206913,0.15978020279882374
206914,0.5636007472014036
206915,0.22276964471573169
206916,0.8545956976834029
206917,0.12286099963185332
206918,0.8513278277982557
206919,0.3513573704328223
206920,0.26321578394789585
206921,0.8335931570168302
206922,0.5619054544793451
206923,0.019975365987792076
206924,0.891983037982738
206925,0.09944505297221629
206926,0.8757164088882424
206927,0.7315392621613391
206928,0.4639375332354639
206929,0.5707955149735708
206930,0.793042482308507
206931,0.21756105099058726
206932,0.44306225314856307
206933,0.9220119897646134
206934,0.9926279764204325
206935,0.9077497147999509
206936,0.834134014480436
206937,0.6299944096245359
206938,0.34463982983442487
206939,0.19469050681525854
206940,0.036932838229078134
206941,0.27793256098281527
206942,0.2343458124451757
206943,0.14207734716231632
206944,0.23075524609014594
206945,0.6495334536248812
206946,0.5957931288377019
206947,0.6094100108625995
206948,0.28751800964453395
206949,0.8387017602865181
206950,0.977629408101954
206951,0.33550888324296313
206952,0.4368946600551765
206953,0.45258861654114835
206954,0.5970748246758264
206955,0.1432681425863895
206956,0.27421473404811353
206957,0.9480413233282278
206958,0.8685716363438036
206959,0.9644170329195849
206960,0.6941655569241117
206961,0.9342699105994429
206962,0.9374741501947541
206963,0.03857359070270565
206964,0.6512651065125602
206965,0.980815467614455
206966,0.043950350193845134
206967,0.08056958199444599
206968,0.9238890833147745
206969,0.8989823698646947
206970,0.004340494770953681
206971,0.4405579467414474
206972,0.06736629685348217
206973,0.8301162161793647
206974,0.7557960376509515
206975,0.16702951081942177
206976,0.9476095463614838
206977,0.10501270333286368
206978,0.2936628776344076
206979,0.19347244126696997
206980,0.35937024193145195
206981,0.618004645011158
206982,0.4888397016648411
206983,0.30746156048740797
206984,0.019475413710509454
206985,0.9960912821957905
206986,0.47456833665877346
206987,0.9634080383236145
206988,0.38783116157094094
206989,0.02830184391489903
206990,0.24776271355916027
206991,0.8089773248917149
206992,0.26904704550929226
206993,0.8333704510024044
206994,0.10905322673744779
206995,0.22626022061530493
206996,0.2789142854545702
206997,0.10717613318728667
206998,0.5247817253807591
206999,0.1715245362942628
207000,0.9609264570200117
207001,0.41186977606682995
207002,0.5809309111403003
207003,0.1722381045445662
207004,0.3332409179123811
207005,0.8298889651442363
207006,0.813481440407961
207007,0.7414837674585608
207008,0.8904195508610542
207009,0.5553606246676454
207010,0.301393957849478
207011,0.7942923630017136
207012,0.4978888378836565
207013,0.34974388808341017
207014,0.11159843833088659
207015,0.39167624908531457
207016,0.620327150590171
207017,0.611514355447889
207018,0.26863799364606106
207019,0.6354757045918344
207020,0.7400748110407642
207021,0.9688075229182669
207022,0.9627126501561215
207023,0.6663409401829826
207024,0.4773862494943664
207025,0.883224783088887
207026,0.336154276182728
207027,0.41570577353979843
207028,0.9031774239731662
207029,0.021597938378609315
207030,0.9159943823544116
207031,0.016612050667890794
207032,0.9679166988605633
207033,0.045518382336231546
207034,0.45672913040118895
207035,0.5594375082378501
207036,0.22750555628780889
207037,0.054008481008630996
207038,0.6338804023252327
207039,0.08259666122779188
207040,0.08671444998431968
207041,0.3077842569572904
207042,0.1762786279491503
207043,0.190949954777044
207044,0.6957790392735239
207045,0.9101722108344205
207046,0.22785097786120415
207047,0.16136187000331786
207048,0.14170920048540822
207049,0.8351839142627295
207050,0.10727612364274318
207051,0.6349802973352544
207052,0.28219579040182524
207053,0.014262274964662463
207054,0.9683257507237946
207055,0.4852582253512165
207056,0.02572027215583967
207057,0.45844260320605756
207058,0.6912249285295495
207059,0.2181473586612187
207060,0.9358197626590189
207061,0.6812122479217892
207062,0.3209511819326337
207063,0.17935106194408718
207064,0.3482713013757777
207065,0.16014834947573187
207066,0.973566159593857
207067,0.09801337145090695
207068,0.31627890065039244
207069,0.8717713309184123
207070,0.5119784020616214
207071,0.46059239799837287
207072,0.34538521322964627
207073,0.5771176387708447
207074,0.03492848409924507
207075,0.4706141686475382
207076,0.2946491471268652
207077,0.09809063680285063
207078,0.11522081983083432
207079,0.9555087923425492
207080,0.24491298557864932
207081,0.16968380290972226
207082,0.914017298348794
207083,0.9497229809881784
207084,0.7213856859117994
207085,0.19076815394894123
207086,0.9938778571136392
207087,0.24499025093059298
207088,0.41404229596265807
207089,0.9625762995350444
207090,0.47879066089146033
207091,0.08225123965439661
207092,0.574390626349303
207093,0.4075247362751737
207094,0.26692452084119245
207095,0.35264815631235197
207096,0.5826489289658715
207097,0.05308584180600943
207098,0.11875684593743324
207099,0.6645092968398472
207100,0.7174451529626718
207101,0.18838201808009236
207102,0.28077319892192104
207103,0.8024870353284459
207104,0.742251875957295
207105,0.2733829952595434
207106,0.4339313065571013
207107,0.054849309838606315
207108,0.3930170301925725
207109,0.22349230300744022
207110,0.8314569972866227
207111,0.5472932129205849
207112,0.041582394407806526
207113,0.01123983619745388
207114,0.17965103331045673
207115,0.6039741661023267
207116,0.8151767331300194
207117,0.5032019670849601
207118,0.19491321282968446
207119,0.6361483676558147
207120,0.8440148894878216
207121,0.5161280059630672
207122,0.858236259266161
207123,0.03736007017511965
207124,0.31624254048477185
207125,0.5092468446193773
207126,0.6162457219992638
207127,0.9341881002267965
207128,0.6981469950595626
207129,0.9039500774926029
207130,0.5844351221019811
207131,0.16947927697810664
207132,0.010580808195581331
207133,0.9418782752555438
207134,0.12313824589471004
207135,0.9883874721049355
207136,0.7288758800296335
207137,0.3366451384186055
207138,0.3703146517832388
207139,0.04711368460283337
207140,0.3853041300603124
207141,0.13977756668681626
207142,0.6940746565100604
207143,0.20427141045627464
207144,0.8498552410906232
207145,0.7285713636425614
207146,0.06706178046641002
207147,0.7029601719835834
207148,0.5902709286840802
207149,0.4306679816926566
207150,0.6289672349457552
207151,0.5976565873257552
207152,0.6937974102472038
207153,0.2711332100117716
207154,0.8042732284645557
207155,0.11071670431458815
207156,0.9345244317587867
207157,0.9179305611737061
207158,0.7415201276241814
207159,0.3149517546052422
207160,0.19259979729207669
207161,0.5915844396671227
207162,0.6425250317015195
207163,0.07191131755605146
207164,0.07112957399520954
207165,0.3519436781034538
207166,0.4024888533367269
207167,0.5316537966830439
207168,0.12022034260366055
207169,0.9384331495629963
207170,0.18244167602183428
207171,0.6036469246117416
207172,0.5589875511882957
207173,0.8535867030874326
207174,0.9427827343753551
207175,0.052076847210039044
207176,0.8629903509210485
207177,0.2599070088764254
207178,0.6517832388726531
207179,0.4033796773944305
207180,0.6702042077801665
207181,0.14912212925129875
207182,0.4383899718663218
207183,0.4901077624408579
207184,0.49252571345462476
207185,0.9077042645929253
207186,0.957631317010649
207187,0.14550883779275617
207188,0.7357252262284055
207189,0.6208134678053459
207190,0.5163961621845188
207191,0.7833070479636035
207192,0.9496593506983425
207193,0.8257030010771699
207194,0.2582935265270133
207195,0.6437840024361312
207196,0.2269147035964749
207197,0.22278327977783938
207198,0.38983551570077396
207199,0.31702882906631635
207200,0.060666936337895015
207201,0.7812708786888525
207202,0.9157353161743652
207203,0.051363278959735664
207204,0.6233359542952719
207205,0.7489239663486668
207206,0.3806727539643943
207207,0.44086700814922214
207208,0.2566073238463601
207209,0.519064089336927
207210,0.14384536021561578
207211,0.841487857977193
207212,0.46276946291490356
207213,0.8385744997068462
207214,0.23880447775439617
207215,0.875121011176206
207216,0.21600665391030857
207217,0.49839788020234427
207218,0.6827893701055808
207219,0.6619731752878134
207220,0.33901763922534667
207221,0.7806073056662773
207222,0.7699674122015626
207223,0.5619645397484786
207224,0.028079137900473138
207225,0.29098586044059427
207226,0.6250948773071662
207227,0.3277732580071902
207228,0.2871998581953541
207229,0.26952427268306206
207230,0.9203257870839602
207231,0.686016334804405
207232,0.7638589043773095
207233,0.007681084987342116
207234,0.037573686148140405
207235,0.2860681480404143
207236,0.4729003140609305
207237,0.8122951900045905
207238,0.5551333736325169
207239,0.3622381499947732
207240,0.7029692620249886
207241,0.5389167397657497
207242,0.44268047140954725
207243,0.5743679012457902
207244,0.24971707246126507
207245,0.651615073106658
207246,0.7391567168588453
207247,0.4230823421400684
207248,0.4600697206175774
207249,0.1335827034692143
207250,0.7032419632671427
207251,0.528117770576445
207252,0.19341335599783657
207253,0.8156812304280047
207254,0.8401198067457198
207255,0.6497197994736866
207256,0.3470032405997609
207257,0.8326568827521009
207258,0.9593902400225434
207259,0.8722667381749925
207260,0.6462246785534108
207261,0.49408465555560604
207262,0.40360238340885646
207263,0.4130787515737134
207264,0.7433245008431013
207265,0.6736447884520114
207266,0.48850337013285094
207267,0.3405947614091382
207268,0.4592243467668995
207269,0.2728148676717222
207270,0.5436617413792321
207271,0.9720299425963885
207272,0.6463519391330828
207273,0.38855836488335205
207274,0.13176924020888917
207275,0.09191849868876152
207276,0.15693956485971794
207277,0.04963617109275933
207278,0.5862122251966858
207279,0.610196299444144
207280,0.7847841796919386
207281,0.14634512160202892
207282,0.9502047531826507
207283,0.7625681184977798
207284,0.5769721981083624
207285,0.01670749610264475
207286,0.9425600283609292
207287,0.1895319083178424
207288,0.2557619499956822
207289,0.1938678580680935
207290,0.6352211834324906
207291,0.7509828607269307
207292,0.2962989896418978
207293,0.32987305757177726
207294,0.6678453420355329
207295,0.10850782425313947
207296,0.9949913871857686
207297,0.8648219942641839
207298,0.10249930688434285
207299,0.48087228037323704
207300,0.5380213706873436
207301,0.5214047749987502
207302,0.4915712591070852
207303,0.9778021188886515
207304,0.44937528690443185
207305,0.5166143231782421
207306,0.14122742829093587
207307,0.8020188981960813
207308,0.8313570068311661
207309,0.4890760427413747
207310,0.27938242258693485
207311,0.08431467905336308
207312,0.3897446152867226
207313,0.8128405924888988
207314,0.01468496189000141
207315,0.32031487903427397
207316,0.7177951195567696
207317,0.36704678189809153
207318,0.9358106726176139
207319,0.3516527967784893
207320,0.16386163138973098
207321,0.7884656464610197
207322,0.39599856377345793
207323,0.2236877388976507
207324,0.5414574063384859
207325,0.22286509015048564
207326,0.334940755655142
207327,0.10378100272246739
207328,0.8236032015125829
207329,0.8055958294890033
207330,0.6593552433631336
207331,0.8100181346326033
207332,0.7808436467428109
207333,0.8223533208193764
207334,0.518514141831916
207335,0.9898464237504603
207336,0.701296694406443
207337,0.026552010944409853
207338,0.012330641166070511
207339,0.6004790451820508
207340,0.033455897391612616
207341,0.11463451216020289
207342,0.975834124924439
207343,0.7420018998186537
207344,0.8450556992287099
207345,0.5925343489939596
207346,0.870307834252185
207347,0.4880534130832966
207348,0.8372473536616959
207349,0.6757764031615164
207350,0.3064843810363556
207351,0.1754241640570673
207352,0.7222037896382618
207353,0.2683652924039069
207354,0.08798705578103908
207355,0.9788974688779707
207356,0.2640566127778712
207357,0.13436444703005623
207358,0.46855072924857166
207359,0.3371496357165907
207360,0.09850423368678443
207361,0.7485967248580818
207362,0.27855522881906725
207363,0.2393635153008122
207364,0.18061457769940145
207365,0.06577553960758291
207366,0.9317428790888143
207367,0.908372382636203
207368,0.5038791751696429
207369,0.5730316651592349
207370,0.9496866208225578
207371,0.6701360324696279
207372,0.33407720172165384
207373,0.9282750282927539
207374,0.20076719949459368
207375,0.061894091927588726
207376,0.9255798310161304
207377,0.5137827752805414
207378,0.8179264706550738
207379,0.122938264983797
207380,0.2341094713686421
207381,0.9955004295044564
207382,0.6588052958581226
207383,0.5813990482726649
207384,0.05394939573949759
207385,0.6205362215424892
207386,0.6837438244531204
207387,0.16866117325164415
207388,0.8279346062421314
207389,0.8167265851895956
207390,0.7657905381759014
207391,0.36893751051036033
207392,0.5206866617277442
207393,0.48771708155130644
207394,0.41117438789933686
207395,0.27080142350048403
207396,0.962421768831157
207397,0.9578449329836697
207398,0.7297348889424192
207399,0.9556678680671391
207400,0.5132919130446639
207401,0.5025656641866003
207402,0.8924829902600206
207403,0.1545034337631408
207404,0.7720763018075547
207405,0.08658264438394517
207406,0.9819517227900973
207407,0.8070320560310152
207408,0.10839874375627781
207409,0.23741824644011253
207410,0.8659037091913954
207411,0.17865567377659405
207412,0.5122420132623705
207413,0.05848532640066176
207414,0.028338204080519586
207415,0.8346521468405289
207416,0.41432863226691996
207417,0.4504070066039151
207418,0.9668713440989724
207419,0.24549929324928074
207420,0.606819349062135
207421,0.9773567068597997
207422,0.3539207621090714
207423,0.3880765926888797
207424,0.5030065311947496
207425,0.8435558423968621
207426,0.9751296467155408
207427,0.38180900914003657
207428,0.9931142936356075
207429,0.9428509096858937
207430,0.36381072715786217
207431,0.28480463228510006
207432,0.030183482485762726
207433,0.39812108844155786
207434,0.5999472777598502
207435,0.12836047468196218
207436,0.4466210043586748
207437,0.6623731371096395
207438,0.34421714290908595
207439,0.3599883647470014
207440,0.740574763318047
207441,0.5913890037769122
207442,0.27191040855191095
207443,0.9818380972725331
207444,0.671981310874871
207445,0.9818971825416665
207446,0.17458333522709196
207447,0.5902163884356494
207448,0.38001372596252175
207449,0.4884624649465278
207450,0.440467046327396
207451,0.24464028433649518
207452,0.4208780070993223
207453,0.1310511269378832
207454,0.9338835838397244
207455,0.8318978642947719
207456,0.5947432290554083
207457,0.8540412051576894
207458,0.3844133060026088
207459,0.3142063712100208
207460,0.3078706123506393
207461,0.11218020098081546
207462,0.19503592838865383
207463,0.2885315492612069
207464,0.33998572863499393
207465,0.25208502824730367
207466,0.9303202876089101
207467,0.01682112162020898
207468,0.4746774171556351
207469,0.34920303061980446
207470,0.6449066225496658
207471,0.9021593393357906
207472,0.8636493789229209
207473,0.8652719513137384
207474,0.7258807113866405
207475,0.7592593434263094
207476,0.47671358643038614
207477,0.6810713522800097
207478,0.5995018657309984
207479,0.30184845991973486
207480,0.342876361801828
207481,0.6036423795910391
207482,0.693056571872685
207483,0.9625353943487213
207484,0.5698410606260311
207485,0.319037728216852
207486,0.19931279286977152
207487,0.6000927184223324
207488,0.619545407029329
207489,0.6133050936047014
207490,0.6879206984787816
207491,0.7106139868467101
207492,0.9314838129087679
207493,0.5535517064280229
207494,0.11313011030765245
207495,0.6325441662386773
207496,0.9596493062025898
207497,0.555892392089846
207498,0.44183509755886935
207499,0.32459174351539166
207500,0.13187377568504827
207501,0.492016671135937
207502,0.31673794774135194
207503,0.14802677926197955
207504,0.48662173156198724
207505,0.08272392180746382
207506,0.8872834865762813
207507,0.22538757664041162
207508,0.6302080255975566
207509,0.30805695819944456
207510,0.8464692006672091
207511,0.07564277955286086
207512,0.12731057489966868
207513,0.43590839056271896
207514,0.7671085941796466
207515,0.778816567509465
207516,0.01670749610264475
207517,0.5764131605619464
207518,0.27443744006253945
207519,0.5419982638020917
207520,0.5736816031197022
207521,0.5332263738461329
207522,0.6300444048522641
207523,0.9627353752596344
207524,0.6039150808331932
207525,0.9311702064802906
207526,0.4210552629067225
207527,0.6862935810672618
207528,0.899391421727926
207529,0.6926111598438331
207530,0.7637861840460684
207531,0.6873798410151759
207532,0.5517018830020771
207533,0.4774771499084178
207534,0.9829289022411497
207535,0.9017730125760722
207536,0.3203330591170842
207537,0.9854650237931833
207538,0.9166034151285559
207539,0.011526172501715745
207540,0.8555592420723477
207541,0.7373387085778176
207542,0.9132219197258444
207543,0.5289540543857179
207544,0.6854163920716659
207545,0.24689461460496953
207546,0.8964826084782817
207547,0.34541248335386165
207548,0.5750360192890679
207549,0.5127419655396531
207550,0.01668022597842933
207551,0.21120256702769283
207552,0.4185236863753914
207553,0.9137264170238295
207554,0.8206443930352103
207555,0.7767667631726063
207556,0.3115293540162075
207557,0.6220269883329318
207558,0.911662977624863
207559,0.3982847091868503
207560,0.1251925952522714
207561,0.7777348525822535
207562,0.4408397380250067
207563,0.7724444484844628
207564,0.08167856704587288
207565,0.8835929297657952
207566,0.06686634457619954
207567,0.6650092491171298
207568,0.7911381186341303
207569,0.012821503401947995
207570,0.7945559742024625
207571,0.7388840156166911
207572,0.28248212670608713
207573,0.43016802941537396
207574,0.1608528276846301
207575,0.7639679848741711
207576,0.715554424350403
207577,0.9075770040132534
207578,0.5069970593716056
207579,0.520741201976175
207580,0.4774680598670127
207581,0.8061821371596347
207582,0.4905168143040891
207583,0.8161130073947488
207584,0.8781434499434145
207585,0.017961921816553875
207586,0.25620736202453404
207587,0.6754627967330392
207588,0.5174233368632994
207589,0.21190704523659104
207590,0.6319896737129639
207591,0.7091504901804828
207592,0.7419791747151409
207593,0.35613418719122264
207594,0.24484935528881335
207595,0.3869403375132373
207596,0.5731271105939888
207597,0.9535498884197418
207598,0.9303839178987461
207599,0.11065307402475218
207600,0.8599860922366501
207601,0.4231232473263915
207602,0.44238504506388027
207603,0.5070470545993337
207604,0.06282127615091286
207605,0.5092604796814849
207606,0.03523754550701978
207607,0.7774757864022072
207608,0.48639448052685874
207609,0.4938801296239904
207610,0.16968834793042484
207611,0.25819808109225934
207612,0.6038787206675728
207613,0.5918071456815486
207614,0.7182678017098368
207615,0.9833106839801655
207616,0.28178673853859404
207617,0.6032924129969413
207618,0.12203835088468827
207619,0.7983419764477028
207620,0.307366115052654
207621,0.973470714159103
207622,0.2401179887374387
207623,0.3794592334368083
207624,0.14887215311265745
207625,0.05546743265415574
207626,0.7237945468841611
207627,0.32540075720044903
207628,0.12216561146436022
207629,0.4918666854527522
207630,0.623935897028011
207631,0.26737447789074675
207632,0.7695038200899006
207633,0.8730575717772395
207634,0.45741088350657433
207635,0.7637180087355298
207636,0.6100008635539336
207637,0.6282900268610724
207638,0.5399939096722586
207639,0.547565914162739
207640,0.9886828984506024
207641,0.01864821994264184
207642,0.6453247644543022
207643,0.8506278946100599
207644,0.15207639270796877
207645,0.9817381068170765
207646,0.24908531458360794
207647,0.9164534294453711
207648,0.6163002622476946
207649,0.38076819939914824
207650,0.011894319178623857
207651,0.5307947877702583
207652,0.8265892801141709
207653,0.6962744465301041
207654,0.5477068098045187
207655,0.060557855841033355
207656,0.6025106694360993
207657,0.9124856263720281
207658,0.787215765767813
207659,0.9141627390112762
207660,0.4444757545870621
207661,0.8904559110266748
207662,0.5384440576126824
207663,0.30189845514746316
207664,0.011689793247008239
207665,0.1399684575563242
207666,0.9120402143431763
207667,0.0852600433594975
207668,0.9143172697151636
207669,0.766776807668359
207670,0.5214911303920989
207671,0.15067198131087486
207672,0.5450434276728131
207673,0.6018607314756319
207674,0.6008971870866872
207675,0.3092795687684357
207676,0.4753137200539948
207677,0.318510505815354
207678,0.6743583567023148
207679,0.9455733770867326
207680,0.08154221642479581
207681,0.021625208502824733
207682,0.1482403952350003
207683,0.9188395653142201
207684,0.6709177760304699
207685,0.17120638484508297
207686,0.6244540293881039
207687,0.3542025533926307
207688,0.48157675858213533
207689,0.14590879961458225
207690,0.5080287790710888
207691,0.859849741615573
207692,0.877125365306039
207693,0.2908086046331941
207694,0.3798864653828498
207695,0.20326241586030425
207696,0.26211588893787413
207697,0.6871844051249654
207698,0.5795083196603962
207699,0.007253853041300603
207700,0.45990155485158235
207701,0.9134446257402702
207702,0.6616004835902027
207703,0.9210302652928585
207704,0.24311315738043188
207705,0.9125538016825667
207706,0.3485394575972294
207707,0.232168747528645
207708,0.6745537925925252
207709,0.3561705473568432
207710,0.165043336772399
207711,0.3515528063230328
207712,0.4995477704400943
207713,0.5278132541893729
207714,0.4284272864862899
207715,0.6469064316587962
207716,0.7024920348512187
207717,0.4204189600083628
207718,0.43886265401938906
207719,0.7090232296008109
207720,0.28579544679826013
207721,0.012367001331691064
207722,0.772876225451207
207723,0.9704346403297868
207724,0.17680130532994578
207725,0.4048749892055758
207726,0.38887197131182927
207727,0.47857704491843955
207728,0.4357674949209393
207729,0.8787888428831794
207730,0.12134296271719518
207731,0.08294662782188972
207732,0.2369319292249376
207733,0.8603496938928556
207734,0.903031983310684
207735,0.3300821285240954
207736,0.7542825457569959
207737,0.9091314010935321
207738,0.8824384945073426
207739,0.11531626526558827
207740,0.31765604192327096
207741,0.46481472223105974
207742,0.06715722590116396
207743,0.17437880929547633
207744,0.057894473709327744
207745,0.9122447402747921
207746,0.02657928106862527
207747,0.15594875034655784
207748,0.35412528804068705
207749,0.3710373100749474
207750,0.1441271514991751
207751,0.9339563041709655
207752,0.8105589920962091
207753,0.7088868789797338
207754,0.7189495548152223
207755,0.11708882333959031
207756,0.3880765926888797
207757,0.3741188341112894
207758,0.06331213838679034
207759,0.7927788711077579
207760,0.032824139513955485
207761,0.8548320387599365
207762,0.5253498529685803
207763,0.8176355893301094
207764,0.09791338099545042
207765,0.07419291794874125
207766,0.8775344171692703
207767,0.867553551706428
207768,0.28470009680894093
207769,0.940346603278778
207770,0.3839951640979724
207771,0.2579117447879975
207772,0.4676689952322733
207773,0.6030333468168948
207774,0.8405879438780844
207775,0.7063280323241873
207776,0.3339953913490076
207777,0.7694947300484953
207778,0.13922761918180537
207779,0.7626044786634003
207780,0.026961062807641087
207781,0.26302034805768537
207782,0.49106221678839745
207783,0.3328136859663396
207784,0.784788724712641
207785,0.6891114939028548
207786,0.9230618895469069
207787,0.4637830025315765
207788,0.4125878893378359
207789,0.35155735134373534
207790,0.9897373432535985
207791,0.10509905872621249
207792,0.8473963848905333
207793,0.861390503633744
207794,0.13512801050808787
207795,0.7718672308552367
207796,0.05340399325518928
207797,0.1576849482549393
207798,0.14222278782479852
207799,0.3229918962280873
207800,0.4326450656982742
207801,0.023906808895514522
207802,0.4929893055662868
207803,0.05363578931102031
207804,0.44056249176214995
207805,0.29515364442485037
207806,0.7653542161884548
207807,0.10388553819862649
207808,0.809809063680285
207809,0.65977338526777
207810,0.6061830461637753
207811,0.03493302911994764
207812,0.8697942469127947
207813,0.43573567977602135
207814,0.535948841246972
207815,0.6960881006812987
207816,0.607378386608551
207817,0.429545361579122
207818,0.23319592220742566
207819,0.9143399948186763
207820,0.09933597247535463
207821,0.7416201180796379
207822,0.05999881829461733
207823,0.9604855900118625
207824,0.761509128674081
207825,0.6702951081942179
207826,0.09840424323132792
207827,0.9777203085160053
207828,0.27949604810449913
207829,0.42722740102081164
207830,0.49725708000599944
207831,0.35129828516368894
207832,0.9268069866058241
207833,0.48958054003935986
207834,0.6116370710068584
207835,0.25230773426172953
207836,0.6692952036396526
207837,0.5713272823957712
207838,0.9891374005208594
207839,0.6345076151821872
207840,0.8255802855182005
207841,0.7233491348553093
207842,0.41912362910813056
207843,0.11847505465387395
207844,0.8448693533799047
207845,0.25455297448879877
207846,0.6660273337545053
207847,0.4477527145136146
207848,0.33522709195940387
207849,0.3677830752519078
207850,0.7853386722176521
207851,0.5040655210184483
207852,0.13181469041591484
207853,0.545266133687239
207854,0.9574949663895719
207855,0.9396466700905822
207856,0.5192777053099477
207857,0.414560428322751
207858,0.5427527372387181
207859,0.9584766908613269
207860,0.006790260929638534
207861,0.5870666890887689
207862,0.9028819976274992
207863,0.05879438780843647
207864,0.6782897996100372
207865,0.3944805268587998
207866,0.2084482844819358
207867,0.279296067193586
207868,0.0006544829811699792
207869,0.23638198171992675
207870,0.295653596702133
207871,0.11670704160057448
207872,0.7141772830775245
207873,0.67797619318156
207874,0.39327609637261896
207875,0.9777612137023284
207876,0.19703119247708173
207877,0.3927852341367415
207878,0.715363533480895
207879,0.7178360247430928
207880,0.21571577258534413
207881,0.791183568841156
207882,0.3028165493293822
207883,0.026283854722958265
207884,0.31557896746219677
207885,0.8674853763958895
207886,0.9301248517186996
207887,0.6228541821007995
207888,0.46317851477813476
207889,0.9939096722585571
207890,0.42537303257416337
207891,0.8363110793969666
207892,0.973302548393108
207893,0.6355256998195628
207894,0.606164866080965
207895,0.015412165202412497
207896,0.7217629226301125
207897,0.21753832588707442
207898,0.2564346130596625
207899,0.26811986128596815
207900,0.10425822989623716
207901,0.6920430322560119
207902,0.7813799591857141
207903,0.6331577440335241
207904,0.8342885451843234
207905,0.6854709323200967
207906,0.12087028056412796
207907,0.8528594997750215
207908,0.8969825607555643
207909,0.18468691624890352
207910,0.5313083751096486
207911,0.17471968584816902
207912,0.6661909544997977
207913,0.5864258411697065
207914,0.10710795787674812
207915,0.5581285422755101
207916,0.44391217201994354
207917,0.413315092650247
207918,0.7001967993964213
207919,0.9429372650792425
207920,0.25133964485208227
207921,0.04328677717127002
207922,0.6941564668827067
207923,0.12090664072974852
207924,0.6496288990596353
207925,0.26796987560278335
207926,0.608096499879557
207927,0.3127610546266038
207928,0.415087650724249
207929,0.7593547888610632
207930,0.016475700046813715
207931,0.8332386454020299
207932,0.04623649560723749
207933,0.721885638189082
207934,0.3729416737493239
207935,0.8937419609946323
207936,0.8476327259670668
207937,0.7309393194286
207938,0.42751828234577605
207939,0.4910667618091
207940,0.13990028224578566
207941,0.6022652383181606
207942,0.7685266406388481
207943,0.28983597020284424
207944,0.45728362292690244
207945,0.8857518145995155
207946,0.8810704432758691
207947,0.622690561355507
207948,0.6551056490062312
207949,0.47985874075656415
207950,0.7692083937442336
207951,0.44630285290949495
207952,0.6136323350952864
207953,0.3333227282850273
207954,0.3539343971711791
207955,0.20250794242367776
207956,0.27216492971125483
207957,0.671549533908127
207958,0.18786388571999946
207959,0.907822435131192
207960,0.19814017752850865
207961,0.33511801146254216
207962,0.8738347703173788
207963,0.18104180964544292
207964,0.8647856340985633
207965,0.6482472127660542
207966,0.06593461533217283
207967,0.5558196717586049
207968,0.929561269151581
207969,0.9899464142059168
207970,0.4352629976229541
207971,0.9585539562132706
207972,0.9538998550138396
207973,0.7872112207471106
207974,0.5416346621458862
207975,0.5369941960085628
207976,0.6394935028929057
207977,0.7028101863003986
207978,0.34112198381063624
207979,0.7879747842251421
207980,0.6788079319701301
207981,0.7914926302489308
207982,0.1578485690002318
207983,0.8988187491194023
207984,0.46160139259434324
207985,0.6856209180032815
207986,0.1561623663195786
207987,0.3820180800923548
207988,0.5866985424118607
207989,0.1277650769699256
207990,0.8921375686866254
207991,0.9626581099076906
207992,0.6551283741097441
207993,0.8060230614350449
207994,0.14496343530844782
207995,0.1498856927293304
207996,0.8719985819535407
207997,0.1634298544229869
207998,0.0017998281982174427
207999,0.39589402829729886
208000,0.9249253480349604
208001,0.2453311274832857
208002,0.3328364110698524
208003,0.5520654846582826
208004,0.49633444080337785
208005,0.37420973452534073
208006,0.6228814522250149
208007,0.44680280518677756
208008,0.2818367337663223
208009,0.23884083792001673
208010,0.9119765840533404
208011,0.28871335008930965
208012,0.8083319319519501
208013,0.9795019566314125
208014,0.16803850541539217
208015,0.5038655401075351
208016,0.787533917216993
208017,0.33259097995191367
208018,0.6153958031278832
208019,0.12449720708477827
208020,0.3125565286949882
208021,0.6008381018175538
208022,0.7685084605560378
208023,0.43579022002445217
208024,0.2694379172897132
208025,0.9150126578826567
208026,0.37420518950463816
208027,0.474700142259148
208028,0.6461019629944414
208029,0.1991991673522073
208030,0.5989155580603669
208031,0.12364274319269523
208032,0.6620777107639725
208033,0.4959253889401466
208034,0.12024761272787596
208035,0.07217492875680047
208036,0.43154062566754986
208037,0.6845392030760701
208038,0.8511187568459374
208039,0.4136332440994268
208040,0.4186100417687402
208041,0.5213502347503193
208042,0.2360638302707469
208043,0.7193267915335354
208044,0.2685561832734148
208045,0.7402384317860569
208046,0.5227501011267107
208047,0.4376036832847774
208048,0.4867989873693875
208049,0.9198940101172162
208050,0.7451106939792111
208051,0.3377223083251144
208052,0.3251553260825103
208053,0.20156257811754333
208054,0.9714299998636494
208055,0.3825407574731503
208056,0.9722980988178401
208057,0.3726007971966312
208058,0.2293281095895392
208059,0.8874834674871944
208060,0.01968902968353021
208061,0.49595720408506455
208062,0.7369796519423146
208063,0.9725935251635072
208064,0.4718640493407447
208065,0.7066007335663415
208066,0.7777484876443613
208067,0.2798369246571918
208068,0.2514669054317542
208069,0.359043000440867
208070,0.13924579926461564
208071,0.7393794228732712
208072,0.836201998900105
208073,0.10863508483281141
208074,0.3922761918180537
208075,0.1891637616409343
208076,0.2805504929074952
208077,0.5621872457629045
208078,0.9904236413796865
208079,0.6553192649792521
208080,0.24471754968843884
208081,0.16774762409042773
208082,0.6559464778362065
208083,0.8683534753500803
208084,0.5573513437353708
208085,0.021938814931302016
208086,0.34843037710036767
208087,0.26666090964044337
208088,0.7748442194154195
208089,0.46275128283209327
208090,0.5921980174619697
208091,0.5056108280573218
208092,0.8291708518732303
208093,0.5517882383954259
208094,0.6777762122706469
208095,0.5897755214275001
208096,0.4080883188422923
208097,0.2948173128928602
208098,0.3529254025752087
208099,0.1560123806363938
208100,0.42352775416892025
208101,0.6719949459369788
208102,0.8986596733948123
208103,0.387376659500684
208104,0.9040364328859518
208105,0.09480913185559559
208106,0.07690175028747255
208107,0.46788261120529406
208108,0.30925684366492284
208109,0.40721567486739896
208110,0.10464455665595555
208111,0.7733625426663819
208112,0.09139582130796604
208113,0.9610900777653043
208114,0.050290654073929304
208115,0.7891292194835947
208116,0.6417887383477032
208117,0.5555060653301276
208118,0.32940037541871
208119,0.20715749860240615
208120,0.23220965271496813
208121,0.5073424809450007
208122,0.023029619899918644
208123,0.9709618627312847
208124,0.30241658750755607
208125,0.6639593493348362
208126,0.022670563264415668
208127,0.8972234468528004
208128,0.07650178846564647
208129,0.21266606369392013
208130,0.8821567032237833
208131,0.674831038855382
208132,0.7199540043904901
208133,0.16500697660677843
208134,0.38253621245244773
208135,0.7552051849596175
208136,0.6538103181059991
208137,0.2844137605046791
208138,0.6488880606851164
208139,0.3364042523213693
208140,0.717031556078738
208141,0.36599233709509543
208142,0.9848059957913109
208143,0.5421755196094918
208144,0.13818226442021445
208145,0.16594779589221031
208146,0.5024883988346568
208147,0.7778075729134947
208148,0.7245217501965722
208149,0.15140372964398854
208150,0.06664363856177365
208151,0.9268115316265265
208152,0.5842487762531758
208153,0.5020248067229947
208154,0.6194181464496571
208155,0.5953204466846347
208156,0.34354902486580824
208157,0.7328754982478946
208158,0.8821476131823781
208159,0.004381399957276805
208160,0.24128605905799902
208161,0.948745801537126
208162,0.5412801505310857
208163,0.1664659282523032
208164,0.10560810104490025
208165,0.7765576922202881
208166,0.27798710123124604
208167,0.0650937865021975
208168,0.22919630398916466
208169,0.4521159343880811
208170,0.5506610732611887
208171,0.6678453420355329
208172,0.7423245962885361
208173,0.41595120465773716
208174,0.40698387881156795
208175,0.9594584153330818
208176,0.4975388712895587
208177,0.2436676499061453
208178,0.5073652060485135
208179,0.1911908408742802
208180,0.32683698374246095
208181,0.0650665163779821
208182,0.9316201635298449
208183,0.6590325468932512
208184,0.7501602119797657
208185,0.31747878611587077
208186,0.34440348875789123
208187,0.7470377827571005
208188,0.17641952359092997
208189,0.24925802537030556
208190,0.014580426413842313
208191,0.46892796596688496
208192,0.14216370255566516
208193,0.258929829425373
208194,0.15585330491180388
208195,0.3239281704928166
208196,0.7113411901591211
208197,0.946055149281205
208198,0.04006890251385095
208199,0.2620477136273356
208200,0.8695442707741534
208201,0.6899205075879121
208202,0.2046759172988033
208203,0.4777725762540848
208204,0.8778798387426655
208205,0.6690088673353908
208206,0.506378936556056
208207,0.9136536966925884
208208,0.18830020770744613
208209,0.6757673131201113
208210,0.2579571949950232
208211,0.07809254571154571
208212,0.5805991246290128
208213,0.1056899114175465
208214,0.6315488067048146
208215,0.7660632394180555
208216,0.9923598201989811
208217,0.5088696079010641
208218,0.7686993514255458
208219,0.7742579117447881
208220,0.8207262034078565
208221,0.4006299398693761
208222,0.5149099404147787
208223,0.1817144727094232
208224,0.8981506310761246
208225,0.4547429563541662
208226,0.25003976893114743
208227,0.07813345089786884
208228,0.6854982024443121
208229,0.07897882474854673
208230,0.4026206589371014
208231,0.5620463501211248
208232,0.7651178751119212
208233,0.4011980674571972
208234,0.8874971025493021
208235,0.5551515537153272
208236,0.631057944468937
208237,0.4920757564050704
208238,0.3691556715040837
208239,0.5243317683312049
208240,0.6627640088900605
208241,0.5161280059630672
208242,0.42684561928179576
208243,0.10058585316856117
208244,0.03633289549633899
208245,0.7068007144772546
208246,0.31706518923193694
208247,0.6686089055135647
208248,0.4738047731807418
208249,0.7072415814854037
208250,0.09030047131864685
208251,0.7054372082664836
208252,0.9191577167634
208253,0.23628199126447022
208254,0.9737479604219598
208255,0.7952195472250376
208256,0.5552197290258658
208257,0.7399157353161744
208258,0.11935678867017238
208259,0.48758073093022936
208260,0.7345617009285478
208261,0.4595288631539716
208262,0.1508174219733571
208263,0.26999240981542666
208264,0.7005876711768422
208265,0.9644397580230978
208266,0.6951245562923539
208267,0.27512373818862745
208268,0.18347339572131752
208269,0.6751310102217516
208270,0.9236981924452665
208271,0.22043350407461107
208272,0.13165561469132495
208273,0.10611259834288544
208274,0.8848564455211093
208275,0.9868012598797388
208276,0.8415287631635162
208277,0.46257857204539565
208278,0.09205939433054117
208279,0.49579812836047465
208280,0.26194772317187903
208281,0.8460556037832753
208282,0.3481031356097827
208283,0.40878825203048796
208284,0.32795960385599554
208285,0.15122192881588578
208286,0.8349021229791702
208287,0.49255298357884014
208288,0.9767022238786298
208289,0.41810099945005247
208290,0.10116761581849004
208291,0.7377750305652642
208292,0.08560091991219018
208293,0.10517632407815618
208294,0.34234913940032996
208295,0.012407906518014189
208296,0.8347157771303649
208297,0.8458601678930647
208298,0.4823221419773567
208299,0.8081274060203345
208300,0.6238631766967698
208301,0.9135809763613473
208302,0.8065321037537326
208303,0.34610787152135475
208304,0.5865031065216503
208305,0.793010667163589
208306,0.1493630153485349
208307,0.8705350852873135
208308,0.9458142631839688
208309,0.5342671835870212
208310,0.3387858431695156
208311,0.6904477299894101
208312,0.5930479363333501
208313,0.5535198912831049
208314,0.17901018539139446
208315,0.9266206407570187
208316,0.9217301984810541
208317,0.27237854568427555
208318,0.26566100508587814
208319,0.33388176583144336
208320,0.6164502479308793
208321,0.29515818944555294
208322,0.06598915558060367
208323,0.39245344762545387
208324,0.12132932765508746
208325,0.12316097099822289
208326,0.15850759700210434
208327,0.6088009780884552
208328,0.24225869348834886
208329,0.824784906895251
208330,0.7383340681116803
208331,0.5432890496816214
208332,0.6534967116775218
208333,0.2678562500852191
208334,0.22453765776903115
208335,0.9675121920180347
208336,0.703882811186205
208337,0.35492066666363664
208338,0.8096545329763978
208339,0.6734084473754778
208340,0.6764945164325225
208341,0.08711895682684834
208342,0.44623013257825384
208343,0.2528531367460379
208344,0.15181278150721977
208345,0.7540098445148418
208346,0.28482735738861287
208347,0.1695247271851323
208348,0.6449793428809069
208349,0.5741861004176875
208350,0.26438839928915875
208351,0.09134128105953522
208352,0.7480149622081529
208353,0.8706532558255804
208354,0.7465378304798179
208355,0.964839719844924
208356,0.41298785115966197
208357,0.06890705887165316
208358,0.7684721003904174
208359,0.3369223846814622
208360,0.7761168252121389
208361,0.7322573754323451
208362,0.7262806732084665
208363,0.3331500174983297
208364,0.7795846760081993
208365,0.17620136259720665
208366,0.49009867239945276
208367,0.47844978433876767
208368,0.03781002722467401
208369,0.7682993896037197
208370,0.39693029301748467
208371,0.002808822794187828
208372,0.10285381849914327
208373,0.6061194158739392
208374,0.03345135237091005
208375,0.9744933438171811
208376,0.8969689256934565
208377,0.16942928175037839
208378,0.9410647165497839
208379,0.7588957417701039
208380,0.4304725458024461
208381,0.9804700460410597
208382,0.011594347812254284
208383,0.3130701160343785
208384,0.834956663227601
208385,0.3025074879216075
208386,0.27442380500043173
208387,0.3960531040218888
208388,0.7669086132687335
208389,0.7703764640647939
208390,0.25705728089591445
208391,0.5370941864640194
208392,0.5970202844273955
208393,0.9250298835111194
208394,0.033419537225992064
208395,0.9573086205407666
208396,0.49879784202417043
208397,0.3766731357461333
208398,0.18725485294585517
208399,0.23260506951609167
208400,0.8645129328564092
208401,0.4504660918730485
208402,0.26479745115238995
208403,0.36705132691879405
208404,0.11500720385781356
208405,0.732511896591689
208406,0.13527799619127268
208407,0.19465869167034056
208408,0.15119465869167034
208409,0.5078333431808781
208410,0.3490303198331068
208411,0.29275387349389376
208412,0.18501870276019106
208413,0.990291835779312
208414,0.35620690752246376
208415,0.4146785988610178
208416,0.4112743783547934
208417,0.2100208616450248
208418,0.12414724049068043
208419,0.6774489707800619
208420,0.3542343685375487
208421,0.29304929983956074
208422,0.39319883102067527
208423,0.5523518209625445
208424,0.6845801082623931
208425,0.01850732430086219
208426,0.9265161052808596
208427,0.7000877188995596
208428,0.47031419728116863
208429,0.13781411774330632
208430,0.1734788951963676
208431,0.8443784911440272
208432,0.7986101326691544
208433,0.7346707814254094
208434,0.27652814958572136
208435,0.8028824521295694
208436,0.7903700101353962
208437,0.9655214729503093
208438,0.6345439753478077
208439,0.37466878161630024
208440,0.5786265856440976
208441,0.8328432286009062
208442,0.3343408129224028
208443,0.5208820976179547
208444,0.012494261911363005
208445,0.881220428959054
208446,0.4279455142918176
208447,0.3970620986178592
208448,0.020302607478377064
208449,0.0750746519650397
208450,0.913394630512542
208451,0.4322587389385558
208452,0.4801405320401234
208453,0.09360470136941473
208454,0.12154294362810822
208455,0.39095359079360603
208456,0.1367187677539871
208457,0.7868521641116075
208458,0.036941928270483274
208459,0.7740533858131725
208460,0.8919603128792252
208461,0.9564268865244682
208462,0.7481331327464197
208463,0.9448552638157267
208464,0.2968307570640984
208465,0.9456188272937583
208466,0.473654787497557
208467,0.91096758945737
208468,0.2709241390594534
208469,0.9201439862558575
208470,0.041105167234036746
208471,0.85473204830448
208472,0.09855422891451271
208473,0.9726435203912354
208474,0.37128274119288607
208475,0.05459024365855986
208476,0.10207207493830134
208477,0.9681030447093687
208478,0.6482426677453516
208479,0.2773371632707787
208480,0.4851218747301394
208481,0.05610373555251544
208482,0.3179014730412097
208483,0.5290085946341485
208484,0.6287127137864112
208485,0.7802073438444512
208486,0.7019057271805874
208487,0.9811063489394194
208488,0.17490148667627184
208489,0.3983892446630094
208490,0.545952431813327
208491,0.9517273351180114
208492,0.9539407602001627
208493,0.9197349343926262
208494,0.35862031351552803
208495,0.5023838633584976
208496,0.07478377064007527
208497,0.3044663918444149
208498,0.7860340603851451
208499,0.17429245390212755
208500,0.9179896464428396
208501,0.22466491834870309
208502,0.9669667895337263
208503,0.17308802341594665
208504,0.7852704969071135
208505,0.6075874575608692
208506,0.8892242104162785
208507,0.7386204044159421
208508,0.0972361729107676
208509,0.43603565114239096
208510,0.9399057362706288
208511,0.32222378772935306
208512,0.17967375841396957
208513,0.6164684280136896
208514,0.9691893046572828
208515,0.9873057571777241
208516,0.21069806972970764
208517,0.20677571686339033
208518,0.8833247735443435
208519,0.2761781829916235
208520,0.9075815490339559
208521,0.7089232391453544
208522,0.8675717317892384
208523,0.5530699342335504
208524,0.6555965112421087
208525,0.08417832843228601
208526,0.8140586580371874
208527,0.161107348843974
208528,0.9996227632816868
208529,0.3493711963857995
208530,0.2232150567445835
208531,0.5211593438808114
208532,0.34422623295049104
208533,0.6525240772471719
208534,0.2768508460556038
208535,0.07950604715004476
208536,0.17601956176910385
208537,0.49476186364028885
208538,0.134578063003077
208539,0.7756441430590717
208540,0.19261343235418438
208541,0.21310693070206935
208542,0.6457838115452617
208543,0.20935728862244968
208544,0.0364056158275801
208545,0.6313170106489835
208546,0.9980229159943823
208547,0.4760181982628931
208548,0.5119738570409189
208549,0.1380959090268656
208550,0.1299421418864563
208551,0.9249662532212835
208552,0.9796155821489767
208553,0.2661745924252685
208554,0.7998600133623609
208555,0.586875798219261
208556,0.2733829952595434
208557,0.8616495698137906
208558,0.7526826984696915
208559,0.1114802677926198
208560,0.23090523177333075
208561,0.46746901432136023
208562,0.753891673976575
208563,0.6170729157671313
208564,0.2476854482072166
208565,0.9110175846850982
208566,0.11342099163261687
208567,0.9654805677639862
208568,0.23935897028010963
208569,0.04436849209848151
208570,0.4756818667309029
208571,0.3046163775275996
208572,0.5375895937205994
208573,0.06882979351970947
208574,0.43399493684693735
208575,0.7932242831366098
208576,0.28551820053540344
208577,0.7498329704891806
208578,0.10514905395394075
208579,0.3401357143181787
208580,0.611041673294822
208581,0.141300148622177
208582,0.14076838119997637
208583,0.3746460565127874
208584,0.7018739120356694
208585,0.8623540480226888
208586,0.23091886683543844
208587,0.8369928325023521
208588,0.3405084060157894
208589,0.081424045886529
208590,0.44980251885047334
208591,0.7048963508028779
208592,0.5987519373150745
208593,0.15091741242881362
208594,0.7907063416673863
208595,0.828139132173747
208596,0.6665227410110853
208597,0.4808541002904268
208598,0.934151740061176
208599,0.4542339140354784
208600,0.6146867798982825
208601,0.7572004490480454
208602,0.9994273273914762
208603,0.8667672631248836
208604,0.13616882024897622
208605,0.7695492702969262
208606,0.3029256298262439
208607,0.31410183573386175
208608,0.27878247985419574
208609,0.8410969861967722
208610,0.6810304470936865
208611,0.5444298498779662
208612,0.21492948400379963
208613,0.694310997586594
208614,0.39927552370001046
208615,0.06541648297207993
208616,0.06498470600533585
208617,0.5880575036019289
208618,0.2550483817453788
208619,0.7116820667118139
208620,0.47564550656528237
208621,0.9387831161570941
208622,0.6719949459369788
208623,0.051045127510555816
208624,0.2579662850364283
208625,0.34716686134505337
208626,0.16835665686457202
208627,0.10940319333154562
208628,0.34647147317756033
208629,0.9205303130155759
208630,0.47016421159798377
208631,0.4747092323005531
208632,0.6761445498384245
208633,0.26493380177346704
208634,0.9644488480645029
208635,0.3724280864099335
208636,0.6792760691024947
208637,0.6059057999009185
208638,0.6012380636393798
208639,0.5628008235577513
208640,0.793760595579513
208641,0.03909172306279855
208642,0.018489144218051912
208643,0.024793087932515532
208644,0.4343221783375223
208645,0.15777130364828812
208646,0.7447925425300312
208647,0.5261997718399607
208648,0.5760859190713613
208649,0.8913694601878912
208650,0.24520386690361376
208651,0.7447289122401952
208652,0.7842251421455225
208653,0.1950404734093564
208654,0.6661954995205004
208655,0.006653910308561455
208656,0.24773998845564743
208657,0.7440426141141073
208658,0.7029738070456911
208659,0.34682143977165814
208660,0.884901895728135
208661,0.42674562882633926
208662,0.5496020834374901
208663,0.43764913349180307
208664,0.9924098154267093
208665,0.9379377423064162
208666,0.8410651710518542
208667,0.2582980715477159
208668,0.8652219560860099
208669,0.7018330068493462
208670,0.38143631744242595
208671,0.21908363292594799
208672,0.9392012580617305
208673,0.26556101463042164
208674,0.7901018539139446
208675,0.5437208266483654
208676,0.4756909567723081
208677,0.3209420918912285
208678,0.606037605501293
208679,0.9021956995014113
208680,0.3176742220060812
208681,0.7670449638898106
208682,0.5607464742001901
208683,0.6387072143113612
208684,0.685289131491994
208685,0.4765226955608783
208686,0.3444398489235118
208687,0.16133459987910245
208688,0.1390367283122975
208689,0.7767304030069857
208690,0.8965416937474151
208691,0.8968598451965949
208692,0.5760995541334691
208693,0.5344535294358266
208694,0.8535230727975966
208695,0.5507610637166452
208696,0.5238000009090042
208697,0.6311806600279064
208698,0.7876929929415828
208699,0.588162039078088
208700,0.9671349552997214
208701,0.05779902827457379
208702,0.09693165652369545
208703,0.3540025724817176
208704,0.18872289463278505
208705,0.4357629499002368
208706,0.6615595784038797
208707,0.2766417751032856
208708,0.4606787533917217
208709,0.33423627744624373
208710,0.7840660664209326
208711,0.7712991032674154
208712,0.3125837988192036
208713,0.6867889883238418
208714,0.9409283659287068
208715,0.6770171938133178
208716,0.2645383849723435
208717,0.4052931311102122
208718,0.4207462014989478
208719,0.6383390676344531
208720,0.8810886233586794
208721,0.16723858177173997
208722,0.009108221487948877
208723,0.9599129174033388
208724,0.8915603510573991
208725,0.8407333845405667
208726,0.3472168565727817
208727,0.8084546475109194
208728,0.30867962603569654
208729,0.09259116175274178
208730,0.45390212752419085
208731,0.2569345653369451
208732,0.021216156639593496
208733,0.5251135118920468
208734,0.8110498543320865
208735,0.8517914199099177
208736,0.06581644479390604
208737,0.9684666463655742
208738,0.1414137741397412
208739,0.080833193195195
208740,0.11072124933529072
208741,0.48244485753632604
208742,0.4476572690788606
208743,0.4408851882320324
208744,0.4891442180519132
208745,0.6675635507519736
208746,0.41991446271037763
208747,0.6829848059957914
208748,0.8389744615286724
208749,0.5951250107944243
208750,0.4883215693047481
208751,0.9078633403175151
208752,0.49038500870371465
208753,0.34180373691602167
208754,0.9768340294790042
208755,0.34405806718449605
208756,0.8814294999113722
208757,0.030365283313865496
208758,0.2675562787188495
208759,0.22965080605942162
208760,0.9492093936487881
208761,0.3282323050981497
208762,0.2944582562573572
208763,0.6266356393253372
208764,0.4697733398175628
208765,0.999409147308666
208766,0.08559637489148762
208767,0.9894419169079315
208768,0.9995091377641225
208769,0.5908208761890911
208770,0.018943646288308844
208771,0.7139227619181805
208772,0.5266633639516228
208773,0.42988623813181465
208774,0.16756582326232497
208775,0.21556578690215936
208776,0.15323991800782652
208777,0.23120520313970033
208778,0.24697187995691322
208779,0.20108080592307098
208780,0.7302712013853223
208781,0.49429372650792425
208782,0.18639584403306958
208783,0.033146835983837906
208784,0.7127637816390254
208785,0.3981392685243681
208786,0.9738070456910931
208787,0.5376668590725432
208788,0.49974320633030483
208789,0.2633248644447575
208790,0.38217261079624215
208791,0.7165270587807527
208792,0.3659241617845569
208793,0.3619518136905113
208794,0.9243208602815186
208795,0.9597447516373437
208796,0.41319692211198017
208797,0.22457401793465168
208798,0.7668040777925744
208799,0.8424832175110558
208800,0.30345739724844445
208801,0.7339663032165111
208802,0.43815363078978825
208803,0.7584139695756315
208804,0.12823775912299282
208805,0.8532958217624682
208806,0.29489457824480386
208807,0.2453038573590703
208808,0.901195794946846
208809,0.14472709423191424
208810,0.49217574686052695
208811,0.18368701169433826
208812,0.4444439394421441
208813,0.06633003213329636
208814,0.17455606510287655
208815,0.924179964639739
208816,0.7046781898091545
208817,0.5723726371573623
208818,0.7154317087914335
208819,0.29271296830757065
208820,0.3842405952159112
208821,0.6491653069479733
208822,0.5547379568313934
208823,0.7095459069816064
208824,0.9151853686693543
208825,0.7982419859922462
208826,0.051740515678048916
208827,0.6312306552556347
208828,0.4852218651855959
208829,0.923789092859318
208830,0.9741388322023806
208831,0.02832002399770931
208832,0.6921748378563864
208833,0.7768667536280628
208834,0.8190627258307162
208835,0.3669331563805273
208836,0.5167688538821295
208837,0.13165106967062234
208838,0.9955776948564001
208839,0.6762627203766913
208840,0.18893651060580582
208841,0.6691633980392782
208842,0.013748687625272132
208843,0.5045836533785412
208844,0.5070470545993337
208845,0.5646370119215893
208846,0.9652805868530732
208847,0.8745347035055745
208848,0.742515487158044
208849,0.5529472186745811
208850,0.41636934656237357
208851,0.7136409706346212
208852,0.9749251207839252
208853,0.20480317787847524
208854,0.6868798887378932
208855,0.5920616668408926
208856,0.9898236986469474
208857,0.3061116893387449
208858,0.6953927125138055
208859,0.7113457351798238
208860,0.8751437362797188
208861,0.036110189481913094
208862,0.07082051258743483
208863,0.6492516623413219
208864,0.6954018025552107
208865,0.04008708259666123
208866,0.9182850727885066
208867,0.7584503297412519
208868,0.6039696210816241
208869,0.05290404097790666
208870,0.7950922866453657
208871,0.40239795292267555
208872,0.07255216547511374
208873,0.5937615045836535
208874,0.5729498547865887
208875,0.02508851427818254
208876,0.800387235763859
208877,0.5342535485249136
208878,0.8727803255143827
208879,0.21911544807086597
208880,0.2323460033360452
208881,0.5278859745206139
208882,0.6408342840001636
208883,0.8055049290749519
208884,0.7617091095849942
208885,0.14354084382854365
208886,0.3658014462255875
208887,0.5314220006272129
208888,0.22552392726148868
208889,0.4684552838138178
208890,0.1712018398243804
208891,0.80537766849528
208892,0.7788302025715728
208893,0.7223537753214466
208894,0.02352048213579613
208895,0.11224383127065143
208896,0.561528217761032
208897,0.828720894823676
208898,0.28555910572172655
208899,0.6605596738493144
208900,0.8425195776766763
208901,0.15800309970411916
208902,0.7529872148567637
208903,0.9085632735057109
208904,0.961567304939074
208905,0.1673703873721145
208906,0.3388040232523259
208907,0.8715986201317147
208908,0.9388285663641198
208909,0.6638411787965695
208910,0.26862890360465586
208911,0.27479195167733983
208912,0.8091591257198176
208913,0.396557601319874
208914,0.47804527749623893
208915,0.09655896482608478
208916,0.23799546406933886
208917,0.7933833588611997
208918,0.6773807954695233
208919,0.11140754746137868
208920,0.026806532103753732
208921,0.483953804409579
208922,0.717526963335318
208923,0.8137450516087101
208924,0.6112552892678427
208925,0.7187359388422014
208926,0.1730062130433004
208927,0.40706114416351163
208928,0.751464632921403
208929,0.9326064330223025
208930,0.5819126356120553
208931,0.9959958367610365
208932,0.7607001149890238
208933,0.9924007253853041
208934,0.78652037760032
208935,0.6597097549779339
208936,0.3725280768653901
208937,0.47012785143236324
208938,0.4962980806377573
208939,0.18035551151935497
208940,0.47613636880115984
208941,0.040327968693897404
208942,0.2897814299544134
208943,0.056303716463428494
208944,0.012007944696188091
208945,0.6064466573645243
208946,0.7291803964167057
208947,0.7800982633475896
208948,0.7497693401993446
208949,0.1653842133250917
208950,0.06458019916280719
208951,0.16997013921398413
208952,0.5722362865362852
208953,0.13588702896541696
208954,0.32305552651792324
208955,0.3658423514119107
208956,0.02612023397766577
208957,0.2226787443016803
208958,0.1026992877952559
208959,0.7900382236241086
208960,0.27161498220624397
208961,0.10709886783534298
208962,0.18183718826839257
208963,0.4749773885220047
208964,0.9905327218765482
208965,0.664045704728185
208966,0.7678403425127601
208967,0.8162720831193386
208968,0.4494389171942678
208969,0.28826339303975523
208970,0.030378918375973205
208971,0.6329941232882316
208972,0.4848718985914981
208973,0.0004908622358774844
208974,0.5627190131851051
208975,0.09500456774580607
208976,0.3438808113770958
208977,0.8321342053713056
208978,0.4709459551588257
208979,0.4320133078206171
208980,0.6884206507560642
208981,0.4877807118411424
208982,0.7266306398025644
208983,0.45011158025824805
208984,0.05074515614418624
208985,0.9553315365351489
208986,0.8537685039155354
208987,0.16778852927675086
208988,0.06557555869666987
208989,0.6886115416255721
208990,0.753923489121493
208991,0.9230618895469069
208992,0.403216056649138
208993,0.6273355725135329
208994,0.866826348394017
208995,0.7603137882293054
208996,0.5347035055744679
208997,0.15894846401025356
208998,0.11147117775121465
208999,0.5885256407342935
209000,0.2235832034214916
209001,0.5604601378959281
209002,0.8817612864226597
209003,0.5585148690352285
209004,0.9874693779230165
209005,0.2594388717440608
209006,0.17435153917126092
209007,0.347075960931002
209008,0.33001395321355687
209009,0.722508306025334
209010,0.4893214738593134
209011,0.8560955545152509
209012,0.7859158898468783
209013,0.2297235263906627
209014,0.0318151449179851
209015,0.7346026061148708
209016,0.7467605364942438
209017,0.07150226569282021
209018,0.6063012167020421
209019,0.8170538266801806
209020,0.9217665586466747
209021,0.9190168211216202
209022,0.3891673976574963
209023,0.7437790029133583
209024,0.9442553210829876
209025,0.7679994182373501
209026,0.9453415810309016
209027,0.325727998691034
209028,0.211738879470596
209029,0.02961080987723899
209030,0.5376350439276252
209031,0.3382677108094227
209032,0.7238627221946997
209033,0.09163216238449966
209034,0.2051485994518705
209035,0.9284840992450721
209036,0.45508383290685883
209037,0.8675126465201048
209038,0.3897309802246149
209039,0.767535826125688
209040,0.5673185741361052
209041,0.4178328432286009
209042,0.14387263033983122
209043,0.5569513819135447
209044,0.25598011098940554
209045,0.957567686720813
209046,0.7451106939792111
209047,0.03161970902777462
209048,0.9811472541257426
209049,0.2951945496111735
209050,0.33091841233336816
209051,0.016521150253839406
209052,0.980720022179701
209053,0.3696510787606637
209054,0.6406752082755737
209055,0.5217774666963608
209056,0.3651242381409047
209057,0.23693647424564018
209058,0.8860381509037774
209059,0.3683648379018366
209060,0.16847937242354138
209061,0.907422473309366
209062,0.12717876929929417
209063,0.01623935897028011
209064,0.3902672926675181
209065,0.5842442312324734
209066,0.3390539993909672
209067,0.4024115879847832
209068,0.8999731843778548
209069,0.6075283722917358
209070,0.33526799714572697
209071,0.7446061966812259
209072,0.8422514214552248
209073,0.2840865190140941
209074,0.8393244281227701
209075,0.14128651356006927
209076,0.2963126247040055
209077,0.859817926470655
209078,0.7181950813785957
209079,0.1386185864076611
209080,0.1132846410115398
209081,0.07314756318715031
209082,0.8235213911399367
209083,0.24079065180141898
209084,0.9998863744824358
209085,0.20421232518714125
209086,0.6791669886056332
209087,0.8823294140104808
209088,0.73339817562869
209089,0.4223596838483599
209090,0.6433567704900897
209091,0.6773580703660106
209092,0.6664045704728185
209093,0.6339303975529609
209094,0.032269646988242036
209095,0.46870980497316167
209096,0.9587357570413734
209097,0.40975634144013523
209098,0.5450297926107053
209099,0.8026597461151436
209100,0.6022379681939452
209101,0.32189654623876807
209102,0.02424768544820722
209103,0.33544525295312716
209104,0.8512278373427992
209105,0.5331627435562969
209106,0.5683730189391013
209107,0.4196963017166543
209108,0.8255666504560928
209109,0.0961271878593407
209110,0.40957454061203247
209111,0.29973957031374276
209112,0.4970207389294658
209113,0.4070793242463219
209114,0.3249644352130024
209115,0.5988655628326387
209116,0.8207625635734771
209117,0.5911526627003786
209118,0.5853623063253053
209119,0.7725535289813246
209120,0.4830584353311729
209121,0.6257039100813104
209122,0.8624313133746324
209123,0.46499197803845993
209124,0.5411847050963318
209125,0.19226801078078912
209126,0.6371937224174057
209127,0.48024506751628254
209128,0.6324805359488412
209129,0.2818230987042146
209130,0.3289913235554788
209131,0.8820339876648138
209132,0.8632176019561769
209133,0.8282936628776345
209134,0.9754705232682335
209135,0.9552133659968821
209136,0.043423127792347097
209137,0.18744119879466054
209138,0.5001568032142387
209139,0.7769940142077347
209140,0.06826621095259088
209141,0.7246262856727312
209142,0.18169174760591036
209143,0.5475704591834416
209144,0.7799482776644048
209145,0.39632126024334036
209146,0.7417610137214175
209147,0.5955749678439786
209148,0.12821957904018255
209149,0.12443812181564486
209150,0.4216233904945437
209151,0.13731871048672628
209152,0.8447511828416379
209153,0.2401770740065721
209154,0.5792310733975393
209155,0.3670331468359838
209156,0.6494561882729376
209157,0.9428009144581654
209158,0.9464596561237336
209159,0.11941587393930579
209160,0.9399966366846801
209161,0.7678039823471396
209162,0.5055971929952141
209163,0.08408742801823461
209164,0.018339158534867128
209165,0.0892142113707328
209166,0.9420918912285646
209167,0.4469664259320701
209168,0.8379427418291892
209169,0.2170701887547098
209170,0.1411956131460179
209171,0.5108194217824663
209172,0.751032855954659
209173,0.19174533339999364
209174,0.973861585939524
209175,0.6777489421464314
209176,0.9615809400011818
209177,0.5707636998286528
209178,0.24052249557996738
209179,0.814390444548475
209180,0.9835015748496735
209181,0.24015434890305926
209182,0.5998518323250963
209183,0.8738620404415942
209184,0.44103062889451455
209185,0.7288667899882284
209186,0.12072029488094317
209187,0.5230273473895674
209188,0.63879356970471
209189,0.627440107989692
209190,0.5225728453193105
209191,0.2502124797178451
209192,0.5359533862676744
209193,0.23870903231964222
209194,0.46356484153785316
209195,0.5444025797537508
209196,0.016807486558101273
209197,0.19436326532467357
209198,0.9922734648056322
209199,0.014912212925129875
209200,0.7980101899364151
209201,0.6183546116052558
209202,0.15793492439358062
209203,0.676699042364138
209204,0.5544652555892392
209205,0.327891428545457
209206,0.1515582603478759
209207,0.6299853195831308
209208,0.9689393285186415
209209,0.22884633739506685
209210,0.24973070752337279
209211,0.5036291990310016
209212,0.7615409438189991
209213,0.9830970680071448
209214,0.3988482917539689
209215,0.6297807936515152
209216,0.33054572063575743
209217,0.7494466437294622
209218,0.4046840983360679
209219,0.40422959626581095
209220,0.25809809063680283
209221,0.8855472886678999
209222,0.3332091027674631
209223,0.4395716772489898
209224,0.7824843992164385
209225,0.3495848123588203
209226,0.3619563587112139
209227,0.969671076851755
209228,0.43291322191972587
209229,0.4098199717299712
209230,0.7368523913626427
209231,0.5409256389162853
209232,0.8997141181978084
209233,0.3451125119874921
209234,0.7106139868467101
209235,0.9203985074152012
209236,0.09037319164988795
209237,0.18083273869312477
209238,0.7743624472209472
209239,0.10505815353988937
209240,0.06598006553919852
209241,0.24883533844496664
209242,0.9256934565336946
209243,0.05793537889565087
209244,0.6041832370546447
209245,0.26941973720690293
209246,0.3916671590439094
209247,0.9593447898155176
209248,0.26172501715745317
209249,0.747951331918317
209250,0.5700637666404571
209251,0.10641256970925501
209252,0.8212216106644367
209253,0.7406702087528009
209254,0.9562223605928525
209255,0.4538521322964626
209256,0.3938760391053581
209257,0.04929074951936406
209258,0.16594779589221031
209259,0.9560314697233446
209260,0.7050645165688729
209261,0.3514437258261711
209262,0.8297071643161336
209263,0.7357025011248927
209264,0.351402820639848
209265,0.18336431522445584
209266,0.44950709250480636
209267,0.1022720558492144
209268,0.5837442789551907
209269,0.9897191631707883
209270,0.8441466950881962
209271,0.11057126365210593
209272,0.6120870280564128
209273,0.9068361656387345
209274,0.15548061321419318
209275,0.31887410747155953
209276,0.9271569531999219
209277,0.3619245435662959
209278,0.9494730048495371
209279,0.8241122438312707
209280,0.3610064493843769
209281,0.6753673512982852
209282,0.5507065234682144
209283,0.1748333113657333
209284,0.80979997363888
209285,0.5424436758309434
209286,0.9634489435099377
209287,0.25751632798687396
209288,0.1294649147126865
209289,0.9735252544075338
209290,0.22596933929034047
209291,0.5866167320392145
209292,0.5836624685825444
209293,0.6727585094150104
209294,0.4520568491189477
209295,0.9639670758700306
209296,0.6012244285772722
209297,0.40311152117297894
209298,0.8888924239049909
209299,0.7374477890746793
209300,0.6838619949913872
209301,0.5031474268365292
209302,0.8833384086064512
209303,0.33534980751837323
209304,0.32226469291567617
209305,0.6240177074006572
209306,0.5066834529431282
209307,0.8473418446421024
209308,0.6857709036864664
209309,0.5854759318428695
209310,0.7726580644574836
209311,0.6288990596352166
209312,0.12937401429863513
209313,0.6395571331827418
209314,0.6122279236981925
209315,0.7911608437376432
209316,0.7292667518100546
209317,0.786752173656151
209318,0.4905758995732225
209319,0.8232305098149723
209320,0.7230855236545602
209321,0.9208484644647557
209322,0.4793178832929584
209323,0.5450116125278951
209324,0.34774407897427967
209325,0.03618745483385677
209326,0.667390839965276
209327,0.2650701523945441
209328,0.7389294658237168
209329,0.5680821376141368
209330,0.4524249957958558
209331,0.9442325959794747
209332,0.9171942678198899
209333,0.6698769662895815
209334,0.7710854872943947
209335,0.29224483117520594
209336,0.9807063871175933
209337,0.5721272060394236
209338,0.9634807586548557
209339,0.4847764531567441
209340,0.08538730393916945
209341,0.34089473277550775
209342,0.07408383745187959
209343,0.1911272105844442
209344,0.5215002204335042
209345,0.5020748019507228
209346,0.4842128705896255
209347,0.02420678026188409
209348,0.5409529090405008
209349,0.47350480181437227
209350,0.7528235941114713
209351,0.20635757495875395
209352,0.23969075679139717
209353,0.1286831711518446
209354,0.9261752287281668
209355,0.3850677889837788
209356,0.44951163752550893
209357,0.10079946914158193
209358,0.24428122770099217
209359,0.4577563050799696
209360,0.8427013785047792
209361,0.5035701137618682
209362,0.45980610941682837
209363,0.7427745533380905
209364,0.03754187100322242
209365,0.026674726503379226
209366,0.3885719999454597
209367,0.786129505819899
209368,0.54976115916208
209369,0.8010780789106495
209370,0.6995423164152513
209371,0.021866094600060903
209372,0.6868389835515701
209373,0.8424150422005172
209374,0.33558160357420425
209375,0.6488562455401984
209376,0.4069157035010294
209377,0.3638016371164571
209378,0.3143063616654774
209379,0.9759204803177879
209380,0.7514191827143774
209381,0.5657914471800419
209382,0.19382240786106783
209383,0.04562291781239063
209384,0.03376041377868476
209385,0.4465710091309466
209386,0.32548256757309524
209387,0.20893005667640815
209388,0.9904600015453071
209389,0.5459069816063012
209390,0.3118929556724131
209391,0.3397039373514346
209392,0.2348184945982429
209393,0.24393126110689434
209394,0.5396621231609711
209395,0.33994936846937335
209396,0.9681348598542867
209397,0.4789679166988605
209398,0.09442735011657978
209399,0.7729125856168275
209400,0.2788142949991137
209401,0.45024338585862256
209402,0.550942864544748
209403,0.5734770771880866
209404,0.6215724862626749
209405,0.6464201144436212
209406,0.8822794187827526
209407,0.8149403920534858
209408,0.9610582626203863
209409,0.35195731316556145
209410,0.7165588739256707
209411,0.8763572568073048
209412,0.9681257698128816
209413,0.8123679103358316
209414,0.3318183264324769
209415,0.9988092045759269
209416,0.3734461710473091
209417,0.7808527367842161
209418,0.25245317492421177
209419,0.6284900077719855
209420,0.08406470291472178
209421,0.6974606969334746
209422,0.21247517282441222
209423,0.9590902686561738
209424,0.5087968875698229
209425,0.5995836761036446
209426,0.7950059312520169
209427,0.613995936751492
209428,0.21883820180800923
209429,0.2901404865899164
209430,0.6748992141659206
209431,0.4342312779234709
209432,0.21547943150881055
209433,0.552842683198422
209434,0.6686270855963748
209435,0.10464455665595555
209436,0.7642588661991355
209437,0.022493307457015468
209438,0.6132732784597834
209439,0.9307975147826798
209440,0.5330218479145173
209441,0.5279223346862345
209442,0.4242867726262493
209443,0.014962208152858135
209444,0.44977070370555533
209445,0.04894078292526623
209446,0.09856331895591784
209447,0.55352898132451
209448,0.42434585789538265
209449,0.5358943009985411
209450,0.5057789938233169
209451,0.4138241349689348
209452,0.4709459551588257
209453,0.9044682098526959
209454,0.6662136796033106
209455,0.6250039768931148
209456,0.8856881843096795
209457,0.33944941619209074
209458,0.09469096131732879
209459,0.2990987223946805
209460,0.7739806654819313
209461,0.49399830016225726
209462,0.6475154644329405
209463,0.8268256211907046
209464,0.281586757627681
209465,0.8918921375686867
209466,0.8663763913444625
209467,0.09316837938196808
209468,0.9523090977679404
209469,0.6689861422318779
209470,0.7504329132219197
209471,0.021593393357906745
209472,0.12702423859540682
209473,0.5151144663463942
209474,0.816785670458729
209475,0.39903463760277424
209476,0.14970843692193017
209477,0.8434240367964876
209478,0.25299857740852005
209479,0.7411428909058682
209480,0.9244344857990828
209481,0.18950463819362698
209482,0.16561600938092272
209483,0.14882215788492917
209484,0.6903341044718458
209485,0.9104449120765745
209486,0.4325087150771971
209487,0.7606592098027006
209488,0.25542107344298953
209489,0.8603587839342608
209490,0.22816458428968145
209491,0.596879388785616
209492,0.47113230100763104
209493,0.8547729534908032
209494,0.3306957063189423
209495,0.811013494166466
209496,0.011780693661059626
209497,0.11722517396066738
209498,0.9821607937424155
209499,0.3058753482622113
209500,0.7993191558987552
209501,0.28009144581653567
209502,0.38825384849627986
209503,0.16355256998195628
209504,0.5581785375032383
209505,0.43012712422905086
209506,0.08401925270769608
209507,0.07279759659305247
209508,0.4564700642211425
209509,0.8156221451588712
209510,0.497652496807123
209511,0.5121147526826985
209512,0.5712681971266379
209513,0.21983810636257448
209514,0.5338717667858978
209515,0.8070138759482051
209516,0.17224719458597135
209517,0.3595111375732316
209518,0.9753023575022385
209519,0.3480213252371364
209520,0.3082978442966807
209521,0.9795065016521151
209522,0.9594675053744871
209523,0.8482053985755905
209524,0.5733634516705224
209525,0.5213502347503193
209526,0.0086309943141791
209527,0.4871671340462956
209528,0.9517364251594166
209529,0.8071729516727949
209530,0.36368346657819023
209531,0.8766481381322693
209532,0.9764477027192859
209533,0.5775448707168861
209534,0.9618400061812282
209535,0.8533094568245759
209536,0.16380254612059758
209537,0.964512478354339
209538,0.830661618663673
209539,0.4712459265251953
209540,0.7547370478272529
209541,0.8722712831956949
209542,0.9574086109962231
209543,0.9460415142190973
209544,0.44901623026892884
209545,0.6131914680871372
209546,0.6599597311165752
209547,0.2604933165470568
209548,0.3654105744451666
209549,0.11643434035842033
209550,0.15544425304857262
209551,0.7874839219892646
209552,0.6504742729103131
209553,0.9914008208307389
209554,0.167206766626822
209555,0.019616309352289103
209556,0.4141104712731966
209557,0.8298026097508875
209558,0.27371023675012834
209559,0.9231936951472814
209560,0.10606260311515718
209561,0.14000481772194473
209562,0.3963485303675558
209563,0.338222260602397
209564,0.6316624322223788
209565,0.5838851745969703
209566,0.9654987478467965
209567,0.4288136132460083
209568,0.041227882793006126
209569,0.6971970857327255
209570,0.383440671572259
209571,0.8023052345003432
209572,0.8450738793115203
209573,0.014989478277073552
209574,0.7504738184082428
209575,0.8939828470918686
209576,0.7715808945509747
209577,0.20005363124429035
209578,0.9110721249335291
209579,0.43590839056271896
209580,0.8719304066430023
209581,0.8003781457224538
209582,0.2132932765508747
209583,0.553433535889756
209584,0.044968434831220656
209585,0.3312592888860608
209586,0.144022616023016
209587,0.45795174097018004
209588,0.5495748133132747
209589,0.9130219388149313
209590,0.18792297098913285
209591,0.6828166402297963
209592,0.15298994186918521
209593,0.7036237450061585
209594,0.06088055231091578
209595,0.524086337213266
209596,0.43105885347307754
209597,0.022056985469568812
209598,0.7034101290331377
209599,0.391344462574027
209600,0.5708909604083247
209601,0.20429413555978748
209602,0.5890255930115762
209603,0.3456170092854773
209604,0.8214806768444831
209605,0.5516382527122412
209606,0.22677380795469523
209607,0.5508565091513993
209608,0.16090736793306093
209609,0.08531912862863089
209610,0.03846905522654656
209611,0.6516877934378991
209612,0.7358479417873748
209613,0.18829566268674353
209614,0.5826307488830612
209615,0.03741461042355048
209616,0.45697910653983026
209617,0.5300948545820626
209618,0.35117102458401694
209619,0.7065689184214234
209620,0.9844605742179156
209621,0.25619827198312883
209622,0.7428381836279264
209623,0.38442694106471653
209624,0.40185255043836726
209625,0.6700360420141714
209626,0.7072915767131319
209627,0.8586044059430691
209628,0.8883652015034929
209629,0.47255489248753524
209630,0.05135873393903309
209631,0.020625303948259486
209632,0.4376718585953159
209633,0.38563591657159996
209634,0.5647960876461793
209635,0.10230387099413236
209636,0.8357565868712533
209637,0.43983528844973885
209638,0.24773998845564743
209639,0.1831188841065171
209640,0.6428477281714019
209641,0.6858208989141946
209642,0.7510783061616846
209643,0.910608532821867
209644,0.6942882724830811
209645,0.2953627153771685
209646,0.41212884224687646
209647,0.6674453802137069
209648,0.5326946064239323
209649,0.49013503256507335
209650,0.9904736366074147
209651,0.4396671226837438
209652,0.6168956599597311
209653,0.3446943700828557
209654,0.6538784934165376
209655,0.5383940623849542
209656,0.7477149908417833
209657,0.11913408265574649
209658,0.682798460146986
209659,0.877252625885711
209660,0.7789801882547575
209661,0.5714727230582535
209662,0.37778212079756024
209663,0.8802977897564324
209664,0.20916639775294177
209665,0.6005972157203177
209666,0.791342644565746
209667,0.6270537812299736
209668,0.014825857531781056
209669,0.25420300789470096
209670,0.25809809063680283
209671,0.8628040050722432
209672,0.23979074724685373
209673,0.6563146245131147
209674,0.9332427359206622
209675,0.2772144477118093
209676,0.7540371146390572
209677,0.7937742306416206
209678,0.2542711832052395
209679,0.11823871357734034
209680,0.1548761254607515
209681,0.9061544125333492
209682,0.39009458188082047
209683,0.9930870235113921
209684,0.738643129519455
209685,0.33314092745692453
209686,0.29033592248012685
209687,0.17395157734943484
209688,0.1969948323114612
209689,0.2156066920884825
209690,0.7822616932020126
209691,0.38257257261806826
209692,0.6598597406611187
209693,0.7412565164234324
209694,0.8775389621899727
209695,0.3568523004622286
209696,0.5178369337472332
209697,0.6458883470214206
209698,0.32911403911444814
209699,0.09509092313915489
209700,0.6255721044809359
209701,0.7329527635998382
209702,0.6400843555842397
209703,0.3902309325018975
209704,0.32780507315210816
209705,0.42813640516132545
209706,0.6850437003740552
209707,0.5159916553419901
209708,0.4850900595852214
209709,0.7926743356315988
209710,0.8095636325623464
209711,0.08137405065880074
209712,0.23192331641070627
209713,0.794878670672345
209714,0.289395103194695
209715,0.6362801732561891
209716,0.7964830629803519
209717,0.9724344494389172
209718,0.4025206684816449
209719,0.9025956613232373
209720,0.02975170551901864
209721,0.41696928929511273
209722,0.26716540693842855
209723,0.9490684980070084
209724,0.3682830275291904
209725,0.02762463583021621
209726,0.05877166270492362
209727,0.730084855536517
209728,0.21039809836333806
209729,0.8232350548356747
209730,0.9759113902763827
209731,0.9610037223719554
209732,0.9399420964362493
209733,0.8669808790979042
209734,0.44015343989891875
209735,0.1518264165693275
209736,0.29444462119524956
209737,0.9910281291331282
209738,0.15958022188791068
209739,0.24583562478127088
209740,0.1032174201553488
209741,0.2439994364174329
209742,0.2417223810454457
209743,0.6063512119297704
209744,0.30461183250689705
209745,0.9492366637730035
209746,0.07977420337149635
209747,0.39622581480858643
209748,0.26917430608896425
209749,0.6842892269374288
209750,0.2188427468287118
209751,0.07974238822657836
209752,0.6488653355816036
209753,0.9283386585825899
209754,0.005585830443457669
209755,0.33171833597702033
209756,0.8214125015339445
209757,0.5494566427750078
209758,0.6589371014584972
209759,0.432467809890874
209760,0.3100385872257648
209761,0.09265024702187517
209762,0.03098340612941492
209763,0.7877157180450957
209764,0.6105735361624572
209765,0.8834156739583949
209766,0.4634739411238018
209767,0.0887551642797733
209768,0.22591025402120707
209769,0.20246249221665205
209770,0.4617604683189332
209771,0.45440207980147346
209772,0.26031151571895406
209773,0.4915439889828698
209774,0.285522745556106
209775,0.7963012621522492
209776,0.8617132001036265
209777,0.4841992355275178
209778,0.7878475236454703
209779,0.11940678389790066
209780,0.6716540693842862
209781,0.19848105408120134
209782,0.2561164616104826
209783,0.6910749428463647
209784,0.9824562200880825
209785,0.17701037628226396
209786,0.1411637980010999
209787,0.5335127101503948
209788,0.5066425477568051
209789,0.8564409760886461
209790,0.8503551933679058
209791,0.888142495489067
209792,0.45288404288681533
209793,0.6343758095818126
209794,0.8738165902345686
209795,0.2774280636848301
209796,0.8138768572090845
209797,0.6253221283422946
209798,0.21384322405588557
209799,0.70650983315229
209800,0.4533476349984774
209801,0.7470877779848287
209802,0.8467555369714709
209803,0.4207189313747324
209804,0.7482740283881993
209805,0.19479958731212021
209806,0.1200658118997732
209807,0.8760845555651506
209808,0.7644179419237255
209809,0.8610587171224565
209810,0.4697915199003731
209811,0.389276478154358
209812,0.7504192781598121
209813,0.9172760781925362
209814,0.06489380559128446
209815,0.4455756495970839
209816,0.3402220697115275
209817,0.6859299794110563
209818,0.4063384858718031
209819,0.21564305225410302
209820,0.425282132160112
209821,0.3376677680766835
209822,0.7792983397039374
209823,0.8943191786238586
209824,0.07749260297880656
209825,0.8965144236231997
209826,0.9940369328382291
209827,0.8345703364678827
209828,0.6329123129155854
209829,0.45030247112775595
209830,0.1614618604587744
209831,0.7797619318155994
209832,0.17124729003140612
209833,0.5026656546420569
209834,0.6346985060516951
209835,0.40168892969307474
209836,0.3289549633898582
209837,0.2873543888992414
209838,0.9797201176251358
209839,0.900532221924271
209840,0.017062007717445156
209841,0.33545888801523494
209842,0.7030419823562297
209843,0.018370973679785112
209844,0.5458978915648961
209845,0.15736679680575946
209846,0.3920625758450329
209847,0.760741020175347
209848,0.1321919271342281
209849,0.14995386803986893
209850,0.6588916512514714
209851,0.69929234027661
209852,0.9598720122170157
209853,0.5889392376182274
209854,0.4558928465919162
209855,0.5506928884061066
209856,0.49341199249162576
209857,0.05410392644338495
209858,0.15952113661877731
209859,0.32159657487239857
209860,0.7269942414587699
209861,0.3953304457301803
209862,0.6106008062866727
209863,0.21521127528735895
209864,0.4998386517650588
209865,0.7073006667545371
209866,0.4613286913521891
209867,0.6411660705114512
209868,0.5486885342762736
209869,0.38148631267015415
209870,0.5218956372346277
209871,0.44038523595474977
209872,0.7337117820571674
209873,0.3520982088073411
209874,0.20730748428559093
209875,0.5898436967380387
209876,0.91604437758214
209877,0.48527186041332415
209878,0.8263211238927194
209879,0.27611000768108496
209880,0.026801987083051163
209881,0.12538348612177927
209882,0.9510864871989493
209883,0.3363406220315333
209884,0.5717136091554897
209885,0.5249362560846466
209886,0.04437758213988665
209887,0.2680744110789425
209888,0.3159380240976998
209889,0.9368196672135842
209890,0.45509292294826403
209891,0.783175242363229
209892,0.5416619322701015
209893,0.8936237904563655
209894,0.5742997259352517
209895,0.27291485812717875
209896,0.7352116388890152
209897,0.1469087041691475
209898,0.06447566368664809
209899,0.18844564836992833
209900,0.25541198340158433
209901,0.4661145981519945
209902,0.6173138018643675
209903,0.5880484135605237
209904,0.38130905686275396
209905,0.03310593079751478
209906,0.0006635730225751179
209907,0.4238140904731821
209908,0.5936296989832789
209909,0.5790310924866262
209910,0.6561555487885248
209911,0.01375777766667727
209912,0.1643161334599879
209913,0.04001890728612269
209914,0.7627362842637749
209915,0.2564846082873907
209916,0.03707827889156035
209917,0.689488730621168
209918,0.4027024693097477
209919,0.16241176978561137
209920,0.8880970452820413
209921,0.1893364724276319
209922,0.2089255116557056
209923,0.8786570372828049
209924,0.527822344230778
209925,0.7656860026997423
209926,0.6404479572404452
209927,0.011335281632207834
209928,0.9510773971575441
209929,0.7036373800682661
209930,0.17781484494661873
209931,0.7230900686752628
209932,0.3863767549461188
209933,0.5240999722753737
209934,0.1588711986583099
209935,0.08058776207725626
209936,0.5840306152594525
209937,0.31941041991446273
209938,0.969671076851755
209939,0.9701073988392018
209940,0.07814254093927397
209941,0.43711282104889987
209942,0.6290854054840219
209943,0.042386863072161295
209944,0.2495761768194854
209945,0.12754237095549972
209946,0.5058062639475323
209947,0.5189231936951473
209948,0.2616613868676172
209949,0.8999913644606652
209950,0.4835447525463478
209951,0.021470677798937375
209952,0.15952113661877731
209953,0.019298157903109247
209954,0.36696951654614784
209955,0.05412210652619523
209956,0.6841937815026747
209957,0.33475440980633664
209958,0.6103326500652211
209959,0.4872443993982392
209960,0.8922693742869998
209961,0.694310997586594
209962,0.19759023002349776
209963,0.9158489416919294
209964,0.6586098599679121
209965,0.4632785052335913
209966,0.4033978574772408
209967,0.7397566595915844
209968,0.49963412583344313
209969,0.4633966757718581
209970,0.974356993196104
209971,0.9707118865926435
209972,0.5982338049549816
209973,0.7026420205344036
209974,0.9827289213302367
209975,0.22011080760472865
209976,0.3913081024084064
209977,0.6422705105421755
209978,0.6540330241204249
209979,0.6834347630453457
209980,0.46591007222037895
209981,0.2011535262543121
209982,0.18975461433226828
209983,0.7322391953495349
209984,0.33409538180446413
209985,0.11470268747074142
209986,0.5463614836765582
209987,0.6003563296230815
209988,0.7762486308125134
209989,0.5793810590807241
209990,0.6362801732561891
209991,0.956881388594725
209992,0.8755164279773295
209993,0.969925598011099
209994,0.891096758945737
209995,0.6053467623545026
209996,0.34646692815685776
209997,0.690311379368333
209998,0.4416669317928743
209999,0.4993341544670735
210000,0.3807000240886097
210001,0.3369496548056776
210002,0.5989246481017722
210003,0.9329291294921849
210004,0.2688970598261075
210005,0.6830484362856273
210006,0.42040532494625515
210007,0.6969561996354894
210008,0.7690947682266693
210009,0.4992341640116171
210010,0.8601724380854555
210011,0.2581708109680439
210012,0.48696715313538247
210013,0.09819062725830716
210014,0.7323482758463966
210015,0.6805077697128911
210016,0.9357697674312907
210017,0.13911853868494373
210018,0.2470173301639389
210019,0.21248426286581737
210020,0.9236436521968359
210021,0.07113411901591211
210022,0.02779734661691384
210023,0.7413474168374837
210024,0.05357215902118434
210025,0.407183859722481
210026,0.18467328118679582
210027,0.8950554719776749
210028,0.5900754927938697
210029,0.5362169974684236
210030,0.6223133246371938
210031,0.19275432799596404
210032,0.6398571045491113
210033,0.22332868226214772
210034,0.4926529740342967
210035,0.6043014075929116
210036,0.5118238713577341
210037,0.06024424941255607
210038,0.0937137818662764
210039,0.8875834579426509
210040,0.40174346994150556
210041,0.050758791206293945
210042,0.4825857531781057
210043,0.30651165116057105
210044,0.25640279791474446
210045,0.33365905981701743
210046,0.8008599179169261
210047,0.9163625290313198
210048,0.6332168293026575
210049,0.9026774716958836
210050,0.6567691265833716
210051,0.5138691306738903
210052,0.2981215429436281
210053,0.6414705868985233
210054,0.5759268433467715
210055,0.5930479363333501
210056,0.29092223015075835
210057,0.12470173301639388
210058,0.8298753300821285
210059,0.9696256266447294
210060,0.4747546825075788
210061,0.13101476677226268
210062,0.6233359542952719
210063,0.14050476999922737
210064,0.04262774916939747
210065,0.5011794328723167
210066,0.2724330859327064
210067,0.22741011085305496
210068,0.818430967953059
210069,0.7824434940301154
210070,0.7149681166797716
210071,0.07325209866330941
210072,0.14742229150853783
210073,0.19146354211643435
210074,0.06861163252598615
210075,0.649578903831907
210076,0.28974961480949546
210077,0.20534403534208098
210078,0.007631089759613855
210079,0.14790406370301018
210080,0.519686757173179
210081,0.3775594147831343
210082,0.7242763190786334
210083,0.05079060635121193
210084,0.3536980560946455
210085,0.040696115370805516
210086,0.44163966166865887
210087,0.3455715590784516
210088,0.5536926020698024
210089,0.8204625922071076
210090,0.13358724848991688
210091,0.37594138741301963
210092,0.22487853432172383
210093,0.22725558014916758
210094,0.5529563087159862
210095,0.27726898796024013
210096,0.1116120733929943
210097,0.7696447157316801
210098,0.9031865140145714
210099,0.6639275341899183
210100,0.2412133387267579
210101,0.18740483862903998
210102,0.1274560155621509
210103,0.5077015375805037
210104,0.1560123806363938
210105,0.3307184314224551
210106,0.8430831602437949
210107,0.21214338631312465
210108,0.029142672744874355
210109,0.9220665300130442
210110,0.34968025779357426
210111,0.242235968384836
210112,0.943659923370951
210113,0.10599442780461864
210114,0.1803191513537344
210115,0.6226087509828608
210116,0.8277028101863004
210117,0.08909604083246599
210118,0.3370451002404316
210119,0.24644920257611774
210120,0.847809981774467
210121,0.1899909554088019
210122,0.6437021920634848
210123,0.8725076242722286
210124,0.3484212870589625
210125,0.9310565809627264
210126,0.07333845405665822
210127,0.12400634484890077
210128,0.5342671835870212
210129,0.45800173619790835
210130,0.8683262052258648
210131,0.4103017439244436
210132,0.8065820989814609
210133,0.3670785970430095
210134,0.04574563337136001
210135,0.07276123642743192
210136,0.6479017911926589
210137,0.014716777034919394
210138,0.7546779625581195
210139,0.9362333595429527
210140,0.3538116816122097
210141,0.5538289526908795
210142,0.5710591261743198
210143,0.8396334895305448
210144,0.060321514764499755
210145,0.37995009567268573
210146,0.5509564996068558
210147,0.7213493257461788
210148,0.43211784329677616
210149,0.9679757841296966
210150,0.3109066861799555
210151,0.14078656128278663
210152,0.2267192677062644
210153,0.08066048240849737
210154,0.6012107935151645
210155,0.04346857799937279
210156,0.013016939292158476
210157,0.6325214411351644
210158,0.28503642834093107
210159,0.6537921380231887
210160,0.4767317665131965
210161,0.610555356079647
210162,0.10263111248471736
210163,0.2545984246958245
210164,0.4541884638284527
210165,0.487362569936506
210166,0.5354670690524995
210167,0.41674203825998424
210168,0.27302848364474297
210169,0.6172365365124239
210170,0.47196858481690385
210171,0.47862249512546523
210172,0.008140132078301617
210173,0.7079187895700865
210174,0.7400111807509283
210175,0.9080996813940488
210176,0.5925025338490416
210177,0.10974861490494088
210178,0.4116288899695938
210179,0.07598820112625612
210180,0.6625776630412551
210181,0.0032769599265524653
210182,0.5961567304939074
210183,0.6041059717027012
210184,0.026756536876025472
210185,0.017725580740020272
210186,0.7795255907390658
210187,0.8717940560219252
210188,0.9663350316560693
210189,0.03568750255657415
210190,0.8392698878743393
210191,0.32328277755305174
210192,0.9962276328168675
210193,0.07957876748128587
210194,0.3558387608455556
210195,0.023343226328395927
210196,0.19804927711445727
210197,0.7500238613586886
210198,0.373309820426232
210199,0.4782361683657469
210200,0.5166143231782421
210201,0.3659559769294749
210202,0.8610269019775385
210203,0.8662173156198727
210204,0.7800073629335382
210205,0.6562646292853864
210206,0.3049845242045077
210207,0.8938874016571146
210208,0.09050954227096503
210209,0.5270951409183668
210210,0.5955431526990606
210211,0.22927811436181092
210212,0.9510364919712209
210213,0.7298485144599834
210214,0.8416105735361624
210215,0.37183723371859956
210216,0.8806477563505303
210217,0.10982588025688457
210218,0.11487539825743906
210219,0.3637789120129442
210220,0.6193681512219289
210221,0.8007917426063875
210222,0.8545729725798901
210223,0.7670222387862977
210224,0.6706905249953413
210225,0.28524549929324927
210226,0.06329395830398007
210227,0.2710241295149099
210228,0.40517496057194535
210229,0.020393507892428452
210230,0.33183196149458455
210231,0.4604924075429163
210232,0.5206503015621237
210233,0.52402270692343
210234,0.305002704287318
210235,0.3226691997582049
210236,0.43604019616309353
210237,0.8554683416582962
210238,0.058648947145954256
210239,0.9730571172751692
210240,0.10262656746401479
210241,0.509851332372819
210242,0.20137168724803542
210243,0.29390830875234636
210244,0.1558078547047782
210245,0.45741088350657433
210246,0.8904695460887825
210247,0.38411333463623926
210248,0.025138509505910803
210249,0.9287386204044159
210250,0.2789461005994882
210251,0.10191299921371141
210252,0.10814876761763649
210253,0.0789515546243313
210254,0.7549552088209762
210255,0.9579994636875572
210256,0.43457669949686617
210257,0.10146304216415705
210258,0.8112589252844047
210259,0.25982974352448174
210260,0.356847755441526
210261,0.8821521582030807
210262,0.2963762549938415
210263,0.9325109875875485
210264,0.5731952859045273
210265,0.16142095527245126
210266,0.4174328814067748
210267,0.4253775775948659
210268,0.9197031192477082
210269,0.18654128469555178
210270,0.9656850936956017
210271,0.5016748401288968
210272,0.5105830807059326
210273,0.3443444034887579
210274,0.6013607791983493
210275,0.6417023829543544
210276,0.8411106212588798
210277,0.021988810159030276
210278,0.01039446234677599
210279,0.6081374050658801
210280,0.25497111639343517
210281,0.649683439308066
210282,0.032496898023370496
210283,0.674471982219879
210284,0.01331691065852805
210285,0.8992005308584181
210286,0.43084978252075934
210287,0.7782620749837516
210288,0.005822171519991273
210289,0.2782188972870771
210290,0.030887960694660963
210291,0.807118411424364
210292,0.611346189681894
210293,0.5130283018439149
210294,0.013898673308456918
210295,0.4918076001836188
210296,0.468114407261125
210297,0.5862758554865218
210298,0.4599697301621209
210299,0.3331909226846528
210300,0.5797810209025502
210301,0.9320792106208043
210302,0.5292267556278719
210303,0.7703491939405784
210304,0.8917376068647993
210305,0.9819380877279896
210306,0.267224492207562
210307,0.906504379127447
210308,0.48377200358147626
210309,0.9058680762290873
210310,0.709423191422637
210311,0.2861635934751683
210312,0.747919516773399
210313,0.8041868730712068
210314,0.9048590816331169
210315,0.7811027129228574
210316,0.7295439980729113
210317,0.7396203089705073
210318,0.672076756309625
210319,0.6855118375064199
210320,0.5972884406488472
210321,0.6815031292467537
210322,0.04259593402447948
210323,0.5657414519523136
210324,0.3735916117097913
210325,0.12645156598688306
210326,0.6823803182423496
210327,0.9343699010548993
210328,0.9544861626844711
210329,0.9473368451193296
210330,0.7271396821212521
210331,0.9799837288258848
210332,0.3061435044836629
210333,0.6749264842901359
210334,0.044977524872625796
210335,0.5141691020402599
210336,0.28586816712950125
210337,0.5274814676780853
210338,0.025288495189095588
210339,0.6619822653292187
210340,0.833447716354348
210341,0.28804068702532937
210342,0.23841815099467778
210343,0.7051963221692475
210344,0.46613277823480487
210345,0.08300116807032056
210346,0.8574045204775907
210347,0.859027092868408
210348,0.19340426595643143
210349,0.7784029706255312
210350,0.5625872075847306
210351,0.5741588302934719
210352,0.7112866499106905
210353,0.5305084514659965
210354,0.7445471114120925
210355,0.7184496025379397
210356,0.4961753650787879
210357,0.3308138768572091
210358,0.4565518745937887
210359,0.0992950672890315
210360,0.12018398243803999
210361,0.833774957844933
210362,0.07057508146949609
210363,0.4802723376404979
210364,0.6951790965407848
210365,0.5175051472359457
210366,0.9633534980751838
210367,0.33829498093363813
210368,0.1310102217515601
210369,0.1718972279918735
210370,0.3933624517659678
210371,0.05111784784179692
210372,0.6351984583289777
210373,0.9142445493839224
210374,0.9221074351993673
210375,0.14361356415978474
210376,0.6472927584185146
210377,0.15434890305925345
210378,0.9610946227860068
210379,0.04181873548434013
210380,0.4375718681398594
210381,0.8775162370864599
210382,0.8520550311106667
210383,0.7936378800205435
210384,0.20129442189609176
210385,0.6890205934888033
210386,0.37583230691615793
210387,0.5134873489348744
210388,0.6464882897541598
210389,0.11739788474736501
210390,0.8895014566791352
210391,0.015157644043068616
210392,0.6934019934460802
210393,0.866171865412847
210394,0.05828989051045128
210395,0.8881606755718773
210396,0.9431054308452375
210397,0.8197490239568042
210398,0.22133341817371976
210399,0.464505660823285
210400,0.6364256139186714
210401,0.7410292653883039
210402,0.8143040891551261
210403,0.8132587343935352
210404,0.3747687720717568
210405,0.32031487903427397
210406,0.3868767072234014
210407,0.10039496229905326
210408,0.4872034942119161
210409,0.7385704091882139
210410,0.8209398193808773
210411,0.6794715049927054
210412,0.4944346221497039
210413,0.32959126628821794
210414,0.4898623313229191
210415,0.04570018316433431
210416,0.5062244058521687
210417,0.2368183037073734
210418,0.6087964330677527
210419,0.7328936783307048
210420,0.6996104917257898
210421,0.6564100699478687
210422,0.2833138654946573
210423,0.7696083555660597
210424,0.09545452479536043
210425,0.18266892705696275
210426,0.5834079474232006
210427,0.11322555574240639
210428,0.6814304089155125
210429,0.4906122597388431
210430,0.48580817285622735
210431,0.28580908186036785
210432,0.30961590030042585
210433,0.21411138027733717
210434,0.11783875175551424
210435,0.5637825480295063
210436,0.5887528917694221
210437,0.14415896664409306
210438,0.8837429154489799
210439,0.38704487298939644
210440,0.9503456488244304
210441,0.8940282972988942
210442,0.8237577322164703
210443,0.3585475931842869
210444,0.6081237700037724
210445,0.18067366296853482
210446,0.5072515805309493
210447,0.18589589175578694
210448,0.5052245012976034
210449,0.7975920480317789
210450,0.07323846360120169
210451,0.9954277091732152
210452,0.007767440380690933
210453,0.10110853054935665
210454,0.31690611350734704
210455,0.40768835702046624
210456,0.9735934297180724
210457,0.952186382208971
210458,0.11417092004854082
210459,0.39579858286254493
210460,0.4550111125756177
210461,0.7141363778912013
210462,0.6698951463723917
210463,0.8268438012735149
210464,0.1935997018466419
210465,0.5824898532412816
210466,0.6719267706264402
210467,0.025143054526613372
210468,0.17087005331309285
210469,0.8765072424904895
210470,0.4838765390576354
210471,0.7700128624085883
210472,0.975697774303362
210473,0.22027442835002112
210474,0.4964980615486703
210475,0.5476068193490622
210476,0.26244767544916164
210477,0.393676058194445
210478,0.18941828280027817
210479,0.8922648292662974
210480,0.5661459587948423
210481,0.02072983942441858
210482,0.5541243790365465
210483,0.6912431086123597
210484,0.15561241881456772
210485,0.3937260534221733
210486,0.21080260520586672
210487,0.739338517686948
210488,0.14876761763649834
210489,0.23131882865726455
210490,0.4769635625690275
210491,0.07122956445066607
210492,0.092736602415224
210493,0.8592679789656442
210494,0.4496025379395603
210495,0.05852168656628231
210496,0.5274042023261416
210497,0.8681853095840852
210498,0.8859881556760492
210499,0.8350702887451653
210500,0.49489821426136593
210501,0.3099340517496057
210502,0.2597524781725381
210503,0.10491271287740714
210504,0.013189650078856108
210505,0.27229673531162935
210506,0.3301457588139314
210507,0.8559864740183891
210508,0.3437853659423418
210509,0.4724867171769967
210510,0.31477904381854455
210511,0.09689075133737234
210512,0.07483376586780352
210513,0.6108735075288269
210514,0.6247358206716631
210515,0.7684130151212839
210516,0.67666722721922
210517,0.4148194945027975
210518,0.24880352330004865
210519,0.03625108512369274
210520,0.6111098486053604
210521,0.13435990200935363
210522,0.18016462064984706
210523,0.16492516623413223
210524,0.6167274941937362
210525,0.855977383976984
210526,0.7399339153989847
210527,0.3769276569054772
210528,0.5849759795655869
210529,0.035560241976902204
210530,0.3574158830293471
210531,0.5213365996882116
210532,0.5559832925038973
210533,0.35894300998541045
210534,0.3029301748469464
210535,0.4400898096090827
210536,0.8297935197094822
210537,0.1926407024783998
210538,0.9579131082942083
210539,0.4625376668590725
210540,0.7473104839992546
210541,0.7565277859840652
210542,0.26792897041646024
210543,0.10460365146963244
210544,0.5614100472227651
210545,0.19464051158753026
210546,0.5478658855291086
210547,0.23815453979392875
210548,0.07202039805291312
210549,0.3516891569441099
210550,0.6841528763163517
210551,0.45193413355997836
210552,0.236727403293322
210553,0.0077038100908549635
210554,0.7658132632794142
210555,0.31511992037123726
210556,0.261125074424714
210557,0.15141281968539366
210558,0.8170174665145601
210559,0.7573686148140405
210560,0.8812340640211616
210561,0.416955654233005
210562,0.9324200871734971
210563,0.5283859267978965
210564,0.707850614259548
210565,0.6892705696274446
210566,0.48887151680975904
210567,0.6522922811913409
210568,0.3723053708509642
210569,0.14493162016352987
210570,0.324450847873612
210571,0.9289022411497085
210572,0.7223128701351235
210573,0.9476959017548325
210574,0.0675390076401798
210575,0.38564046159230253
210576,0.4270683252962217
210577,0.44453029483549295
210578,0.7556187818435512
210579,0.4225005794901395
210580,0.38518595952204565
210581,0.617045645642916
210582,0.9695529063134883
210583,0.16269356106917068
210584,0.4921712018398244
210585,0.9472868498916013
210586,0.8332113752778144
210587,0.3063707555187914
210588,0.8979779202894269
210589,0.8220578944737092
210590,0.12543348134950755
210591,0.41057899018730026
210592,0.5219910826693815
210593,0.7298076092736603
210594,0.1431908772344458
210595,0.04408670081492221
210596,0.5293131110212207
210597,0.8057185450479727
210598,0.5602374318815023
210599,0.8772480808650084
210600,0.9014139559405694
210601,0.8143949895691776
210602,0.7462060439685303
210603,0.5549197576594961
210604,0.1887501647570005
210605,0.6611278014371356
210606,0.18523686375391443
210607,0.00948545820626213
210608,0.39743479031546985
210609,0.10829875330082127
210610,0.4257229991682612
210611,0.8584816903840997
210612,0.9553860767835798
210613,0.7121683839269888
210614,0.8913603701464861
210615,0.6034969389285568
210616,0.4502752010035405
210617,0.8710986678544321
210618,0.9021366142322779
210619,0.40792469809699977
210620,0.28811795237727306
210621,0.5968566636821031
210622,0.2761236427431926
210623,0.37327800528131405
210624,0.4006572099935915
210625,0.1234700324059976
210626,0.26609732707332484
210627,0.5900891278559773
210628,0.22809186395844033
210629,0.6083055708318751
210630,0.6474245640188891
210631,0.8281845823807727
210632,0.19054544793451536
210633,0.15408529185850445
210634,0.9964821539762114
210635,0.5980247340026634
210636,0.3044845719272251
210637,0.12367455833761322
210638,0.33602247058235346
210639,0.3303366496834393
210640,0.5311129392194381
210641,0.09729980320060357
210642,0.7970148304025525
210643,0.1467859886101781
210644,0.609278205262225
210645,0.6632230559810199
210646,0.7917198812840593
210647,0.8736620595306812
210648,0.8612632430540722
210649,0.06436658318978643
210650,0.13384176964926078
210651,0.3591702610205389
210652,0.7040782470764154
210653,0.3681512219288159
210654,0.3656560055631053
210655,0.867976238631767
210656,0.23861358688488826
210657,0.23444580290063222
210658,0.5075151917316983
210659,0.32465537380522763
210660,0.20305334490798607
210661,0.9812426995604965
210662,0.8878016189363742
210663,0.6453338544957072
210664,0.7096277173542526
210665,0.41577394885033697
210666,0.457256352802687
210667,0.27624635830216204
210668,0.8593316092554801
210669,0.5670640529767613
210670,0.19045909254116652
210671,0.7838070002408861
210672,0.8594315997109367
210673,0.45884711004858625
210674,0.9707527917789667
210675,0.7877748033142292
210676,0.41943269051590526
210677,0.19334063566659548
210678,0.8844155785129602
210679,0.873389358288527
210680,0.5728089591448089
210681,0.16452065939160354
210682,0.8631085214593153
210683,0.31733334545338854
210684,0.15850759700210434
210685,0.7919698574227007
210686,0.5160507406111235
210687,0.44812540621122526
210688,0.3880720476681771
210689,0.7104367310393099
210690,0.45866985424118606
210691,0.7493966485017339
210692,0.31145663368496646
210693,0.7730671163207148
210694,0.5072515805309493
210695,0.44481208611905226
210696,0.7790256384617832
210697,0.9127037873657514
210698,0.5806082146704179
210699,0.1329645806536649
210700,0.059698846928247756
210701,0.435612964217052
210702,0.11258016280264155
210703,0.87374841492403
210704,0.5751678248894424
210705,0.7684721003904174
210706,0.3155107921516582
210707,0.28839065361942723
210708,0.974556974107017
210709,0.33959485685457297
210710,0.013148744892532985
210711,0.35182550756518693
210712,0.294312815594875
210713,0.8842155976020472
210714,0.3180605487657996
210715,0.3426536557874021
210716,0.23380040996086737
210717,0.5636461974084293
210718,0.6150003863267597
210719,0.19679485140054814
210720,0.2724694460983269
210721,0.6547874975570515
210722,0.7113457351798238
210723,0.33829043591293556
210724,0.34764863353952574
210725,0.552315460796924
210726,0.061803191513537345
210727,0.5481976720403962
210728,0.5995973111657524
210729,0.9628080955908754
210730,0.8471055035655688
210731,0.05822171519991273
210732,0.7366160502861091
210733,0.7445516564327951
210734,0.16846573736143367
210735,0.5179687393476078
210736,0.3832452356820485
210737,0.4225005794901395
210738,0.6953427172860772
210739,0.9557451334190827
210740,0.5753768958417605
210741,0.18413696874389263
210742,0.5084151058308071
210743,0.5729225846623731
210744,0.8569182032624159
210745,0.6698406061239609
210746,0.9018320978452058
210747,0.24393126110689434
210748,0.21216611141663752
210749,0.7884429213575068
210750,0.28236395616782034
210751,0.08702351139209438
210752,0.3967530372100844
210753,0.712282009444553
210754,0.4090700433140473
210755,0.26268401652569523
210756,0.8195944932529168
210757,0.18681853095840853
210758,0.9951868230759792
210759,0.15115375350534724
210760,0.9497138909467733
210761,0.689911417546507
210762,0.885092786597643
210763,0.44476209089132396
210764,0.04460937819571768
210765,0.10435822035169369
210766,0.7925516200726295
210767,0.8545138873107567
210768,0.7230491634889398
210769,0.1817735579785566
210770,0.13627335572513533
210771,0.32680516859754294
210772,0.7933606337576868
210773,0.880702296598961
210774,0.004572290826784716
210775,0.0021088896059921554
210776,0.6224314951754606
210777,0.2438358156721404
210778,0.13977302166611372
210779,0.4596379436508333
210780,0.8561319146808715
210781,0.4254684780089173
210782,0.4649419828107317
210783,0.07031601528944964
210784,0.9644306679816927
210785,0.49831606982969806
210786,0.07370660073356633
210787,0.4377718490507724
210788,0.48530367555824216
210789,0.9018775480522314
210790,0.022893269278841565
210791,0.9211393457897201
210792,0.6836120188527459
210793,0.6408251939587586
210794,0.12232014216824758
210795,0.6304670917776031
210796,0.6184000618122816
210797,0.7708127860522405
210798,0.9444143968075775
210799,0.15470341467405385
210800,0.6540193890583171
210801,0.34893487439835286
210802,0.44905713545525194
210803,0.9349880238704488
210804,0.9963730734793498
210805,0.18389608264665647
210806,0.33007758350339284
210807,0.2143159062089528
210808,0.9079860558764846
210809,0.706868889787793
210810,0.29644443030438006
210811,0.4997522963717099
210812,0.44191236291081304
210813,0.5461160525586194
210814,0.5663050345194323
210815,0.7924561746378755
210816,0.030197117547870432
210817,0.21382049895237273
210818,0.009685439117175178
210819,0.1327555097013467
210820,0.7530553901673023
210821,0.7845205684911895
210822,0.8376291354007118
210823,0.6204135059835197
210824,0.19926279764204324
210825,0.7096277173542526
210826,0.7562369046591008
210827,0.9084132878225261
210828,0.9563859813381451
210829,0.22686016334804407
210830,0.7353661695929026
210831,0.8656810031769695
210832,0.712504715458979
210833,0.04779543770821876
210834,0.07418382790733612
210835,0.7700446775535064
210836,0.025493021120711206
210837,0.5177960285609101
210838,0.17729216756582328
210839,0.30983406129414914
210840,0.8778843837633681
210841,0.7066961790010954
210842,0.4275001022629658
210843,0.7901882093072935
210844,0.5219774476072739
210845,0.5402666109144127
210846,0.08043777639407147
210847,0.9552497261625027
210848,0.2768326659727935
210849,0.015748496734402626
210850,0.4991069034319451
210851,0.8857199994545975
210852,0.3682648474463801
210853,0.2775962294508251
210854,0.5464387490285019
210855,0.8658991641706928
210856,0.11559805654914757
210857,0.7558187627544644
210858,0.034646692815685776
210859,0.4738456783670649
210860,0.9051681430408915
210861,0.2542120979361061
210862,0.25582103526481564
210863,0.4897214356811395
210864,0.361670022406952
210865,0.05223592293462897
210866,0.7572458992550711
210867,0.5827943696283537
210868,0.2473263915717136
210869,0.27681903091068577
210870,0.27780075538244076
210871,0.052490444093972854
210872,0.3741506492562074
210873,0.3926806986605824
210874,0.9517046100144986
210875,0.766585916798851
210876,0.46991878048004504
210877,0.7275169188395654
210878,0.9694892760236523
210879,0.43409492730239385
210880,0.04741365596920294
210881,0.3113384631466996
210882,0.22951445543834453
210883,0.2654382990714522
210884,0.31323828180037355
210885,0.4447439108085137
210886,0.45948341294694595
210887,0.5721772012671519
210888,0.7391203566932247
210889,0.9668213488712442
210890,0.6691270378736575
210891,0.48349930233932215
210892,0.5924752637248263
210893,0.5600283609291841
210894,0.16430249839788022
210895,0.8894878216170274
210896,0.19547225037610047
210897,0.997141181978084
210898,0.17258807113866403
210899,0.6251130573899765
210900,0.5412756055103831
210901,0.46733720872098566
210902,0.15488521550215661
210903,0.813040573399812
210904,0.39017184723276416
210905,0.8964007981056353
210906,0.7614909485912709
210907,0.8131678339794838
210908,0.23981347235036657
210909,0.4596697587957513
210910,0.07603819635398439
210911,0.604001436226542
210912,0.11165752360001999
210913,0.03633289549633899
210914,0.2766963153517164
210915,0.8584544202598843
210916,0.6407933788138406
210917,0.06405752178201171
210918,0.45649733434535794
210919,0.20401688929693076
210920,0.8339567586730359
210921,0.006772080846828257
210922,0.990250930592989
210923,0.5342717286077239
210924,0.4800996268538003
210925,0.17190631803327863
210926,0.9346516923384586
210927,0.4358493052935856
210928,0.25880711386640365
210929,0.8252257739034001
210930,0.10573990664527477
210931,0.8402925175324174
210932,0.7987464832902315
210933,0.9761204612287009
210934,0.2704014616786579
210935,0.4600924457210902
210936,0.6228541821007995
210937,0.685648188127497
210938,0.6341349234845765
210939,0.93539707573368
210940,0.047509101403956894
210941,0.24940801105349036
210942,0.8817112911949314
210943,0.9170351920952999
210944,0.21717472423086887
210945,0.6941746469655169
210946,0.08907786074965572
210947,0.4064930165756905
210948,0.333431808781889
210949,0.23613655060198802
210950,0.3966939519409511
210951,0.7836797396612142
210952,0.3877084460119716
210953,0.3708100590398189
210954,0.514769044772999
210955,0.32722331050217934
210956,0.9946641456951837
210957,0.570054676599052
210958,0.7789211029856241
210959,0.06783897900654937
210960,0.6909476822666927
210961,0.0049131673794774134
210962,0.6334622604205963
210963,0.1835324809904509
210964,0.4952118206898432
210965,0.9912281100440413
210966,0.9516864299316884
210967,0.8192354366174138
210968,0.8899059635216638
210969,0.43249508001508946
210970,0.28080501406683905
210971,0.9766385935887938
210972,0.934638057276351
210973,0.25877529872148564
210974,0.8348339476686316
210975,0.4683734734411715
210976,0.6504742729103131
210977,0.8906831620618032
210978,0.3573886129051318
210979,0.14405443116793398
210980,0.3925307129773976
210981,0.09564541566486835
210982,0.4929165852350457
210983,0.8811113484621923
210984,0.3376677680766835
210985,0.9194031478813386
210986,0.3698146995059562
210987,0.2629021775194186
210988,0.6317578776571328
210989,0.19976729494002846
210990,0.193177014921303
210991,0.03626926520650302
210992,0.6398980097354344
210993,0.9256843664922895
210994,0.14629512637430064
210995,0.8364019798110182
210996,0.6702451129664896
210997,0.8629539907554279
210998,0.5711591166297764
210999,0.6020198072002217
211000,0.9939778475690957
211001,0.8810704432758691
211002,0.13689147854068476
211003,0.2602842455947386
211004,0.10179937369614718
211005,0.947595911299376
211006,0.8312252012307917
211007,0.9819017275623692
211008,0.07500193163379859
211009,0.6509105948977598
211010,0.13345544288954236
211011,0.1438589952777235
211012,0.25032156021470675
211013,0.6231359733843588
211014,0.7547234127651451
211015,0.4971889046954609
211016,0.70321923816363
211017,0.5624826721085715
211018,0.3466350939228528
211019,0.8356929565814173
211020,0.09778157539507591
211021,0.27509192304370944
211022,0.38619949913871854
211023,0.3903581930815695
211024,0.2788597452061394
211025,0.8112316551601892
211026,0.10709886783534298
211027,0.49745251589620987
211028,0.30602078892469353
211029,0.08635993836951926
211030,0.6116279809654533
211031,0.3025483931079306
211032,0.38443148608541905
211033,0.16528422286963518
211034,0.766776807668359
211035,0.4614286818076456
211036,0.2963898900559492
211037,0.8598542866362756
211038,0.12746056058285346
211039,0.13866858163538937
211040,0.44002617931924676
211041,0.09488639720753927
211042,0.8400698115179914
211043,0.9680121442953173
211044,0.016166638639039003
211045,0.8508415105830808
211046,0.16761581849005322
211047,0.48913967303121064
211048,0.2886860799650942
211049,0.8034096745310676
211050,0.6636502879270615
211051,0.7370296471700429
211052,0.9270160575581422
211053,0.7640816103917353
211054,0.5839533499075089
211055,0.43579476504515474
211056,0.9703528299571405
211057,0.11718881379504684
211058,0.8444284863717555
211059,0.6904477299894101
211060,0.9363651651433272
211061,0.18180991814417716
211062,0.5859486139959368
211063,0.010885324582653474
211064,0.17692402088891515
211065,0.8863426672908495
211066,0.7922334686234496
211067,0.3138973098022461
211068,0.973016212088846
211069,0.7039737116002563
211070,0.7905018157357707
211071,0.2880906822530576
211072,0.11864322041986901
211073,0.7670222387862977
211074,0.5469296112643793
211075,0.6787761168252121
211076,0.45453843042255054
211077,0.9772203562387226
211078,0.1520400325423482
211079,0.6491153117202448
211080,0.1070079674212916
211081,0.4196553965303312
211082,0.4168965689638716
211083,0.8579362878997914
211084,0.10548993050663345
211085,0.3286413569613809
211086,0.4083019348153131
211087,0.4502570209207303
211088,0.1771240017998282
211089,0.30574808768253936
211090,0.4615877575322355
211091,0.6469473368451194
211092,0.2624749455733771
211093,0.6347712263829361
211094,0.7403202421587031
211095,0.3143972620795288
211096,0.7690538630403462
211097,0.5301993900582217
211098,0.32613705055426523
211099,0.7122456492789325
211100,0.2528167765804173
211101,0.19304520932092845
211102,0.1648388108407834
211103,0.9706118961371869
211104,0.004726821530672071
211105,0.34892123933624514
211106,0.7205584921439318
211107,0.9721344780725477
211108,0.5772448993505166
211109,0.3252780416414796
211110,0.5121920180346422
211111,0.07246126506106235
211112,0.5103830997950195
211113,0.34683507483376586
211114,0.9907645179323792
211115,0.704273682966626
211116,0.20668481644933895
211117,0.23757732216470245
211118,0.7769076588143858
211119,0.7464742001899819
211120,0.09721799282795732
211121,0.8069638807204766
211122,0.012421541580121896
211123,0.5859622490580445
211124,0.2630339831197931
211125,0.12586980333695422
211126,0.8092000309061409
211127,0.10926229768976597
211128,0.6268538003190605
211129,0.7426291126756083
211130,0.9989864603833272
211131,0.32719149535726133
211132,0.4380218251894137
211133,0.7781120893005669
211134,0.5749405738543139
211135,0.7388612905131783
211136,0.5139145808809159
211137,0.6316987923879993
211138,0.7190450002499761
211139,0.41912817412883313
211140,0.8059230709795883
211141,0.5276450884233778
211142,0.11485267315392621
211143,0.2409497275260089
211144,0.26808350112034757
211145,0.4357038646311034
211146,0.5590011862504034
211147,0.8075820035360262
211148,0.760191072670336
211149,0.6074920121261153
211150,0.43333136382436216
211151,0.4838129087677994
211152,0.6633866767263126
211153,0.9213665968248486
211154,0.8283663832088756
211155,0.40268883424763996
211156,0.044113970939137624
211157,0.8627540098445148
211158,0.5221092532076483
211159,0.5364669736070649
211160,0.672435812945128
211161,0.26335213456897294
211162,0.3379950095672685
211163,0.7338026824712187
211164,0.2595661323237327
211165,0.5945841533308184
211166,0.666959062998532
211167,0.042577753941669204
211168,0.030660709659532503
211169,0.8213579612855137
211170,0.887878884288318
211171,0.8227078324341768
211172,0.4111380277337163
211173,0.51024220415324
211174,0.3052799505501747
211175,0.04695915389894601
211176,0.10106762536303351
211177,0.4320405779448325
211178,0.9611355279723299
211179,0.7437835479340609
211180,0.2790460910549447
211181,0.24232686879888737
211182,0.504183691556715
211183,0.34425804809540905
211184,0.541489221483404
211185,0.4497343435399348
211186,0.23244144877079917
211187,0.010312651974129741
211188,0.132382818003736
211189,0.5250135214365902
211190,0.46240131623799546
211191,0.961040082537576
211192,0.375968657537235
211193,0.8304434576699498
211194,0.07063416673862949
211195,0.9294067384476936
211196,0.964385217774667
211197,0.9851695974475164
211198,0.898864199326428
211199,0.9469596084010163
211200,0.15187641179705574
211201,0.6650501543034529
211202,0.553106294399171
211203,0.26209316383436126
211204,0.7832752328186855
211205,0.10235386622186064
211206,0.695324537203267
211207,0.5459160716477064
211208,0.19098631494266455
211209,0.09784066066420932
211210,0.5653096749855695
211211,0.7144363492575709
211212,0.8071865867349026
211213,0.5554424350402916
211214,0.6044104880897733
211215,0.860336058830748
211216,0.6947564096154458
211217,0.91669886056331
211218,0.7312620158984825
211219,0.8186536739674849
211220,0.7552188200217252
211221,0.5561696383527027
211222,0.4149831152480899
211223,0.7249489821426136
211224,0.1675203730552993
211225,0.268342567300394
211226,0.4413396903022893
211227,0.5769176578599315
211228,0.8776934928938601
211229,0.4640784288772435
211230,0.6204362310870326
211231,0.792219833561342
211232,0.6912749237572777
211233,0.6889978683852905
211234,0.8414015025838443
211235,0.23116884297407977
211236,0.12614250457910836
211237,0.6802214334086293
211238,0.3434808495552697
211239,0.9961549124856265
211240,0.279127901427591
211241,0.7544416214815859
211242,0.06626640184346039
211243,0.2424904895441799
211244,0.8931601983447035
211245,0.326087055326537
211246,0.6471654978388427
211247,0.35450252475900024
211248,0.24697187995691322
211249,0.23326409751796418
211250,0.38204080519586764
211251,0.3593929670349648
211252,0.2569209302748374
211253,0.6692088482463038
211254,0.4684143786274946
211255,0.8984187872975762
211256,0.9982638020916186
211257,0.055840124351766426
211258,0.8496507151590076
211259,0.048645356579599223
211260,0.5901436681044082
211261,0.6494880034178556
211262,0.5418300980360966
211263,0.19075451888683356
211264,0.5048563546206953
211265,0.12338822203335136
211266,0.5464887442562301
211267,0.2486898977824844
211268,0.8587134864399308
211269,0.27489648715349896
211270,0.0926911522081983
211271,0.8021143436308352
211272,0.24181782648019962
211273,0.5467205403120612
211274,0.31337008740074807
211275,0.10959408420105353
211276,0.932970034678508
211277,0.16282082164884262
211278,0.9444553019939007
211279,0.6363438035460252
211280,0.6801259879738752
211281,0.0009544543475395531
211282,0.17506056240086174
211283,0.3487394385081424
211284,0.3693465623735916
211285,0.701201248971689
211286,0.2150976497697947
211287,0.42770917321528396
211288,0.6611323464578381
211289,0.8329250389735526
211290,0.8349112130205754
211291,0.2661427772803505
211292,0.43313592793415173
211293,0.7324573563432581
211294,0.7009785429572633
211295,0.1692474809222756
211296,0.3993664241140618
211297,0.539821198885561
211298,0.18245985610464457
211299,0.5679912372000855
211300,0.7180450956954109
211301,0.008726439748933057
211302,0.2676971743606292
211303,0.9755341535580695
211304,0.26337031465178323
211305,0.6159866558192173
211306,0.5366805895800856
211307,0.6814940392053486
211308,0.9751523718190537
211309,0.524940801105349
211310,0.3519845832897769
211311,0.7600819921734744
211312,0.3770094672781234
211313,0.8764845173869767
211314,0.14669054317542418
211315,0.7575913208284665
211316,0.1344144422577845
211317,0.2364137968648447
211318,0.3386085873621154
211319,0.5316038014553156
211320,0.32818685489112404
211321,0.7843705828080048
211322,0.7229173578885651
211323,0.9917007921971084
211324,0.1700928547729535
211325,0.6249903418310071
211326,0.7986419478140724
211327,0.6319214984024253
211328,0.07638816294808222
211329,0.3586703087432563
211330,0.09622263329409464
211331,0.0769971957222265
211332,0.9843151335554334
211333,0.6318169629262661
211334,0.8592997941105622
211335,0.3526027061053263
211336,0.8521095713590976
211337,0.11168933874493797
211338,0.10680344148967597
211339,0.028797251171479084
211340,0.9341881002267965
211341,0.808131951041037
211342,0.9630080765017885
211343,0.0019134537157816753
211344,0.6262584026070239
211345,0.651383277050827
211346,0.2882043077706219
211347,0.17916926111598439
211348,0.01642570481908545
211349,0.25443934897123455
211350,0.6316260720567582
211351,0.742706378027552
211352,0.7280441412410634
211353,0.9602719740388418
211354,0.6010062675835489
211355,0.694765499656851
211356,0.2833729507637907
211357,0.38211352552710875
211358,0.12333368178492052
211359,0.9980229159943823
211360,0.32043759459324334
211361,0.07611546170592806
211362,0.6473972938946738
211363,0.296676226360211
211364,0.44942528213216004
211365,0.048699896828030054
211366,0.2101526672453993
211367,0.3679557860386054
211368,0.2884860990541812
211369,0.803309684075611
211370,0.41906454383899716
211371,0.20563491666704542
211372,0.8056685498202445
211373,0.28244122151976403
211374,0.8000690843146792
211375,0.7896655319264979
211376,0.46365119693120205
211377,0.9773158016734766
211378,0.27057871748605816
211379,0.04955890574081565
211380,0.6353120838465419
211381,0.7480104171874503
211382,0.5328582271692248
211383,0.1902727466923612
211384,0.39610764427031964
211385,0.8867380840919731
211386,0.6981333599974548
211387,0.9264388399289158
211388,0.45462024079519675
211389,0.3521163888901514
211390,0.47288213397812023
211391,0.6892478445239318
211392,0.931661068716168
211393,0.9003458760754656
211394,0.7336754218915468
211395,0.41929633989482823
211396,0.8846882797551143
211397,0.46244222142431857
211398,0.017825571195476796
211399,0.2601069897873384
211400,0.05498111543898083
211401,0.6035060289699621
211402,0.05987610273564797
211403,0.9577858477145363
211404,0.8647083687466197
211405,0.5036882843001351
211406,0.6143368133041847
211407,0.7855886483562934
211408,0.681912181109985
211409,0.3533708146040605
211410,0.9860331513810046
211411,0.09214574972388999
211412,0.31848323569113857
211413,0.12586980333695422
211414,0.1780284609196395
211415,0.9370560082901177
211416,0.5808809159125721
211417,0.3807727444198508
211418,0.8571136391526264
211419,0.4013480531403821
211420,0.7736534239913463
211421,0.6294535521609301
211422,0.1692156657773576
211423,0.27976420432595067
211424,0.9145172506260766
211425,0.2846955517882384
211426,0.24140877461696839
211427,0.329991228110044
211428,0.3021393412446994
211429,0.4097427063780275
211430,0.1439635307538826
211431,0.08377382158975732
211432,0.978093000213616
211433,0.4209961776375891
211434,0.9525181687202585
211435,0.4686870798696488
211436,0.3954758863926625
211437,0.9686757173178924
211438,0.7735397984737821
211439,0.4849582539848469
211440,0.8171129119493139
211441,0.07195222274237459
211442,0.9470914140013907
211443,0.49582085346398747
211444,0.17699674122015627
211445,0.21089805064062067
211446,0.46293308366019603
211447,0.8481326782443495
211448,0.9240027088323387
211449,0.19482685743633563
211450,0.15945296130823877
211451,0.9389512819230892
211452,0.7747396839392604
211453,0.992550711068489
211454,0.5182914358174902
211455,0.29149944777998466
211456,0.7777575776857664
211457,0.0686934428986324
211458,0.27408747346844164
211459,0.0865917344253503
211460,0.082996623049618
211461,0.7864658373518891
211462,0.772621704291863
211463,0.8790160939183078
211464,0.3304684552838138
211465,0.528022325141691
211466,0.09807245672004036
211467,0.0978724758091273
211468,0.7714218188263847
211469,0.30480272337640496
211470,0.9552088209761797
211471,0.47902700196799397
211472,0.3606564827902791
211473,0.9930552083664741
211474,0.8778116634321269
211475,0.6781625390303653
211476,0.8849791610800788
211477,0.273882947536826
211478,0.5089377832116025
211479,0.9254025752087301
211480,0.9347971330009408
211481,0.5959658396243995
211482,0.7484467391748969
211483,0.46747355934206275
211484,0.025947523190968137
211485,0.30453911217565593
211486,0.6872843955804219
211487,0.8914194554156194
211488,0.9590948136768763
211489,0.46962789915508063
211490,0.3294821857913563
211491,0.9870285109148672
211492,0.3770412824230414
211493,0.08392835229364469
211494,0.9927461469586994
211495,0.38751755514246367
211496,0.03526936065193777
211497,0.22148340385690457
211498,0.7922743738097727
211499,0.1188068411651615
211500,0.2476854482072166
211501,0.8659082542120979
211502,0.6521377504874535
211503,0.5977929379468323
211504,0.8659855195640417
211505,0.9414510433095022
211506,0.6742220060812377
211507,0.6728448648083593
211508,0.2791778966553193
211509,0.3667513555524245
211510,0.2428404561382777
211511,0.60042450493362
211512,0.32992759782020803
211513,0.8872789415555788
211514,0.682639384422396
211515,0.632853227646452
211516,0.5649324382672564
211517,0.6836301989355562
211518,0.966748628540003
211519,0.49012594252366815
211520,0.7596502152067303
211521,0.7769531090214116
211522,0.10818512778325705
211523,0.6816940201162617
211524,0.9539862104071885
211525,0.9282704832720513
211526,0.486044513932761
211527,0.25067607182950713
211528,0.4832038759936551
211529,0.84997341162889
211530,0.42289599629126307
211531,0.18502779280159623
211532,0.02202062530394826
211533,0.8753573522527396
211534,0.11629798973734325
211535,0.663845723817272
211536,0.14704959981092716
211537,0.9212620613486894
211538,0.978706578008463
211539,0.8976415887574368
211540,0.7586048604451393
211541,0.26902886542648197
211542,0.0685298221533399
211543,0.041855095649960684
211544,0.42892269374286995
211545,0.47245035701137617
211546,0.30964317042464123
211547,0.2510987587548461
211548,0.4075656414614968
211549,0.18318251439635308
211550,0.044654828402743374
211551,0.4735366169592902
211552,0.9411010767154044
211553,0.5427254671145028
211554,0.48310388553819855
211555,0.4455711045763813
211556,0.8170265565559651
211557,0.6470655073833861
211558,0.07595184096063556
211559,0.35532062848546275
211560,0.9978729303111976
211561,0.7666086419023639
211562,0.24021343417219265
211563,0.3228464555656051
211564,0.3702101163070798
211565,0.0006544829811699792
211566,0.6687907063416675
211567,0.43667195404075065
211568,0.8329795792219833
211569,0.6357984010617169
211570,0.07092959308429649
211571,0.41466496379891005
211572,0.10951681884910984
211573,0.08660082446675543
211574,0.5262634021297967
211575,0.8746074238368157
211576,0.40528858608950963
211577,0.28016871116847936
211578,0.12330186664000253
211579,0.04350039314429077
211580,0.12697424336767854
211581,0.6477427154680689
211582,0.6940382963444398
211583,0.5280177801209885
211584,0.8448466282763919
211585,0.3137700492225742
211586,0.15342626385663188
211587,0.7181723562750828
211588,0.4847582730739338
211589,0.6424750364737911
211590,0.17031556078737942
211591,0.529267660814195
211592,0.9908963235327537
211593,0.01734834402170702
211594,0.9126492471173206
211595,0.09272296735311628
211596,0.983801546216043
211597,0.8155676049104404
211598,0.19701755741497404
211599,0.3554115288995141
211600,0.4838401788920148
211601,0.0410097217992828
211602,0.9416692043032256
211603,0.4858627131046581
211604,0.25765267860795105
211605,0.6669817881020448
211606,0.554710686707178
211607,0.7032328732257376
211608,0.500438594497798
211609,0.22101526672453994
211610,0.012057939923916353
211611,0.8289072406724813
211612,0.3085660005181323
211613,0.6482381227246491
211614,0.3323728189581903
211615,0.01643024983978802
211616,0.8427831888774254
211617,0.3851314192736148
211618,0.5775494157375888
211619,0.7942878179810109
211620,0.07084778271165024
211621,0.6289354198008372
211622,0.6142413678694306
211623,0.8797842024170421
211624,0.9821471586803078
211625,0.3625744815267633
211626,0.10642165975066016
211627,0.07537462333140928
211628,0.9528045050245204
211629,0.40386144958890285
211630,0.2361229155398803
211631,0.28185945886983516
211632,0.6485926343394495
211633,0.5755268815249454
211634,0.6490562264511115
211635,0.908308752346367
211636,0.27147863158516683
211637,0.6413887765258771
211638,0.4815040382508942
211639,0.1869594266001882
211640,0.6499470505088152
211641,0.8852836774671509
211642,0.06849800700842192
211643,0.5017566505015431
211644,0.3825816626594734
211645,0.9811654342085528
211646,0.7905109057771759
211647,0.31352461810463544
211648,0.06626185682275781
211649,0.5378486599006459
211650,0.1600256339167625
211651,0.1224928529549452
211652,0.611178023915899
211653,0.002036169274751046
211654,0.5171551806418478
211655,0.8262574936028834
211656,0.5542425495748134
211657,0.717231536989651
211658,0.7039373514346359
211659,0.5107603365133329
211660,0.17232900495861758
211661,0.7586366755900573
211662,0.850005226773808
211663,0.23611382549847518
211664,0.07766985878620676
211665,0.6901704837265534
211666,0.4547202312506533
211667,0.17557869476095464
211668,0.5885438208171039
211669,0.32959126628821794
211670,0.7001922543757186
211671,0.7145636098372429
211672,0.5541834643056799
211673,0.264533839951641
211674,0.8206671181387232
211675,0.7082778462055895
211676,0.3660741474677417
211677,0.9207666540921094
211678,0.4010026315669868
211679,0.08232395998563774
211680,0.9920825739361243
211681,0.550120215797583
211682,0.10655346535103467
211683,0.9821380686389026
211684,0.41927815981201794
211685,0.8863290322287418
211686,0.9215347625908437
211687,0.8654310270383282
211688,0.5352398180173711
211689,0.3353179923734553
211690,0.07580640029815336
211691,0.8500779471050491
211692,0.6511969312020217
211693,0.11903863722099253
211694,0.06329395830398007
211695,0.5786356756855028
211696,0.5327627817344709
211697,0.38209989046500104
211698,0.9192213470532358
211699,0.3063934806223042
211700,0.3898536957835843
211701,0.08820976179546498
211702,0.12042486853527617
211703,0.6580871825871167
211704,0.46910522177428515
211705,0.43101340326605186
211706,0.9877829843514938
211707,0.7084005617645589
211708,0.5293358361247336
211709,0.17304711822962354
211710,0.35465705546288756
211711,0.6146049695256361
211712,0.0501588484735548
211713,0.3357679494230096
211714,0.4753864403852359
211715,0.9901691202203426
211716,0.2301962085437299
211717,0.47588639266251853
211718,0.3385085969066589
211719,0.9183214329541272
211720,0.47302757464060247
211721,0.2653973938851291
211722,0.7175815035837488
211723,0.9532862772189927
211724,0.1310511269378832
211725,0.45392030760700114
211726,0.8292981124529023
211727,0.841151526445203
211728,0.798032915039928
211729,0.039723480940455684
211730,0.6719858558955737
211731,0.40027997327527826
211732,0.700769472004945
211733,0.41739197622045165
211734,0.23507756077828937
211735,0.3377995736770581
211736,0.15665322855545608
211737,0.5320946636911932
211738,0.5181414501343053
211739,0.592720694842765
211740,0.4845128419559951
211741,0.5897709764067975
211742,0.4229459915189913
211743,0.617509237754578
211744,0.15517155180641848
211745,0.4348448557183178
211746,0.6910522177428519
211747,0.7899336881479495
211748,0.6946609641806919
211749,0.3089477822571482
211750,0.6515105376304989
211751,0.7314847219129083
211752,0.2027397384795088
211753,0.036128369564723366
211754,0.4583789729162216
211755,0.5295040018907287
211756,0.36175183277959827
211757,0.24240867917153364
211758,0.054453893037482784
211759,0.6659273432990488
211760,0.0763336226996514
211761,0.10938955826943791
211762,0.22250603351498266
211763,0.9962503579203803
211764,0.44574381536307894
211765,0.9120174892396634
211766,0.26833802227969145
211767,0.10955772403543297
211768,0.8560501043082251
211769,0.6317896928020508
211770,0.5086968971143664
211771,0.4945618827293758
211772,0.18676853573068025
211773,0.849191668068048
211774,0.8477508965053336
211775,0.9453188559273888
211776,0.6415024020434413
211777,0.021620663482122163
211778,0.5480067811708882
211779,0.4191872593979666
211780,0.9191440817012921
211781,0.17107912426541103
211782,0.9250844237595502
211783,0.7673494802768828
211784,0.3096931656523695
211785,0.37167361297330703
211786,0.8466237313710965
211787,0.6580235522972807
211788,0.956745037973648
211789,0.4843946714177283
211790,0.09265024702187517
211791,0.09473641152435448
211792,0.07784256957290439
211793,0.43003622381499945
211794,0.09111403002440675
211795,0.5490112307461561
211796,0.28884515568968416
211797,0.716313442807732
211798,0.6103281050445185
211799,0.5098149722071984
211800,0.35627053781229967
211801,0.7528190490907686
211802,0.6431976947654997
211803,0.8325614373173471
211804,0.2174837856386436
211805,0.6209543634471255
211806,0.36867844433031394
211807,0.9513682784825086
211808,0.7304984524204508
211809,0.2860726930611169
211810,0.261747742260966
211811,0.7106867071779512
211812,0.971339099449598
211813,0.10601715290813149
211814,0.17610137214175012
211815,0.5116920657573596
211816,0.827770985496839
211817,0.9469505183596112
211818,0.46520104899077813
211819,0.24255866485471841
211820,0.4393444262138614
211821,0.3539934824403125
211822,0.13385994973207105
211823,0.32752782688925147
211824,0.6052104117334255
211825,0.278441603301503
211826,0.3930942955445162
211827,0.990291835779312
211828,0.7718672308552367
211829,0.4592970670981406
211830,0.9062453129474005
211831,0.054108471464087524
211832,0.050127033328636814
211833,0.13755050654255732
211834,0.3863267597183905
211835,0.7342753646242859
211836,0.30857963558024004
211837,0.787765713272824
211838,0.4778362065439208
211839,0.18785025065789174
211840,0.009567268578908376
211841,0.11440271610437185
211842,0.6769399284613742
211843,0.30605260406961154
211844,0.24538566773171652
211845,0.5496202635203005
211846,0.6438112725603465
211847,0.37283259325246226
211848,0.6605278587043965
211849,0.06483472032215107
211850,0.5527199676394526
211851,0.34283545661550485
211852,0.2696333531799237
211853,0.40055267451743237
211854,0.3287049872512169
211855,0.6054013026029333
211856,0.8885924525386214
211857,0.36306079874193825
211858,0.10396280355057017
211859,0.14866308216033924
211860,0.14013662332231924
211861,0.07108866880888641
211862,0.6591370823694103
211863,0.9785747724080883
211864,0.39341244699369604
211865,0.7053553978938374
211866,0.8235304811813418
211867,0.21531126574281545
211868,0.20985724089973232
211869,0.900836738311343
211870,0.610196299444144
211871,0.6022743283595657
211872,0.5446798260166076
211873,0.40128442285054605
211874,0.1719472232196018
211875,0.727816890205935
211876,0.7935606146685998
211877,0.32833229555360627
211878,0.7460833284095609
211879,0.581335417982829
211880,0.3419173624335859
211881,0.1470859599765477
211882,0.3336817849205303
211883,0.21780193708782344
211884,0.5851396003108795
211885,0.31744697097095276
211886,0.24281773103476487
211887,0.4391535353443535
211888,0.11202567027692811
211889,0.31206112143840814
211890,0.09056862754009844
211891,0.3787911153935306
211892,0.46475563696192634
211893,0.11003040618850018
211894,0.9532226469291567
211895,0.2859954277091732
211896,0.277882565755087
211897,0.2775280541402866
211898,0.500152258193536
211899,0.46543284504660914
211900,0.7673949304839084
211901,0.9648260847828162
211902,0.5110375827761896
211903,0.16235268451647797
211904,0.45667004513205556
211905,0.14003663286686271
211906,0.7286758991187204
211907,0.0064675644597561146
211908,0.41500584035160276
211909,0.20878916103462852
211910,0.602956081464951
211911,0.8821703382858909
211912,0.8464782907086142
211913,0.5491839415328537
211914,0.955531517446062
211915,0.9104085519109539
211916,0.833279550588353
211917,0.8132541893728326
211918,0.7101731198385609
211919,0.33986755809672714
211920,0.8215852123206422
211921,0.0007544734366265039
211922,0.40976997650224295
211923,0.42140977452152295
211924,0.4468709804973161
211925,0.5124010889869605
211926,0.4586607641997809
211927,0.276700860372419
211928,0.2238149994773226
211929,0.2566618640947909
211930,0.1723153698965099
211931,0.24297226173865222
211932,0.9260843283141155
211933,0.3309502274782862
211934,0.30772517168815705
211935,0.7676903568295754
211936,0.7775939569404738
211937,0.7857568141222883
211938,0.4031615164007072
211939,0.9729662168611178
211940,0.9888601542580027
211941,0.8888151585530473
211942,0.32081483131155664
211943,0.011503447398202898
211944,0.4851491448543548
211945,0.2732193745142509
211946,0.5075788220215344
211947,0.13162379954640696
211948,0.9057044554837947
211949,0.10092672972125387
211950,0.9854468437103732
211951,0.6552965398757392
211952,0.5472750328377747
211953,0.17678312524713552
211954,0.6084055612873317
211955,0.5996791215383986
211956,0.6086464473845679
211957,0.9774794224187691
211958,0.06417114729957595
211959,0.8732802777916653
211960,0.18415969384740546
211961,0.4092382090800423
211962,0.13565977793028847
211963,0.5556106008062867
211964,0.9047999963639834
211965,0.7294349175760495
211966,0.13166924975343264
211967,0.6020607123865449
211968,0.7491830325287131
211969,0.46086509924052704
211970,0.04268683443853087
211971,0.09555451525081697
211972,0.5629871694065567
211973,0.29857149999318244
211974,0.2563573477077188
211975,0.5042473218465511
211976,0.7653496711677522
211977,0.8840292517532418
211978,0.13474168374836948
211979,0.6557919471323193
211980,0.5760631939678486
211981,0.7022329686711722
211982,0.7749487548915787
211983,0.9486003608746437
211984,0.8000054540248431
211985,0.18338704032796868
211986,0.3652560437412792
211987,0.6359847469105222
211988,0.3781820826193863
211989,0.8284436485608192
211990,0.7850659709754978
211991,0.5209048227214675
211992,0.9003822362410862
211993,0.3445307493375632
211994,0.6818667309029594
211995,0.1821735198003827
211996,0.9123629108130588
211997,0.21135709773158018
211998,0.23766822257875383
211999,0.6537375977747579
212000,0.4634239458960735
212001,0.8421877911653888
212002,0.2039214438621768
212003,0.2971534535339808
212004,0.5558878470691434
212005,0.8593361542761828
212006,0.7253762140886552
212007,0.20715749860240615
212008,0.5656778216624777
212009,0.47919062271328644
212010,0.6565782357138638
212011,0.04353675330991132
212012,0.2644792997032101
212013,0.01565759632035124
212014,0.8990460001545307
212015,0.9859467959876558
212016,0.4563927988691988
212017,0.1340872007671995
212018,0.7581185432299644
212019,0.4221551579167443
212020,0.8172856227360116
212021,0.9104085519109539
212022,0.45066152776325896
212023,0.5569150217479241
212024,0.4371809963594384
212025,0.45150690161393686
212026,0.2320460319696756
212027,0.8437467332663701
212028,0.9783838815385805
212029,0.19303157425882075
212030,0.7046463746642365
212031,0.3978074820130806
212032,0.5505019975365988
212033,0.27814163193513347
212034,0.7367796710314016
212035,0.6814349539362152
212036,0.10502633839497139
212037,0.5297267079051545
212038,0.36671954040750654
212039,0.49230300744019884
212040,0.669354288908786
212041,0.07421564305225409
212042,0.9461869548815794
212043,0.1280923184605106
212044,0.994618695488158
212045,0.6617322891905774
212046,0.8943146336031561
212047,0.9478686125415302
212048,0.35678412515169006
212049,0.02507487921607483
212050,0.10157212266101871
212051,0.014303180150985587
212052,0.9904009162761737
212053,0.5106512560164712
212054,0.30773426172956214
212055,0.8776980379145627
212056,0.4405034064930165
212057,0.24343130882961173
212058,0.6549511183023439
212059,0.5757450425186686
212060,0.7359888374291546
212061,0.5853168561182797
212062,0.948154948845792
212063,0.38571772694424616
212064,0.29574449711618434
212065,0.9305929888510642
212066,0.2212288826975607
212067,0.9353561705473569
212068,0.4576790397280259
212069,0.39820744383490664
212070,0.03623745006158503
212071,0.492934765317856
212072,0.015607601092622976
212073,0.8816385708636902
212074,0.33192286190863596
212075,0.3022847819071816
212076,0.18262347684993707
212077,0.36186545829716255
212078,0.9656760036541966
212079,0.6274446530103945
212080,0.1474132014671327
212081,0.31579258343521754
212082,0.13520982088073413
212083,0.6171229109948597
212084,0.41981901727562365
212085,0.9319110448548094
212086,0.6912794687779803
212087,0.0017043827634634875
212088,0.7770530994768681
212089,0.041014266819985365
212090,0.38119088632448717
212091,0.4752773598883743
212092,0.6006290308652357
212093,0.9028547275032839
212094,0.6385163234418534
212095,0.9706618913649152
212096,0.36992832502352047
212097,0.17503329227664632
212098,0.29088586998513777
212099,0.5427072870316925
212100,0.5141963721644752
212101,0.7454152103662832
212102,0.9573722508306026
212103,0.4385535926116143
212104,0.6759854741138346
212105,0.13782775280541404
212106,0.5403984165147873
212107,0.3872857590866326
212108,0.4608787343026347
212109,0.7155362442675927
212110,0.07704264592925221
212111,0.5266088237031921
212112,0.7536644229414465
212113,0.5927752350911959
212114,0.43842633203194237
212115,0.9328564091609438
212116,0.8526277037191905
212117,0.5596965744178966
212118,0.07788801977993008
212119,0.01572577163088978
212120,0.6294308270574173
212121,0.7831661523218238
212122,0.9707891519445871
212123,0.3653378541139255
212124,0.4471345916980652
212125,0.9147354116197999
212126,0.486244494843674
212127,0.34348539457597227
212128,0.4247367296758036
212129,0.8642675017384704
212130,0.23005531290195028
212131,0.3369541998263802
212132,0.014707686993514255
212133,0.3408765526926975
212134,0.2635884756455066
212135,0.40073902036623776
212136,0.15856668227123777
212137,0.8760209252753146
212138,0.7824298589680077
212139,0.6896432613250554
212140,0.37589593720599396
212141,0.8616359347516829
212142,0.9542816367528555
212143,0.6679680575945024
212144,0.02980624576744947
212145,0.6303716463428491
212146,0.5376895841760561
212147,0.689025138509506
212148,0.684730093945578
212149,0.15701228519095906
212150,0.6510923957258626
212151,0.35120738474963753
212152,0.311724789906418
212153,0.29416282991169024
212154,0.6059785202321597
212155,0.8152358183991528
212156,0.23490484999159172
212157,0.041727835070288745
212158,0.3584157875839124
212159,0.38971280014180465
212160,0.8593179741933724
212161,0.8886560828284573
212162,0.8451329645806537
212163,0.17522418314615426
212164,0.6703269233391358
212165,0.23017802846091964
212166,0.11205748542184608
212167,0.17389249208030141
212168,0.32262829457188175
212169,0.6602097072552165
212170,0.07451561441862367
212171,0.5160734657146364
212172,0.15172642611387097
212173,0.4306179864649283
212174,0.997572958944828
212175,0.7797846569191123
212176,0.3004304134605333
212177,0.8306752537257808
212178,0.5447616363892538
212179,0.831316101644843
212180,0.7032374182464401
212181,0.720122170156485
212182,0.6786534012662427
212183,0.6430931592893406
212184,0.4085337308711441
212185,0.7050554265274679
212186,0.7087414383172516
212187,0.8563818908195127
212188,0.0058676217270169665
212189,0.2807595638598134
212190,0.5706818894560065
212191,0.3108930511178478
212192,0.5984428759072998
212193,0.557687675267361
212194,0.4819130901141254
212195,0.23856359165715998
212196,0.16417978283891083
212197,0.6645729271296832
212198,0.020898005190413644
212199,0.9827198312888316
212200,0.540602942446403
212201,0.28344112607432925
212202,0.9326564282500307
212203,0.10910776698587862
212204,0.06668454374809676
212205,0.1762059076179092
212206,0.7522509215029475
212207,0.0005454024843083161
212208,0.9183168879334245
212209,0.15864394762318143
212210,0.5818308252394091
212211,0.044813904127333305
212212,0.7489875966385027
212213,0.10243567659450688
212214,0.18937737761395504
212215,0.5423482303961895
212216,0.4912258375336899
212217,0.4383445216592961
212218,0.7838842655928298
212219,0.10418550956499606
212220,0.7148226760172893
212221,0.30757973102567476
212222,0.17166543193604247
212223,0.666727266942701
212224,0.2265556469609719
212225,0.9522000172710787
212226,0.037737306893432895
212227,0.20859372514441804
212228,0.7047190949954777
212229,0.6687679812381546
212230,0.7822253330363921
212231,0.15778039368969327
212232,0.8949827516464338
212233,0.8766117779666487
212234,0.03675558242167793
212235,0.9977229446280128
212236,0.5935615236727404
212237,0.5550651983219783
212238,0.17391521718381428
212239,0.24011344371673615
212240,0.2796005835806582
212241,0.5908072411269834
212242,0.8532821867003604
212243,0.9193304275500975
212244,0.4420759836561055
212245,0.25403484212870586
212246,0.3768731166570463
212247,0.7017239263524846
212248,0.678503415583058
212249,0.8538230441639661
212250,0.38885379122901903
212251,0.2274919212257012
212252,0.6249721617481968
212253,0.41382867998963735
212254,0.16897477968012145
212255,0.4808495552697242
212256,0.5184232414178647
212257,0.9147126865162871
212258,0.5416392071665886
212259,0.795574058839838
212260,0.8702260238795388
212261,0.03557842205971248
212262,0.6168638448148132
212263,0.5826443839451688
212264,0.9014684961890002
212265,0.15952568163947986
212266,0.9545225228500916
212267,0.36546965971429995
212268,0.4810131760150167
212269,0.4662645838351793
212270,0.6369801064443849
212271,0.7219401784375128
212272,0.7197494784588745
212273,0.5194095109103222
212274,0.44398943737188723
212275,0.6889024229505366
212276,0.5251998672853955
212277,0.8704760000181802
212278,0.2603706009880875
212279,0.6638002736102463
212280,0.5419709936778762
212281,0.23265051972311734
212282,0.19017275623690466
212283,0.6687361660932366
212284,0.5809036410160849
212285,0.4978888378836565
212286,0.7959376604960435
212287,0.14374991478086185
212288,0.8719622217879203
212289,0.40809286386299487
212290,0.06313942760009271
212291,0.9327109684984616
212292,0.45353398084728275
212293,0.40829284477390787
212294,0.0707205221319783
212295,0.8918239622581481
212296,0.25781629935324357
212297,0.014035023929533999
212298,0.4721003904172783
212299,0.19644942982715285
212300,0.13739597583866994
212301,0.10716249812517896
212302,0.7138364065248318
212303,0.9721253880311426
212304,0.32118752300916725
212305,0.5911253925761633
212306,0.16999740933819954
212307,0.4854582062621295
212308,0.39166261402320685
212309,0.47986328577726667
212310,0.027470105126328852
212311,0.5408847337299623
212312,0.1235882029442644
212313,0.6199453688511551
212314,0.8927829616263903
212315,0.1338326796078556
212316,0.5617327436926476
212317,0.3483167515828034
212318,0.40364328859517956
212319,0.5225728453193105
212320,0.16077101731198387
212321,0.21417046554647057
212322,0.8787842978624768
212323,0.2901313965485112
212324,0.5683775639598039
212325,0.041682384863263054
212326,0.16639775294176465
212327,0.9057771758150359
212328,0.8825748451284197
212329,0.3759732025579376
212330,0.9265570104671828
212331,0.37877293531072037
212332,0.6312306552556347
212333,0.6920430322560119
212334,0.893882856636412
212335,0.92917039737116
212336,0.31453361270060587
212337,0.7452743147245036
212338,0.08126497016193908
212339,0.40130260293335634
212340,0.9959958367610365
212341,0.9031047036419252
212342,0.06380300062266783
212343,0.18826384754182554
212344,0.10399461869548815
212345,0.8289708709623173
212346,0.4379354697960649
212347,0.011957949468459829
212348,0.5217592866135506
212349,0.29033592248012685
212350,0.7418973643424945
212351,0.0490180482772099
212352,0.07338390426368391
212353,0.13656878207080234
212354,0.34183555206093963
212355,0.026679271524081796
212356,0.7635452979488322
212357,0.3126565191504447
212358,0.20384872353093567
212359,0.25886165411483447
212360,0.9184350584716914
212361,0.5311447543643562
212362,0.8123406402116162
212363,0.08210125397121183
212364,0.19296794396898478
212365,0.7281623117793302
212366,0.9715118102362957
212367,0.1529035864758364
212368,0.7039009912690153
212369,0.2622885997245717
212370,0.05273587521191159
212371,0.6230041677839844
212372,0.819676303625563
212373,0.7459333427263762
212374,0.5124419941732835
212375,0.7032828684534658
212376,0.2748601269878784
212377,0.18487326209770885
212378,0.7354207098413333
212379,0.6849573449807065
212380,0.790329104949073
212381,0.24776725857986284
212382,0.8750119306793442
212383,0.645388394744138
212384,0.6089236936474246
212385,0.9774476072738512
212386,0.44702551120120354
212387,0.429354470709614
212388,0.540484771908136
212389,0.0954454347539553
212390,0.6928565909617719
212391,0.10032224196781216
212392,0.2729830334377173
212393,0.7955831488812433
212394,0.3185786811258925
212395,0.2678198899195986
212396,0.36221542489126035
212397,0.8461874093836498
212398,0.4944800723567296
212399,0.21265242863181244
212400,0.33549524818085547
212401,0.962349048499916
212402,0.990755427890974
212403,0.930511178478418
212404,0.8402743374496071
212405,0.8418969098404244
212406,0.2680516859754296
212407,0.47953604428668173
212408,0.23556387799346426
212409,0.08707350661982265
212410,0.49320746656001013
212411,0.1442271419546316
212412,0.890737702310234
212413,0.5615963930715705
212414,0.245022066075511
212415,0.5441026083873813
212416,0.8333386358574864
212417,0.5531244744819813
212418,0.5733134564427942
212419,0.5292585707727898
212420,0.5322628294571883
212421,0.7674131105667186
212422,0.6330441185159599
212423,0.3600929002231605
212424,0.9675485521836552
212425,0.444266683634744
212426,0.36189727344208056
212427,0.9090405006794806
212428,0.8002008899150536
212429,0.5705000886279037
212430,0.5177460333331818
212431,0.3956895023656833
212432,0.5965157871294104
212433,0.19035455706500742
212434,0.0653619427236491
212435,0.2931811054399353
212436,0.018902741101985723
212437,0.6575326900614032
212438,0.18887742533667243
212439,0.44448484462846727
212440,0.06853891219474505
212441,0.8379200167256762
212442,0.7819753568977508
212443,0.020120806650274294
212444,0.10643983983347044
212445,0.9492684789179214
212446,0.24334949845696546
212447,0.3030619804473209
212448,0.6984424214052295
212449,0.8709532271919499
212450,0.0763336226996514
212451,0.4941119256798215
212452,0.8376927656905477
212453,0.417251080578672
212454,0.7566550465637372
212455,0.43369042045986517
212456,0.793633334999841
212457,0.20550765608737348
212458,0.4935937933197285
212459,0.22674653783047982
212460,0.35474341085623645
212461,0.7065961885456389
212462,0.9076906295308176
212463,0.8795296812576981
212464,0.9072724876261812
212465,0.10051313283732007
212466,0.06151685520927548
212467,0.5223592293462896
212468,0.559955640597943
212469,0.7115638961735471
212470,0.3253734870762336
212471,0.008744619831743333
212472,0.987642088709714
212473,0.6131823780457321
212474,0.789570086491744
212475,0.6733811772512625
212476,0.6434885760904642
212477,0.014389535544334404
212478,0.6616368437558233
212479,0.7902700196799397
212480,0.1359370241931452
212481,0.22339685757268626
212482,0.14379536498788753
212483,0.3790547265942796
212484,0.6226996513969122
212485,0.9159307520645757
212486,0.30582535303448305
212487,0.6162866271855869
212488,0.7674540157530417
212489,0.13276914476345442
212490,0.7736534239913463
212491,0.15418528231396095
212492,0.654528431377005
212493,0.6559782929811245
212494,0.5725135327991419
212495,0.29732616432067843
212496,0.6520923002804279
212497,0.6828030051676887
212498,0.9270296926202498
212499,0.53106294399171
212500,0.030774335177096733
212501,0.9880056903659196
212502,0.6834983933351817
212503,0.3524345403393312
212504,0.9866058239895283
212505,0.40929274932847315
212506,0.9354470709614082
212507,0.6996832120570309
212508,0.811277105367215
212509,0.4449847969057499
212510,0.16341167434017662
212511,0.2869453370360102
212512,0.40082083073888397
212513,0.9604946800532677
212514,0.3450988769253844
212515,0.9079769658350795
212516,0.772708059685212
212517,0.47827707355207
212518,0.47139136718767755
212519,0.9953686239040819
212520,0.8203126065239227
212521,0.7354752500897642
212522,0.8046322851000586
212523,0.9808972779871012
212524,0.2037305529926689
212525,0.7281168615723045
212526,0.1474859217983738
212527,0.09615900300425867
212528,0.9364333404538657
212529,0.8574454256639139
212530,0.8375927752350912
212531,0.10697160725567104
212532,0.10854418441876003
212533,0.8342249148944874
212534,0.9838515414437713
212535,0.893987392112571
212536,0.9146581462678564
212537,0.4538930374827857
212538,0.4721503856450066
212539,0.803277868930693
212540,0.8286845346580554
212541,0.024543111793874223
212542,0.9592538894014663
212543,0.7821389776430432
212544,0.23333227282850272
212545,0.45603828725439843
212546,0.19705846260129714
212547,0.7318210534448985
212548,0.3884901895728135
212549,0.4434622149703892
212550,0.9199349153035392
212551,0.07319755841487859
212552,0.3807591093577431
212553,0.42914994477799845
212554,0.3688057049099858
212555,0.8780934547156862
212556,0.16178455692865681
212557,0.02007081142254603
212558,0.10781698110634894
212559,0.16570236477427155
212560,0.23329136764217961
212561,0.5394894123742734
212562,0.815676685407302
212563,0.20938910376736766
212564,0.3334136286990787
212565,0.574908758709396
212566,0.41022447857249983
212567,0.36348803068797975
212568,0.7872339458506235
212569,0.47791801691656705
212570,0.10778516596143095
212571,0.7264306588916513
212572,0.4659191622617841
212573,0.6016834756682318
212574,0.990100944909804
212575,0.1435044836629231
212576,0.24427213765958705
212577,0.8769844696642594
212578,0.5885892710241295
212579,0.9914190009135492
212580,0.7166225042155068
212581,0.21883820180800923
212582,0.4392035305720817
212583,0.4649010776244085
212584,0.8065321037537326
212585,0.29504456392798867
212586,0.3851314192736148
212587,0.6475290994950482
212588,0.9926643365860532
212589,0.24086337213266007
212590,0.5358806659364334
212591,0.18219169988319298
212592,0.23842269601538035
212593,0.12908313297367072
212594,0.6361620027179224
212595,0.11888410651710518
212596,0.08310115852577707
212597,0.06714813585975883
212598,0.705887165316038
212599,0.5279268797069371
212600,0.3096886206316669
212601,0.5225001249880694
212602,0.6465791901682112
212603,0.4374718776844028
212604,0.3388040232523259
212605,0.9270115125374396
212606,0.8050958772117207
212607,0.24345403393312456
212608,0.8483781093622882
212609,0.3369360197435699
212610,0.524645374759682
212611,0.8632085119147719
212612,0.5127965057880839
212613,0.38465873712054754
212614,0.32828684534658054
212615,0.5681866730902959
212616,0.22716013471441363
212617,0.40990632712332
212618,0.18408697351616438
212619,0.6249403466032788
212620,0.7825253044027616
212621,0.538712213834134
212622,0.6551738243167698
212623,0.5757586775807765
212624,0.15508519641306967
212625,0.4389399193713327
212626,0.7957467696265357
212627,0.71880411415274
212628,0.6145277041736925
212629,0.1227291940314788
212630,0.2820230796151276
212631,0.7681130437549143
212632,0.983896991650797
212633,0.3108112407452016
212634,0.6513241917816935
212635,0.7810845328400471
212636,0.13700964907895155
212637,0.3512346548738529
212638,0.34079474232005125
212639,0.5822489671440453
212640,0.8039778021188887
212641,0.30721612936946924
212642,0.9130992041668751
212643,0.09148217670131487
212644,0.6805214047749988
212645,0.6817985555924208
212646,0.28380927275123735
212647,0.5681003176969471
212648,0.9697256171001859
212649,0.12901950268383472
212650,0.06762536303352862
212651,0.4781316328895878
212652,0.5906481654023935
212653,0.7462287690720432
212654,0.583244326677908
212655,0.9962139977547598
212656,0.35032110571263647
212657,0.04585471386822167
212658,0.4873216647501829
212659,0.6900341331054763
212660,0.47641816008471916
212661,0.7895200912640158
212662,0.6838074547429563
212663,0.26926066148231304
212664,0.37619136355166094
212665,0.9365424209507275
212666,0.9445371123665469
212667,0.8334386263129429
212668,0.33644061248698987
212669,0.1422455129283114
212670,0.8476281809463642
212671,0.2670290563173515
212672,0.017621045263861178
212673,0.6413115111739334
212674,0.3688284300134987
212675,0.456633684966435
212676,0.28617722853727595
212677,0.8538503142881817
212678,0.2445130237568232
212679,0.4714231823325955
212680,0.7467514464528386
212681,0.2839728934965299
212682,0.8679171533626335
212683,0.9848378109362289
212684,0.13106021697928835
212685,0.9297657950831967
212686,0.4606787533917217
212687,0.2422814185918617
212688,0.5439344426213862
212689,0.6303807363842543
212690,0.32767326755173365
212691,0.7272442175974112
212692,0.7735443434944846
212693,0.9309429554451621
212694,0.766058694397353
212695,0.9521954722503762
212696,0.1775557787665723
212697,0.9977456697315257
212698,0.72372182655292
212699,0.9565905072697607
212700,0.5776766763172607
212701,0.3503301957540417
212702,0.831475177369433
212703,0.8687443471305012
212704,0.38065002886088145
212705,0.025629371741788285
212706,0.2207062053167652
212707,0.9534089927779622
212708,0.9405647642725012
212709,0.1827371023675013
212710,0.27689629626262946
212711,0.7646406479381515
212712,0.4780589125583467
212713,0.46863708464192055
212714,0.3035664777453061
212715,0.8667036328350476
212716,0.9625353943487213
212717,0.1323010076310898
212718,0.5880756836847393
212719,0.8129587630271656
212720,0.6686225405756724
212721,0.596911203930534
212722,0.39937551415546696
212723,0.35614782225333036
212724,0.22264692915676232
212725,0.7302302961989993
212726,0.2861545034337631
212727,0.40130714795405886
212728,0.9697165270587808
212729,0.15264452029578995
212730,0.012507896973470713
212731,0.13036937383249783
212732,0.8452511351189206
212733,0.3198694670054222
212734,0.6166502288417924
212735,0.4140968362110889
212736,0.08591452634066747
212737,0.2081119529499457
212738,0.7948559455688321
212739,0.26047968148494915
212740,0.1289649624354039
212741,0.8054003935987929
212742,0.7007785620463501
212743,0.8954872489444189
212744,0.9780430049858877
212745,0.030751610073583884
212746,0.8896787124865354
212747,0.2253148563091705
212748,0.8400743565386941
212749,0.9770521904727276
212750,0.13395085014612243
212751,0.40498861472314
212752,0.3451125119874921
212753,0.24615377623045073
212754,0.619409056408252
212755,0.30343921716563416
212756,0.5348580362783553
212757,0.8785979520136715
212758,0.23066434567609456
212759,0.025106694360992814
212760,0.7079551497357072
212761,0.6457838115452617
212762,0.3403129701255789
212763,0.29146308761436407
212764,0.8150949227573732
212765,0.9570904595470433
212766,0.7505056335531608
212767,0.37800028179128353
212768,0.5782766190499998
212769,0.1366642275055563
212770,0.18602315233545888
212771,0.5728044141241064
212772,0.5358897559778385
212773,0.3713827316483426
212774,0.9533544525295313
212775,0.6627003786002246
212776,0.9504956345076152
212777,0.7876975379622855
212778,0.6124324496298081
212779,0.38135905209048226
212780,0.020807104776362256
212781,0.041864185691365824
212782,0.7941332872771236
212783,0.12328823157789483
212784,0.5361033719508593
212785,0.29893510164938797
212786,0.7716445248408107
212787,0.020302607478377064
212788,0.4324405397666586
212789,0.7711036673772049
212790,0.7716127096958927
212791,0.4506569827425564
212792,0.2449766158684853
212793,0.7112502897450698
212794,0.7603774185191413
212795,0.5346580553674423
212796,0.2434085837260989
212797,0.9444734820767109
212798,0.8123270051495085
212799,0.7018693670149667
212800,0.7535826125688003
212801,0.17165179687393475
212802,0.7411565259679758
212803,0.001531671976765854
212804,0.2542530031224292
212805,0.23136427886429023
212806,0.8862744919803109
212807,0.7422973261643208
212808,0.6512332913676422
212809,0.6946927793256099
212810,0.8953645333854496
212811,0.28569545634280363
212812,0.5590739065816445
212813,0.36887388022052436
212814,0.8155948750346558
212815,0.8314933574522432
212816,0.04628649083496575
212817,0.2483944714368174
212818,0.5992427995509519
212819,0.8240486135414347
212820,0.9655760131987402
212821,0.04925438935374351
212822,0.6844483026620187
212823,0.9393512437449153
212824,0.49447098231532444
212825,0.1891001313510983
212826,0.5808990959953823
212827,0.5114557246808259
212828,0.7811118029642625
212829,0.9573631607891975
212830,0.9155353352634521
212831,0.8705078151630982
212832,0.5163461669567906
212833,0.8650492452993124
212834,0.7455242908631449
212835,0.7552779052908586
212836,0.1440498861472314
212837,0.6753264461119621
212838,0.3930761154617059
212839,0.22773280732293738
212840,0.1395503156516878
212841,0.26679726026152045
212842,0.7573549797519329
212843,0.16060739656669137
212844,0.9863376677680767
212845,0.45766994968662084
212846,0.40331150208389194
212847,0.5697001649842516
212848,0.26469746069693345
212849,0.7950059312520169
212850,0.4707686993514255
212851,0.7876520877552597
212852,0.5329218574590607
212853,0.51680521404775
212854,0.15901209430008956
212855,0.6736766035969294
212856,0.6877343526299763
212857,0.40580217342889996
212858,0.46579644670281467
212859,0.07220674390171847
212860,0.11675249180760017
212861,0.6197635680230524
212862,0.8778343885356398
212863,0.6978061185068698
212864,0.6406070329650352
212865,0.15237636407433836
212866,0.3993891492175747
212867,0.15851214202280692
212868,0.715586239495321
212869,0.4632557801300785
212870,0.03202876089100586
212871,0.971370914594516
212872,0.28294117379704664
212873,0.03368314842674108
212874,0.6243222237877294
212875,0.04668645265679185
212876,0.38965825989337377
212877,0.8335522518305071
212878,0.24257229991682613
212879,0.43379041091532167
212880,0.27818708214215915
212881,0.33825407574731503
212882,0.9163716190727249
212883,0.6629094495525428
212884,0.13768685716363438
212885,0.8029915326264312
212886,0.12037032828684534
212887,0.7948650356102371
212888,0.7505238136359712
212889,0.07003876902659291
212890,0.5685729998500143
212891,0.636925566195954
212892,0.39522136523331863
212893,0.73109839515319
212894,0.39823925897982465
212895,0.8911103940078448
212896,0.030578899286886254
212897,0.8479917826025697
212898,0.9728435013021485
212899,0.998427422836911
212900,0.8221760650119762
212901,0.7587321210248112
212902,0.24507206130323925
212903,0.963889810518087
212904,0.5733180014634967
212905,0.9620081719472233
212906,0.3129337654133014
212907,0.3037528235941115
212908,0.9880602306143504
212909,0.36144731639252614
212910,0.4854718413242372
212911,0.6309079587857522
212912,0.32614614059567043
212913,0.28326841528763164
212914,0.6505242681380414
212915,0.02787461196885752
212916,0.2584526022516032
212917,0.9597083914717232
212918,0.3761822735102558
212919,0.3515528063230328
212920,0.1386913067389022
212921,0.35682503033801316
212922,0.7103731007494739
212923,0.5851350552901768
212924,0.8873562069075225
212925,0.8980324605378578
212926,0.13436444703005623
212927,0.18214624967616727
212928,0.8912467446289218
212929,0.850659709754978
212930,0.16470700524040888
212931,0.24572199926370666
212932,0.6313760959181169
212933,0.37674131105667186
212934,0.868439830743429
212935,0.14478163448034506
212936,0.8623767731262016
212937,0.26874252912222013
212938,0.13703237418246442
212939,0.9725662550392917
212940,0.2672653973938851
212941,0.6270855963748916
212942,0.040896096281718565
212943,0.8939373968848429
212944,0.022184246049240755
212945,0.5732089209666351
212946,0.3837224628558183
212947,0.5667186314033661
212948,0.10237659132537348
212949,0.8711713881856732
212950,0.8398016552965399
212951,0.015243999436417433
212952,0.5844805723090069
212953,0.6042195972202654
212954,0.39161716381618117
212955,0.907886065421028
212956,0.3170879143354498
212957,0.7646815531244745
212958,0.4857809027320119
212959,0.06629821698837837
212960,0.07984237868203488
212961,0.43666286399934545
212962,0.5301493948304935
212963,0.2843364951527354
212964,0.11435726589734616
212965,0.7506010789879148
212966,0.44435758404879533
212967,0.9777384885988156
212968,0.6829166306852529
212969,0.6449793428809069
212970,0.10523995436799215
212971,0.6205316765217865
212972,0.6089282386681272
212973,0.056330986587643905
212974,0.7941787374841492
212975,0.4811177114911758
212976,0.3393176105917162
212977,0.044254866580917276
212978,0.15733952668154402
212979,0.9962094527340571
212980,0.27851886865344666
212981,0.09027320119443144
212982,0.1638434513069207
212983,0.30455274723776365
212984,0.5373805227682812
212985,0.4148376745856077
212986,0.3005622190609078
212987,0.01625299403238782
212988,0.5915480795015021
212989,0.25399393694238276
212990,0.801337145090696
212991,0.7061325964339769
212992,0.9020457138182264
212993,0.44063521209339107
212994,0.19251344189872785
212995,0.9074588334749865
212996,0.4785952250012499
212997,0.38147722262874906
212998,0.7211629798973734
212999,0.8413151471904955
213000,0.8515368987505738
213001,0.903168333931761
213002,0.7766758627585549
213003,0.48710350375645955
213004,0.009235482067620817
213005,0.6559555678776117
213006,0.5832806868435286
213007,0.38775389621899725
213008,0.5255452888587908
213009,0.7009194576881298
213010,0.32071938587680265
213011,0.7820389871875867
213012,0.2982306234404898
213013,0.9084814631330645
213014,0.35654323905445384
213015,0.07260216070284199
213016,0.759927461469587
213017,0.4082837547325028
213018,0.85243226782898
213019,0.29316747037782753
213020,0.3999618218260984
213021,0.40107080687752533
213022,0.4387081233155017
213023,0.9488912421996082
213024,0.14471345916980652
213025,0.2259647942696379
213026,0.31549261206884793
213027,0.14238186354938848
213028,0.9008685534562609
213029,0.16345712454720232
213030,0.1994673235736589
213031,0.45847896337167815
213032,0.682902995623145
213033,0.5514655419255434
213034,0.4253775775948659
213035,0.8786797623863177
213036,0.40501588484735546
213037,0.9354107107957876
213038,0.5932751873684785
213039,0.4088882424859445
213040,0.8409742706378027
213041,0.7822616932020126
213042,0.39653033119565856
213043,0.41475586421296146
213044,0.38213625063062157
213045,0.111330282109435
213046,0.9794519614036842
213047,0.5280359602037988
213048,0.014012298826021152
213049,0.8592634339449416
213050,0.007999236436521968
213051,0.8361020084446484
213052,0.23845451116029834
213053,0.8184173328909513
213054,0.7509328654992024
213055,0.07942878179810108
213056,0.4255730134850764
213057,0.1076306352575436
213058,0.5728271392276192
213059,0.2739420328059594
213060,0.4071974947845887
213061,0.44876170910958496
213062,0.9322291963039891
213063,0.5998472873043937
213064,0.7578412969671078
213065,0.4194054203916899
213066,0.346189681894001
213067,0.7903154698869654
213068,0.0809059135264361
213069,0.821607937424155
213070,0.5861076897205267
213071,0.16206180319151356
213072,0.9359970184664191
213073,0.5177369432917767
213074,0.8787343026347485
213075,0.29274023843178604
213076,0.11381186341303784
213077,0.567373114384536
213078,0.9170806423023257
213079,0.2324505388122043
213080,0.6577144908895061
213081,0.6168002145249772
213082,0.4910258566227769
213083,0.32723240054358443
213084,0.5613191468087138
213085,0.0003545116148004054
213086,0.25761177342162794
213087,0.2644883897446153
213088,0.6209225483022076
213089,0.33854495707227944
213090,0.6636411978856563
213091,0.24834447620908914
213092,0.11942041896000835
213093,0.7255716499788656
213094,0.5592057121820191
213095,0.8852155021566124
213096,0.9544179873739326
213097,0.7405338581317238
213098,0.552610887142591
213099,0.7305529926688816
213100,0.7358115816217543
213101,0.88669717890565
213102,0.4306997968375746
213103,0.6528831338826749
213104,0.8298798751028311
213105,0.9420737111457542
213106,0.4005617645588376
213107,0.7857249989773704
213108,0.7023784093336545
213109,0.8785479567859431
213110,0.05513564614286818
213111,0.42672290372282645
213112,0.6265810990769063
213113,0.602892451175115
213114,0.32928674990114576
213115,0.09761340962908084
213116,0.18670945046154686
213117,0.1431181569032047
213118,0.305920798469237
213119,0.840169801973448
213120,0.9526136141550126
213121,0.03240599760931911
213122,0.7295758132178293
213123,0.5905709000504498
213124,0.5158325796174001
213125,0.7215720317606047
213126,0.5159280250521542
213127,0.40153894400988993
213128,0.9903509210484454
213129,0.07239763477122638
213130,0.7371205475840943
213131,0.08886878979733752
213132,0.7633862222242422
213133,0.6470609623626836
213134,0.9830152576344986
213135,0.26660636939201254
213136,0.9638989005594921
213137,0.600256339167625
213138,0.2179564677917108
213139,0.3105521745651551
213140,0.7228173674331086
213141,0.7255125647097322
213142,0.7636816485699093
213143,0.5954340722021989
213144,0.13999572768053958
213145,0.8436012926038878
213146,0.7089186941246518
213147,0.3830452547711355
213148,0.42685470932320096
213149,0.9136673317546962
213150,0.2667609000958999
213151,0.4475572786234041
213152,0.878043459487958
213153,0.7317256080101445
213154,0.3201694383717918
213155,0.7158680307788803
213156,0.16463428490916776
213157,0.0891823962258148
213158,0.15166279582403497
213159,0.2896178092091209
213160,0.17524236322896453
213161,0.33365451479631486
213162,0.3793865131055672
213163,0.46962335413437806
213164,0.2195699501411229
213165,0.4264502024806723
213166,0.07382931629253571
213167,0.23172333549979318
213168,0.7661495948114044
213169,0.5279359697483422
213170,0.21512037487330757
213171,0.747360479226983
213172,0.06925248044504842
213173,0.3190150031133392
213174,0.09737706855254726
213175,0.5429708982324415
213176,0.9325700728566818
213177,0.4871262288599724
213178,0.6538921284786453
213179,0.5826943791728972
213180,0.22545575195095016
213181,0.10186754900668571
213182,0.12388817431063398
213183,0.9579358333977211
213184,0.5542652746783262
213185,0.5570286472654883
213186,0.17309256843664925
213187,0.09351380095536335
213188,0.4140922911903863
213189,0.9782520759382058
213190,0.3787365751450998
213191,0.9490457729034957
213192,0.6217679221528853
213193,0.8701805736725131
213194,0.3521845642006899
213195,0.25432117843296775
213196,0.9772203562387226
213197,0.20163075342808187
213198,0.013939578494780043
213199,0.6518150540175711
213200,0.23942714559064818
213201,0.09601810736247902
213202,0.00902186609460006
213203,0.8997777484876444
213204,0.8902559301157618
213205,0.7463333045482022
213206,0.7017648315388076
213207,0.7850977861204158
213208,0.2848319024093155
213209,0.8703260143349953
213210,0.459947005058608
213211,0.21106621640661574
213212,0.9599674576517697
213213,0.631976038650856
213214,0.6760036541966449
213215,0.38779480140532036
213216,0.5794765045154782
213217,0.8327705082696651
213218,0.5428618177355798
213219,0.2195426800169075
213220,0.25901618481872185
213221,0.7935878847928153
213222,0.4191872593979666
213223,0.31774239731661974
213224,0.8795478613405084
213225,0.210229932597343
213226,0.8016143913535526
213227,0.15533517255171098
213228,0.1430908867789893
213229,0.4355947841342417
213230,0.10818967280395961
213231,0.8762709014139559
213232,0.7437744578926557
213233,0.08340567491284921
213234,0.9750841965085152
213235,0.3131473813863222
213236,0.06922975534153558
213237,0.4553156289626899
213238,0.3346044241231519
213239,0.7091823053254008
213240,0.7743897173451625
213241,0.6325487112593798
213242,0.07668358929374923
213243,0.3256234632148749
213244,0.4067111775694138
213245,0.30389826425659366
213246,0.14268183491575806
213247,0.6349030319833108
213248,0.21752923584566927
213249,0.1366642275055563
213250,0.921330236659228
213251,0.790424550383827
213252,0.6734311724789906
213253,0.27589184668736166
213254,0.24218597315710774
213255,0.34008571909045043
213256,0.3223328682262147
213257,0.5278405243135883
213258,0.9042636839210803
213259,0.9871966766808623
213260,0.2909176851300557
213261,0.7064098426968335
213262,0.655182914358175
213263,0.3650742429131764
213264,0.7916880661391413
213265,0.9920553038119089
213266,0.9316792487989783
213267,0.16799760022906904
213268,0.8941237427336481
213269,0.021470677798937375
213270,0.468241667840797
213271,0.6933883583839725
213272,0.11325737088732439
213273,0.4598742847273669
213274,0.033960394689597814
213275,0.7720399416419342
213276,0.22128342294599154
213277,0.9385831352461811
213278,0.2188018416423887
213279,0.5934297180723658
213280,0.8943737188722894
213281,0.658991641706928
213282,0.4560655573786139
213283,0.4812767872157657
213284,0.9790110943955349
213285,0.3666059148899423
213286,0.2975943205421301
213287,0.31646524649919777
213288,0.7350934683507484
213289,0.7222401498038823
213290,0.08212852409542726
213291,0.6979106539830289
213292,0.9030274382899814
213293,0.7351934588062049
213294,0.6982651655978293
213295,0.42614568609360015
213296,0.6744992523440945
213297,0.7895882665745543
213298,0.8244667554460711
213299,0.6553419900827648
213300,0.8464282954808859
213301,0.5810718067820799
213302,0.40097536144277135
213303,0.9575904118243259
213304,0.7832070575081469
213305,0.10079946914158193
213306,0.9766431386094964
213307,0.4095699955913299
213308,0.9716390708159676
213309,0.06039878011644343
213310,0.40592488898786927
213311,0.9495457251807783
213312,0.8806568463919354
213313,0.27847796346712356
213314,0.34497161634571244
213315,0.36909658623495023
213316,0.9282023079615128
213317,0.44607105685366394
213318,0.3195558605769449
213319,0.1483449307111594
213320,0.13990028224578566
213321,0.9457733579976457
213322,0.6169456551874595
213323,0.4178237531871957
213324,0.452729512182928
213325,0.7025465750996496
213326,0.1930088491553079
213327,0.6313624608560092
213328,0.40518859563405313
213329,0.599842742283691
213330,0.6609414555883303
213331,0.29141309238663576
213332,0.5750996495789038
213333,0.6593825134873489
213334,0.5762904450029771
213335,0.9517909654078475
213336,0.8876425432117844
213337,0.1850641529672168
213338,0.09190940864735639
213339,0.2780461865003795
213340,0.5635371169115676
213341,0.21002995168642996
213342,0.26606096690770425
213343,0.8250939683030256
213344,0.6958153994391445
213345,0.8024552201835279
213346,0.6077328982233514
213347,0.5015703046527378
213348,0.17754668872516716
213349,0.5868348930329378
213350,0.32006490289563266
213351,0.057576322260147896
213352,0.28398652855863754
213353,0.9200439958004009
213354,0.9305793537889565
213355,0.937337799573677
213356,0.09641806918430512
213357,0.2700196799396421
213358,0.961399139173079
213359,0.8823748642175065
213360,0.5130510269474278
213361,0.4665054699324155
213362,0.3833906763445307
213363,0.6727176042286872
213364,0.31213838679035183
213365,0.48450375191459
213366,0.26296580780925455
213367,0.1870594170556447
213368,0.7411201658023553
213369,0.8584771453633971
213370,0.29415828489098766
213371,0.7427109230482545
213372,0.6336849664350221
213373,0.3012576072284009
213374,0.09499547770440094
213375,0.5096786215861213
213376,0.04387308484190145
213377,0.09274114743592657
213378,0.9759704755455161
213379,0.4879125174415169
213380,0.7513828225487568
213381,0.4485253680330513
213382,0.25701637570959135
213383,0.14007753805318585
213384,0.9192804323223693
213385,0.27442380500043173
213386,0.43001349871148664
213387,0.14800859917916925
213388,0.7499602310688526
213389,0.767703991891683
213390,0.826166593188832
213391,0.3378404788633812
213392,0.7901200339967549
213393,0.6511287558914831
213394,0.6598824657646316
213395,0.28559092086664456
213396,0.47199585494111923
213397,0.5248862608569183
213398,0.03511937496875298
213399,0.8516550692888407
213400,0.7152771780875462
213401,0.7817708309661351
213402,0.5412937855931934
213403,0.8590452729512184
213404,0.7809527272396726
213405,0.9281204975888666
213406,0.843314956299626
213407,0.2902450220660755
213408,0.2161202794278728
213409,0.5757223174151558
213410,0.6337258716213453
213411,0.3611609800882643
213412,0.42162793551524624
213413,0.3528981324509933
213414,0.4424941255607419
213415,0.14056385526836077
213416,0.7631498811477087
213417,0.021079806018516414
213418,0.1112121115711682
213419,0.4362310870326014
213420,0.9623672285827262
213421,0.15625781175433257
213422,0.7991055399257344
213423,0.7960149258479873
213424,0.23177333072752146
213425,0.21230246203771458
213426,0.649578903831907
213427,0.5176051376914023
213428,0.6703905536289718
213429,0.704241867821708
213430,0.5238090909504093
213431,0.5962521759286613
213432,0.061539580312788326
213433,0.19725389849150762
213434,0.9443053163107158
213435,0.6198862835820217
213436,0.033960394689597814
213437,0.7198631039764387
213438,0.8113589157398612
213439,0.8727894155557878
213440,0.6645138418605496
213441,0.7581503583748824
213442,0.9336336077010831
213443,0.31344735275269175
213444,0.037564596106735265
213445,0.30439367151317376
213446,0.044709368651174204
213447,0.6795533153653516
213448,0.07347025965703273
213449,0.8548456738220442
213450,0.5351489176033197
213451,0.42555483340226613
213452,0.5682184882352139
213453,0.9165170597352071
213454,0.9930688434285818
213455,0.0015953022666018244
213456,0.20297607955604238
213457,0.48693988301116714
213458,0.5374759682030352
213459,0.7957513146472383
213460,0.41129255843760365
213461,0.08335567968512096
213462,0.46956426886524466
213463,0.6721222065166508
213464,0.0270337831388822
213465,0.6662273146654184
213466,0.12432449629808064
213467,0.7592866135505247
213468,0.19020911640252522
213469,0.0146713268278937
213470,0.09188213852314098
213471,0.5439389876420887
213472,0.6543557205903073
213473,0.24878534321723836
213474,0.12521532035578423
213475,0.7243990346376028
213476,0.19373150744701645
213477,0.3900173165288767
213478,0.9968003054253913
213479,0.5667049963412584
213480,0.264702005717636
213481,0.6974152467264488
213482,0.69764704278228
213483,0.5896073556615051
213484,0.09419100904004617
213485,0.10469000686298126
213486,0.9820835283904719
213487,0.3376814031387913
213488,0.6160275610055405
213489,0.11289376923111884
213490,0.7762668108953237
213491,0.990028224578563
213492,0.2515714409079133
213493,0.4352993577885747
213494,0.5734998022915995
213495,0.9322564664282046
213496,0.6359438417241992
213497,0.7033374087018966
213498,0.4379945550651983
213499,0.6055058380790924
213500,0.9642397771121848
213501,0.49823880447775437
213502,0.9811018039187169
213503,0.7956785943159971
213504,0.22556028742710924
213505,0.7433517709673169
213506,0.20629848968962053
213507,0.7364160693751961
213508,0.7335345262497671
213509,0.7994191463542116
213510,0.94441894182828
213511,0.5995018657309984
213512,0.28471373187104865
213513,0.3993846041968721
213514,0.06686634457619954
213515,0.5546106962517214
213516,0.912444721185705
213517,0.09799519136809667
213518,0.9321928361383686
213519,0.23391403547843162
213520,0.8901286695360898
213521,0.9762477218083729
213522,0.5005294949118494
213523,0.13579612855136558
213524,0.6006972061757742
213525,0.1154026206589371
213526,0.09869966957699491
213527,0.6615686684452847
213528,0.909849514364538
213529,0.710477636225633
213530,0.3327364206143959
213531,0.35799764567927606
213532,0.061885001886183594
213533,0.7698083364769727
213534,0.03471032310552175
213535,0.8108725985246863
213536,0.5479749660259703
213537,0.48673081205884894
213538,0.32481899455052016
213539,0.3189331927406929
213540,0.4251276014562246
213541,0.8484780998177447
213542,0.7464423850450639
213543,0.30899777748487645
213544,0.9627262852182292
213545,0.034646692815685776
213546,0.6824530385735907
213547,0.924875352807232
213548,0.42143704464573833
213549,0.25053517618772747
213550,0.6410388099317792
213551,0.664045704728185
213552,0.39777566686816257
213553,0.9067634453074934
213554,0.23510937592320733
213555,0.8042868635266633
213556,0.519982183518846
213557,0.24082246694633694
213558,0.6935656141913726
213559,0.4497797937469605
213560,0.38136359711118484
213561,0.7587412110662164
213562,0.9825243953986211
213563,0.8395289540543858
213564,0.1105894437349162
213565,0.9114039114448166
213566,0.26621095259088906
213567,0.9023184150603806
213568,0.6264311133937215
213569,0.19237254625694822
213570,0.5225319401329873
213571,0.6628594543248144
213572,0.733789047409111
213573,0.9030910685798175
213574,0.10994859581585394
213575,0.8924284500115899
213576,0.41637389158307614
213577,0.16446157412247014
213578,0.8594543248144495
213579,0.759495684502843
213580,0.19732661882274874
213581,0.28889060589670984
213582,0.7524054522068349
213583,0.26955608782798
213584,0.07839706209861785
213585,0.8752119115902574
213586,0.050404279591493545
213587,0.28800887188041135
213588,0.04770908231486994
213589,0.7787029419919008
213590,0.6661636843755824
213591,0.6044286681725836
213592,0.1044036705587194
213593,0.5767903972802597
213594,0.8023779548315843
213595,0.07112957399520954
213596,0.1484903713736416
213597,0.3702828366383209
213598,0.19523136427886428
213599,0.7525781629935324
213600,0.19698119724935348
213601,0.2523168243031347
213602,0.5216683861994991
213603,0.5075379168352112
213604,0.8769753796228542
213605,0.8757209539089451
213606,0.5392394362356321
213607,0.2533349089405102
213608,0.07741988264756546
213609,0.7300757654951119
213610,0.46150140213888674
213611,0.6755718772299008
213612,0.007499284159239344
213613,0.9660486953518073
213614,0.9020002636112008
213615,0.4590561810009044
213616,0.40340240249794335
213617,0.21756559601128983
213618,0.6866162775371442
213619,0.2357547688629722
213620,0.7834933938124089
213621,0.4912485626372028
213622,0.8136905113602793
213623,0.4078610678071638
213624,0.10508087864340221
213625,0.48930783879720574
213626,0.5734679871466815
213627,0.8948418560046542
213628,0.1333599974547884
213629,0.24339949368469374
213630,0.87079415146736
213631,0.6296808031960586
213632,0.14743138154994295
213633,0.8703441944178055
213634,0.42422314233641334
213635,0.5828489098767845
213636,0.6427659177987556
213637,0.6428113680057813
213638,0.13588248394471436
213639,0.3165925070788697
213640,0.5304766363210784
213641,0.46925975247817253
213642,0.8654992023488668
213643,0.284541021084351
213644,0.9898827839160808
213645,0.41519673122111067
213646,0.34738047731807414
213647,0.08360565582376228
213648,0.08439194440530676
213649,0.6947564096154458
213650,0.47302757464060247
213651,0.4853945759722935
213652,0.2679926007062962
213653,0.3849632535076197
213654,0.12431086123597292
213655,0.8188036596506697
213656,0.9303475577331255
213657,0.062489489639625306
213658,0.8110953045391122
213659,0.6572508987778439
213660,0.8120224887624363
213661,0.33280459592493444
213662,0.7721672022216062
213663,0.47986328577726667
213664,0.9550633803136974
213665,0.11423000531767422
213666,0.610628076410888
213667,0.908740529313111
213668,0.6980015543970803
213669,0.9518955008840065
213670,0.7879611491630345
213671,0.25556651410547176
213672,0.7905563559842015
213673,0.555692411178933
213674,0.3873584794178737
213675,0.26159775657778117
213676,0.8163629835333901
213677,0.5567332209198212
213678,0.02493398357429518
213679,0.9388149313020121
213680,0.2729603083342044
213681,0.13811863413037848
213682,0.269746978697488
213683,0.838597224810359
213684,0.29853059480685934
213685,0.33407720172165384
213686,0.2047622726921521
213687,0.4881897637043736
213688,0.8017734670781426
213689,0.2682743919898555
213690,0.7177587593911491
213691,0.8203080615032202
213692,0.8735802491580349
213693,0.6666999968184855
213694,0.011717063371223656
213695,0.29271296830757065
213696,0.5339899373241646
213697,0.8013416901113984
213698,0.2544757091368551
213699,0.9839697119820381
213700,0.7609319110448548
213701,0.27785984065157415
213702,0.10158575772312642
213703,0.6887160771017312
213704,0.27464651101485765
213705,0.5392757964012527
213706,0.07728807704719094
213707,0.896341712836502
213708,0.6891933042755011
213709,0.7825071243199514
213710,0.7479013366905887
213711,0.021470677798937375
213712,0.26209316383436126
213713,0.4929393103385586
213714,0.23243235872939402
213715,0.6619413601428954
213716,0.10768517550597442
213717,0.10628530912958309
213718,0.47761350052949486
213719,0.0840147076869935
213720,0.23850450638802662
213721,0.15164916076192728
213722,0.6742674562882635
213723,0.8363065343762641
213724,0.2644792997032101
213725,0.8256893660150623
213726,0.43960803741461035
213727,0.717326982424405
213728,0.17300166802259787
213729,0.23398221078897016
213730,0.7663677558051277
213731,0.33937215084014705
213732,0.32068757073188464
213733,0.9553315365351489
213734,0.005444934801678021
213735,0.5359079360606488
213736,0.8464464755636962
213737,0.5193549706618914
213738,0.6666727266942701
213739,0.6180864553838044
213740,0.701887547097777
213741,0.5982656200998996
213742,0.40715204457756304
213743,0.6351393730598444
213744,0.3662786733993573
213745,0.5350761972720787
213746,0.46109689529635806
213747,0.9299248708077865
213748,0.8633903127428746
213749,0.8596134005390395
213750,0.011335281632207834
213751,0.2734466255493794
213752,0.6786761263697556
213753,0.49989773703419216
213754,0.583107976056831
213755,0.031928770435549335
213756,0.1772876225451207
213757,0.2729375832306916
213758,0.4298635130283018
213759,0.8479008821885183
213760,0.6207725626190228
213761,0.04950436549238482
213762,0.805114057294531
213763,0.6803214238640858
213764,0.9937778666581827
213765,0.18110543993527892
213766,0.12062939446689179
213767,0.937369614718595
213768,0.04830448002690652
213769,0.6491880320514861
213770,0.6269810608987325
213771,0.15349443916717043
213772,0.07606092145749722
213773,0.5321219338154085
213774,0.09926325214411351
213775,0.5521382049895238
213776,0.7196403979620127
213777,0.21892455720135806
213778,0.4835856577326709
213779,0.952809050045223
213780,0.47267306302580203
213781,0.8104544566200499
213782,0.3026665636461974
213783,0.5202412496988925
213784,0.36850573354361627
213785,0.8705487203494212
213786,0.7553824407670178
213787,0.33993118838656305
213788,0.26460656028288204
213789,0.9606355756950473
213790,0.5618872743965349
213791,0.9689075133737235
213792,0.27146954154376174
213793,0.5033292276646321
213794,0.5505565377850297
213795,0.8103317410610806
213796,0.44997068461646844
213797,0.9985910435822036
213798,0.5925252589525545
213799,0.7800255430163485
213800,0.08086046331941041
213801,0.6073556615050382
213802,0.8709077769849242
213803,0.5445571104576382
213804,0.253484894623695
213805,0.6491198567409475
213806,0.8756073283913809
213807,0.8074092927493286
213808,0.29582630748883054
213809,0.05180869098858745
213810,0.20942546393298822
213811,0.7493966485017339
213812,0.2999622763281687
213813,0.6635366624094973
213814,0.6198135632507806
213815,0.864367492193927
213816,0.2824230414369537
213817,0.9819108176037742
213818,0.4035251180569127
213819,0.8121224792178929
213820,0.24220415323991804
213821,0.7719172260829649
213822,0.08572363547115956
213823,0.1972766235950205
213824,0.565050608805523
213825,0.2186791260834193
213826,0.13221919725844353
213827,0.9162352684516478
213828,0.05159962003626927
213829,0.692243013166925
213830,0.734484435576604
213831,0.3474895578149358
213832,0.07023874993750595
213833,0.028051867776257722
213834,0.8484371946314216
213835,0.3219374514250912
213836,0.9441826007517464
213837,0.6784534203553297
213838,0.2066620913458261
213839,0.5046563737097823
213840,0.9887419837197359
213841,0.5304539112175657
213842,0.622436040196163
213843,0.8809340926547921
213844,0.6814576790397281
213845,0.9110312197472059
213846,0.8749164852445903
213847,0.049286204498661494
213848,0.7699355970566446
213849,0.8320160348330387
213850,0.4092336640593398
213851,0.4370310106762536
213852,0.7240354329813973
213853,0.12240195254089382
213854,0.5917980556401434
213855,0.14781770830966137
213856,0.26631094304634556
213857,0.29349471186841253
213858,0.09500911276650865
213859,0.5497111639343518
213860,0.3514300907640634
213861,0.7994236913749143
213862,0.9588993777866658
213863,0.5713318274164739
213864,0.7381431772421724
213865,0.3300275882756646
213866,0.49092586616732037
213867,0.3306411660705114
213868,0.430368010326287
213869,0.6979151990037314
213870,0.6796714859036183
213871,0.5795674049295295
213872,0.5471659523409129
213873,0.2948264029342653
213874,0.8431649706164411
213875,0.47267306302580203
213876,0.4723867267215402
213877,0.18071911317556053
213878,0.09493184741456497
213879,0.32637339163079887
213880,0.20728930420278066
213881,0.4458801659841561
213882,0.11719790383645197
213883,0.3741097440698842
213884,0.4482117616045741
213885,0.5665459206166684
213886,0.3896718949554815
213887,0.9764386126778807
213888,0.13403266051876866
213889,0.34353084478299795
213890,0.9756614141377414
213891,0.6909249571631798
213892,0.457551779148354
213893,0.547038691761241
213894,0.5545243408583725
213895,0.8502824730366647
213896,0.7863658468964326
213897,0.7931106576190455
213898,0.694565518745938
213899,0.029051772330822966
213900,0.12482444857536325
213901,0.24663100340422053
213902,0.6563555296994378
213903,0.305561741833734
213904,0.40509315019929915
213905,0.045041155162461766
213906,0.020661664113880037
213907,0.7044054885670005
213908,0.5064516568872971
213909,0.06036241995082287
213910,0.27000149985683186
213911,0.7264079337881384
213912,0.6277082642111436
213913,0.18444148513096478
213914,0.047500011362551754
213915,0.8745665186504925
213916,0.5165552379091087
213917,0.4254866580917276
213918,0.9641534217188359
213919,0.27877338981279054
213920,0.6907386113143745
213921,0.546679635125738
213922,0.8880379600129079
213923,0.8620995268633449
213924,0.5747996782125343
213925,0.43418128269574263
213926,0.44522568300298604
213927,0.854404806813895
213928,0.6140641120620305
213929,0.47050963317137906
213930,0.7937878657037283
213931,0.10784879625126692
213932,0.12074756500515858
213933,0.7501647570004681
213934,0.075947295939933
213935,0.22668290754064385
213936,0.6436203816908386
213937,0.9260070629621718
213938,0.011576167729444007
213939,0.3364587925698001
213940,0.3304730003045163
213941,0.27498738756755037
213942,0.3933260916003472
213943,0.7026283854722958
213944,0.9836379254707506
213945,0.2524622649656169
213946,0.7215629417191997
213947,0.7179723753641698
213948,0.7990055494702779
213949,0.08644629376286808
213950,0.8034642147794984
213951,0.39803018802750645
213952,0.972129933051845
213953,0.6786443112248377
213954,0.20791651705973524
213955,0.8977779393785139
213956,0.18640493407447473
213957,0.16205271315010839
213958,0.1615482158521232
213959,0.4226687452561346
213960,0.5873303002895178
213961,0.947827707355207
213962,0.5511155753314457
213963,0.3200603578749301
213964,0.20434413078751573
213965,0.8407242944991614
213966,0.7318755936933293
213967,0.3054526613368724
213968,0.4624967616727494
213969,0.7958467600819922
213970,0.8483235691138574
213971,0.8126133414537704
213972,0.8900059539771205
213973,0.7171542716377073
213974,0.30863417582867086
213975,0.5306038969007504
213976,0.2783507028874517
213977,0.8515096286263584
213978,0.40247976329532176
213979,0.259257070915958
213980,0.8948054958390336
213981,0.9585585012339731
213982,0.2913221919725844
213983,0.20405779448325387
213984,0.34563064434758495
213985,0.25108512369273844
213986,0.3696919839469869
213987,0.6014653146745085
213988,0.884438303616473
213989,0.8394062384954164
213990,0.3214784043341317
213991,0.3118929556724131
213992,0.10591261743197239
213993,0.7176496788942873
213994,0.011771603619654488
213995,0.5247953604428668
213996,0.6369164761545489
213997,0.8008690079583313
213998,0.8802205244044887
213999,0.5056653683057527
214000,0.7736852391362643
214001,0.46386026788352014
214002,0.026642911358461238
214003,0.17636498334249912
214004,0.297035282995714
214005,0.5617100185891347
214006,0.06737084187418473
214007,0.6302716558873926
214008,0.056212816049377105
214009,0.9754159830198027
214010,0.5083832906858892
214011,0.40430231659705207
214012,0.10848055412892406
214013,0.18401879820562583
214014,0.5442435040291609
214015,0.05550833784047886
214016,0.18889106039878015
214017,0.6891978492962035
214018,0.6677453515800765
214019,0.7176087737079643
214020,0.7038873562069076
214021,0.43027256489153304
214022,0.7261306875252818
214023,0.7939696665318311
214024,0.6760354693415629
214025,0.2950172938037733
214026,0.5035655687411656
214027,0.49970684616468425
214028,0.09443644015798491
214029,0.7594502342958173
214030,0.8636221087987056
214031,0.6964380672753965
214032,0.6027606455747406
214033,0.4837992737056917
214034,0.14870853236736492
214035,0.040577944832538716
214036,0.724894441894183
214037,0.6257130001227156
214038,0.48863517573322546
214039,0.12144749819335426
214040,0.3561523672740329
214041,0.4075065561923634
214042,0.69748796705769
214043,0.5119420418960009
214044,0.14380900004999522
214045,0.845087514373628
214046,0.9462414951300103
214047,0.017834661236881936
214048,0.6896023561387323
214049,0.028020052631339734
214050,0.589111948404925
214051,0.9301248517186996
214052,0.5560332877316256
214053,0.024706732539166717
214054,0.7448016325714364
214055,0.8668899786838529
214056,0.8867926243404038
214057,0.07610182664382036
214058,0.33226828348203125
214059,0.7390203662377682
214060,0.20632575981383597
214061,0.5648688079774203
214062,0.30073947486830804
214063,0.0556219633580431
214064,0.7145863349407557
214065,0.5839942550938321
214066,0.6866526377027647
214067,0.4667145408847337
214068,0.8735984292408453
214069,0.906999786384027
214070,0.5582330777516692
214071,0.14148649447098233
214072,0.9166306852527714
214073,0.9132628249121675
214074,0.8946964153421719
214075,0.6019561769103858
214076,0.5926934247185496
214077,0.31242472309461367
214078,0.42265056517332433
214079,0.13921852914040025
214080,0.8937828661809555
214081,0.8947100504042796
214082,0.3326773353452625
214083,0.039918916830666167
214084,0.7553869857877203
214085,0.42505942614568604
214086,0.9847787256670955
214087,0.8017871021402503
214088,0.3574522431949677
214089,0.7141454679326065
214090,0.3451534171738152
214091,0.2594797769303839
214092,0.13411901591211747
214093,0.33786320396689407
214094,0.06988423832270556
214095,0.307525190777244
214096,0.6174183373405266
214097,0.015480340512951036
214098,0.286704450938774
214099,0.8780661845914709
214100,0.791733516346167
214101,0.10727612364274318
214102,0.4289181487221674
214103,0.31637889110584894
214104,0.285554560701024
214105,0.5992700696751674
214106,0.07242490489544179
214107,0.058226260220615306
214108,0.48448557183177965
214109,0.39046272855772857
214110,0.189472823048709
214111,0.11878866108235123
214112,0.9644761181887184
214113,0.5897937015103104
214114,0.17663768458465332
214115,0.7702673835679321
214116,0.37126001608937326
214117,0.44351675521882
214118,0.9813790501815736
214119,0.8349657532690062
214120,0.049522545575195094
214121,0.7611818871834961
214122,0.6388981051808691
214123,0.5078242531394731
214124,0.7649497093459261
214125,0.17165634189463733
214126,0.6678589770976407
214127,0.755696047195495
214128,0.4297317074279273
214129,0.6989923689102404
214130,0.11983856086464474
214131,0.12600160893732873
214132,0.8661627753714418
214133,0.8147813163288958
214134,0.705391758059458
214135,0.1625390303652833
214136,0.8865108330568445
214137,0.5828125497111639
214138,0.20082173974302456
214139,0.3084341949177578
214140,0.7626953790774518
214141,0.5029201758014008
214142,0.32201017175633234
214143,0.2930538448602633
214144,0.46297853386722176
214145,0.28315933479076993
214146,0.19948550365646917
214147,0.05657641770558265
214148,0.5331491084941893
214149,0.07223855904663645
214150,0.8663445761995446
214151,0.975865940069357
214152,0.22921902909267752
214153,0.4431622436040196
214154,0.1016039378059367
214155,0.6867753532617341
214156,0.30538448602633383
214157,0.643670376918567
214158,0.3004076883570204
214159,0.4922848273573886
214160,0.47440926093418356
214161,0.10012680607760167
214162,0.9247708173310729
214163,0.4567609455461069
214164,0.4743547206857527
214165,0.47031419728116863
214166,0.6010244476663592
214167,0.200130896596234
214168,0.7424745819717209
214169,0.9792201653478532
214170,0.7997372978033914
214171,0.34928484099245066
214172,0.9245708364201599
214173,0.21583394312361096
214174,0.7325800719022275
214175,0.39760750110216747
214176,0.03973711600256339
214177,0.7751351007403839
214178,0.8897196176728585
214179,0.2837320073992937
214180,0.5234863944805269
214181,0.9072224923984529
214182,0.46808259211620706
214183,0.014634966662273147
214184,0.5117556960471956
214185,0.2560891914862672
214186,0.6636411978856563
214187,0.5883711100304062
214188,0.31611527990509997
214189,0.18819112721058445
214190,0.42287781620845283
214191,0.2585298676035469
214192,0.34695324537203265
214193,0.6545329763977075
214194,0.5616736584235141
214195,0.25257589048318113
214196,0.45020248067229945
214197,0.7618363701646661
214198,0.48664445666550005
214199,0.814422259693393
214200,0.2435222092436631
214201,0.9850832420541675
214202,0.5901754832493262
214203,0.7013148744892532
214204,0.5580649119856741
214205,0.7477104458210807
214206,0.839810745337945
214207,0.33262734011753425
214208,0.29691711245744723
214209,0.8175583239781657
214210,0.539366696815304
214211,0.9344562564482481
214212,0.22938264983797002
214213,0.49422100617668313
214214,0.4495025474841038
214215,0.27493739233982206
214216,0.6924520841192432
214217,0.1955131555624236
214218,0.9637125547106867
214219,0.04631376095918117
214220,0.5903754641602393
214221,0.5142963626199318
214222,0.9156080555946933
214223,0.18478236168365747
214224,0.43608110134941663
214225,0.4768544820721658
214226,0.2207380204616832
214227,0.8086273582976171
214228,0.5700501315783494
214229,0.39778930193027023
214230,0.33150017498329704
214231,0.8429786247676359
214232,0.44306679816926564
214233,0.6151730971134574
214234,0.4441166979515591
214235,0.12974216097554325
214236,0.5446934610787153
214237,0.7757077733489077
214238,0.6061285059153445
214239,0.6240313424627649
214240,0.5000886279037001
214241,0.9408829157216811
214242,0.26947882247603633
214243,0.42782279873284823
214244,0.7290985860440595
214245,0.12620613486894433
214246,0.8617086550829239
214247,0.01599847287304394
214248,0.13546434204007798
214249,0.7138045913799138
214250,0.17317892382999803
214251,0.5848396289445099
214252,0.24702642020534404
214253,0.6532012853318547
214254,0.8987414837674587
214255,0.5235227546461474
214256,0.8808341021993356
214257,0.5530472091300376
214258,0.25397575685957247
214259,0.3051526899705028
214260,0.41442407770167394
214261,0.1571986310397644
214262,0.024902168429377196
214263,0.6059830652528623
214264,0.5854804768635722
214265,0.1414137741397412
214266,0.9467050872416723
214267,0.19924461755923298
214268,0.395903118338704
214269,0.017771030947045963
214270,0.7606455747405929
214271,0.10711704791815325
214272,0.04772726239768022
214273,0.9277568959326611
214274,0.6966244131242018
214275,0.8833474986478563
214276,0.18382336231541535
214277,0.8418832747783166
214278,0.6074601969811974
214279,0.4607605637643679
214280,0.2534667145408847
214281,0.8746392389817336
214282,0.5457160907367934
214283,0.25217138364065245
214284,0.5204639557133183
214285,0.21667477195358625
214286,0.600624485844533
214287,0.09760886460837828
214288,0.12014307725171688
214289,0.9311383913353726
214290,0.9110039496229906
214291,0.15729862149522092
214292,0.04312770144668009
214293,0.5552788142949991
214294,0.18113271005949433
214295,0.112248376291354
214296,0.41889637807300206
214297,0.4909485912708332
214298,0.8228305479931461
214299,0.47335936115189003
214300,0.8562273601156253
214301,0.3287368023961349
214302,0.9031228837247354
214303,0.6966880434140378
214304,0.4506160775562333
214305,0.9766704087337118
214306,0.7725217138364066
214307,0.49388467464469293
214308,0.03967803073342999
214309,0.6165593284277411
214310,0.9311792965216957
214311,0.11842960444684825
214312,0.6121142981806282
214313,0.6639457142727285
214314,0.6058830747974057
214315,0.3174378809295476
214316,0.4738184082428495
214317,0.5355716045286587
214318,0.03498756936837847
214319,0.026088418832747786
214320,0.03583748823975893
214321,0.5189640988814704
214322,0.6664591107212494
214323,0.5382395316810669
214324,0.4756545966066875
214325,0.06956154185282314
214326,0.7946241495130011
214327,0.5867712627431019
214328,0.7845432935947023
214329,0.4838401788920148
214330,0.820553492621159
214331,0.9118356884115607
214332,0.14867671722244696
214333,0.5779857377250354
214334,0.8270755973293459
214335,0.4469846060148804
214336,0.7499284159239346
214337,0.5029792610705343
214338,0.08765526926975152
214339,0.8097227082869363
214340,0.37906836165638735
214341,0.08884151967312211
214342,0.4658418969098404
214343,0.9487276214543158
214344,0.47243672194926845
214345,0.7353252644065794
214346,0.35332081937633225
214347,0.37952286372664423
214348,0.7516918839565314
214349,0.07629271751332826
214350,0.5667595365896891
214351,0.2693288367928516
214352,0.6881524945346127
214353,0.38856745492475714
214354,0.3519527681448589
214355,0.609637261897728
214356,0.2930720249430736
214357,0.2730193936033378
214358,0.00010908049686166321
214359,0.18333250007953786
214360,0.12438358156721403
214361,0.9268478917921471
214362,0.1256061921362052
214363,0.5741633753141746
214364,0.01737106912521987
214365,0.6836301989355562
214366,0.4544838901741197
214367,0.3655787402111616
214368,0.18071002313415538
214369,0.7158362156339623
214370,0.22419223619563589
214371,0.5530790242749556
214372,0.3731371096395344
214373,0.7742760918275983
214374,0.48963053526708816
214375,0.5840942455492885
214376,0.41334690779516503
214377,0.08584180600942637
214378,0.235482067620818
214379,0.5183187059417056
214380,0.7413474168374837
214381,0.21584303316501607
214382,0.3688057049099858
214383,0.19733570886415389
214384,0.6594052385908618
214385,0.32591434453983936
214386,0.37814572245376576
214387,0.04229141763740734
214388,0.5504838174537886
214389,0.47145954249821603
214390,0.23435035746587826
214391,0.7168452102299326
214392,0.8373064389308293
214393,0.8107317028829066
214394,0.22351957313165563
214395,0.0820194435985656
214396,0.6968743892628432
214397,0.7699128719531317
214398,0.9662577663041255
214399,0.7359797473877494
214400,0.4183827907336118
214401,0.3887038055458343
214402,0.43619472686698085
214403,0.20410324469027957
214404,0.7475650051585986
214405,0.681512219288159
214406,0.30911140300244067
214407,0.7490466819076361
214408,0.9404102335686139
214409,0.4524249957958558
214410,0.3819589948232214
214411,0.6531331100213162
214412,0.2618159175715045
214413,0.4330041223337772
214414,0.18489144218051914
214415,0.374618786388572
214416,0.5893937396884843
214417,0.40267974420623487
214418,0.21328418650946956
214419,0.33361815463069433
214420,0.6331759241163344
214421,0.20869826062057714
214422,0.8562409951777331
214423,0.980256430068039
214424,0.49795701319419505
214425,0.12888769708346023
214426,0.9113857313620064
214427,0.32551438271801325
214428,0.7559460233341363
214429,0.0022725103512846504
214430,0.0006181228155494249
214431,0.8745256134641693
214432,0.2389771885410938
214433,0.9146217861022357
214434,0.8426241131528355
214435,0.3483985619554497
214436,0.5734179919189533
214437,0.5263906627094687
214438,0.7500147713172834
214439,0.831666068238941
214440,0.8285481840369783
214441,0.7664768363019894
214442,0.40800196344894346
214443,0.6517105185414119
214444,0.8573636152912677
214445,0.6864117516055286
214446,0.5689320564855174
214447,0.7589957322255603
214448,0.31691520354875213
214449,0.9919189531908318
214450,0.19720844828448195
214451,0.1675794583244327
214452,0.8718622313324638
214453,0.46215134009935416
214454,0.10724885351852777
214455,0.4796223996800305
214456,0.9455461069625173
214457,0.997141181978084
214458,0.7417382886179047
214459,0.4343948986687634
214460,0.26069784247867245
214461,0.028888151585530472
214462,0.3363588021143436
214463,0.6790442730466638
214464,0.45350216570236473
214465,0.929856695497248
214466,0.5177642134159921
214467,0.8677035373896128
214468,0.31223837724580833
214469,0.16498879652396817
214470,0.4587198494689143
214471,0.8728212307007058
214472,0.8807295667231765
214473,0.653642152340004
214474,0.4124560837374614
214475,0.14238186354938848
214476,0.9783202512487446
214477,0.7224583107976058
214478,0.0121397502965626
214479,0.18730030315288088
214480,0.840824284954618
214481,0.1551397366615005
214482,0.7344753455351989
214483,0.6945246135596148
214484,0.1982810731702883
214485,0.27994146013335086
214486,0.5048654446621004
214487,0.9067134500797651
214488,0.9782384408760982
214489,0.07655178369337472
214490,0.5129146763263507
214491,0.6770626440203436
214492,0.7257352707241582
214493,0.09525454388444739
214494,0.8566818621858823
214495,0.14625876620868009
214496,0.6585189595538607
214497,0.9704982706196227
214498,0.24664009344562565
214499,0.6429159034819404
214500,0.3646061057808118
214501,0.050404279591493545
214502,0.7913790047313666
214503,0.5043336772398999
214504,0.45329309475004653
214505,0.13393267006331216
214506,0.6668181673567524
214507,0.10842146885979065
214508,0.7374477890746793
214509,0.10580353693511073
214510,0.6545647915426255
214511,0.05779448325387122
214512,0.8997050281564033
214513,0.08550547447743624
214514,0.6271310465819172
214515,0.30210752609978136
214516,0.3879902372955309
214517,0.8732257375432346
214518,0.6667954422532395
214519,0.7563414401352598
214520,0.9305793537889565
214521,0.782943446307398
214522,0.3314138195899482
214523,0.840201617118366
214524,0.1159480231432454
214525,0.20553492621158892
214526,0.37778212079756024
214527,0.23685011885229137
214528,0.5253816681134983
214529,0.8548411288013417
214530,0.3583430672526713
214531,0.7672813049663442
214532,0.39566223224146785
214533,0.7291803964167057
214534,0.22904177328527733
214535,0.5676867208130133
214536,0.739520318515051
214537,0.4654601151708246
214538,0.6544920712113844
214539,0.31646524649919777
214540,0.044813904127333305
214541,0.8461510492180292
214542,0.18272346730539357
214543,0.10522631930588443
214544,0.9433463169424737
214545,0.041509674076565424
214546,0.317824207689266
214547,0.7711854777498511
214548,0.44143059071634067
214549,0.31017948286754443
214550,0.9205257679948732
214551,0.7245172051758696
214552,0.529372196290354
214553,0.9618854563882538
214554,0.26413842315051744
214555,0.8321432954127107
214556,0.1915453524890806
214557,0.2797914744501661
214558,0.40788833793137924
214559,0.23179151081033175
214560,0.44670281473132106
214561,0.9887556187818436
214562,0.5302993805136782
214563,0.829775339626672
214564,0.39163988891969403
214565,0.09826334758954826
214566,0.4795269542452766
214567,0.1568304843628563
214568,0.7026783807000241
214569,0.7925379850105218
214570,0.9473686602642476
214571,0.0762881724926257
214572,0.07860158803023347
214573,0.3066161866367301
214574,0.6409751796419433
214575,0.3473213920489408
214576,0.3542752737238718
214577,0.031260652392271646
214578,0.6401616209361835
214579,0.5798128360474681
214580,0.9169715618054641
214581,0.6708859608855519
214582,0.02272964853354907
214583,0.08130587534826221
214584,0.3751550988314752
214585,0.9724117243354043
214586,0.5401711654796588
214587,0.571931770149213
214588,0.4928484099245072
214589,0.41188795614964024
214590,0.5784038796296718
214591,0.26659727935060745
214592,0.6389890055949204
214593,0.7964057976284081
214594,0.3970439185350489
214595,0.5778312070211481
214596,0.7319210439003551
214597,0.618036460156076
214598,0.18816385708636904
214599,0.12410179028365474
214600,0.34556701405774903
214601,0.8761981810827149
214602,0.06288490644074883
214603,0.7910972134478073
214604,0.886633548615814
214605,0.7386385844987524
214606,0.4616832029669895
214607,0.35151644615741223
214608,0.8729712163838906
214609,0.17018830020770745
214610,0.02137977738488599
214611,0.3041209702710196
214612,0.513491893955577
214613,0.22580571854504797
214614,0.047977238536321534
214615,0.35111193931488355
214616,0.010871689520545767
214617,0.711027583730644
214618,0.7023056890024134
214619,0.6303261961358234
214620,0.31770149213029664
214621,0.22422405134055387
214622,0.29637170997313894
214623,0.1219747205948523
214624,0.20336240631576077
214625,0.017075642779552862
214626,0.19337699583221601
214627,0.12543802637021012
214628,0.8903650106126233
214629,0.5705591738970371
214630,0.8011917044282137
214631,0.005735816126642456
214632,0.9310520359420238
214633,0.2784506933429081
214634,0.312674699233255
214635,0.2845864712913767
214636,0.3479804200508133
214637,0.4364537930470273
214638,0.30339831197931105
214639,0.9417373796137642
214640,0.18117816026652003
214641,0.02390226387481195
214642,0.9727389658259894
214643,0.9991682612114299
214644,0.7535689775066926
214645,0.764517932379182
214646,0.5715999836379255
214647,0.542648201762559
214648,0.036551056490062316
214649,0.2718558683034801
214650,0.9692256648229033
214651,0.8458283527481468
214652,0.48315388076592686
214653,0.48968053049481636
214654,0.09526363392585252
214655,0.7599365515109923
214656,0.8020734384445122
214657,0.48039959822016987
214658,0.9088496098099728
214659,0.011158025824807632
214660,0.06010789879147899
214661,0.6689588721076625
214662,0.6427477377159453
214663,0.05390849055317447
214664,0.6111916589780066
214665,0.5035292085755451
214666,0.17413792319824017
214667,0.24323132791869867
214668,0.697497057099095
214669,0.16672499443234964
214670,0.8111271196840302
214671,0.8012462446766446
214672,0.40214797678403424
214673,0.665618281891274
214674,0.7265942796369438
214675,0.631017039282614
214676,0.1656250994223279
214677,0.08874607423836815
214678,0.19428599997272988
214679,0.8277664404761363
214680,0.9011503447398203
214681,0.07289304202780643
214682,0.35475250089764154
214683,0.9362151794601424
214684,0.07015693956485972
214685,0.4409260934183555
214686,0.5771221837915472
214687,0.05024974888760618
214688,0.3954804314133651
214689,0.8590134578063003
214690,0.6293581067261761
214691,0.5642870453274915
214692,0.173537980465501
214693,0.2983715190822694
214694,0.9191758968462101
214695,0.3793546979606492
214696,0.7548506733448171
214697,0.18179173806136686
214698,0.06673453897582503
214699,0.507033419537226
214700,0.0760200162711741
214701,0.03684648283572932
214702,0.36750582898905104
214703,0.4889442371410001
214704,0.5336399707300666
214705,0.6813076933565433
214706,0.2728103226510197
214707,0.6707996054922031
214708,0.7179860104262775
214709,0.9820335331627436
214710,0.8094954572518078
214711,0.5636643774912394
214712,0.27462378591134484
214713,0.13532344639829835
214714,0.8368928420468956
214715,0.8891287649815245
214716,0.15009930870235114
214717,0.6447520918457784
214718,0.739520318515051
214719,0.8394289635989293
214720,0.06434385808627358
214721,0.1779966457747215
214722,0.4650828784525113
214723,0.67732171020039
214724,0.3168879334245367
214725,0.317592411633435
214726,0.003267869885147327
214727,0.8341521945632463
214728,0.5005204048704442
214729,0.5188595634053114
214730,0.36498788751982764
214731,0.23211875230091675
214732,0.18934556246903705
214733,0.6650501543034529
214734,0.534744410760791
214735,0.9222256057376341
214736,0.7734443530390281
214737,0.541952813595066
214738,0.9340244794815041
214739,0.982388044777544
214740,0.7385613191468088
214741,0.4630739793019757
214742,0.6886569918325978
214743,0.9554406170320106
214744,0.20623940442048713
214745,0.7476831756968654
214746,0.22072438539957548
214747,0.7934378991096305
214748,0.7214765863258508
214749,0.8713895491793966
214750,0.20246249221665205
214751,0.3947123229146308
214752,0.4087382568027597
214753,0.8194036023834088
214754,0.8570000136350622
214755,0.37438244531203835
214756,0.6875343717190632
214757,0.4476936292444812
214758,0.9228391835324811
214759,0.1240199799110085
214760,0.7115911662977624
214761,0.8234941210157213
214762,0.061162343594475074
214763,0.9253071297739761
214764,0.5532880952272737
214765,0.3425536653319456
214766,0.9349016684770999
214767,0.2266465473750233
214768,0.14087291667613547
214769,0.9133264552020035
214770,0.8219215438526323
214771,0.7887837979101996
214772,0.0074038387244853895
214773,0.9655305629917145
214774,0.6151594620513496
214775,0.16322532849137128
214776,0.09059589766431385
214777,0.17149726617004743
214778,0.5113148290390463
214779,0.14143649924325408
214780,0.3237872748510369
214781,0.15442162339049453
214782,0.8516550692888407
214783,0.004317769667440834
214784,0.7750032951400093
214785,0.677985283222965
214786,0.7178723849087133
214787,0.8998413787774804
214788,0.5574786043150427
214789,0.3265642825003067
214790,0.3806000336331532
214791,0.33561341871912226
214792,0.021220701660296062
214793,0.9508728712259285
214794,0.1426727448743529
214795,0.7280214161375506
214796,0.25103512846501014
214797,0.855977383976984
214798,0.9733434535794311
214799,0.9101040355238819
214800,0.47482285781811734
214801,0.18753209920871192
214802,0.12367910335831579
214803,0.030833420446230133
214804,0.1920180346421478
214805,0.2106435294812768
214806,0.08745983337954104
214807,0.3596202180700933
214808,0.1615936660591489
214809,0.2157657678130724
214810,0.34454892942037346
214811,0.9263297594320543
214812,0.4106926157048645
214813,0.5276541784647829
214814,0.5411347098686036
214815,0.6211407092959309
214816,0.654664781998082
214817,0.42540030269837875
214818,0.6236677408065594
214819,0.023393221556124187
214820,0.14476799941823734
214821,0.7357888565182414
214822,0.15703046527376932
214823,0.09142763645288404
214824,0.6353575340535677
214825,0.4865262861272333
214826,0.21976993105203593
214827,0.40509315019929915
214828,0.018420968907513376
214829,0.6840256157366796
214830,0.9766249585266862
214831,0.4723685466387299
214832,0.5465387394839584
214833,0.2954854309361379
214834,0.45798810113580063
214835,0.45119329518545953
214836,0.11141663750278383
214837,0.46752809959049363
214838,0.40793833315910755
214839,0.8303571022766009
214840,0.9285749996591235
214841,0.2314006390299108
214842,0.278505233591339
214843,0.40438867199040085
214844,0.7813299639579859
214845,0.8202535212547893
214846,0.10754882488489735
214847,0.02483853813954123
214848,0.42950445639279883
214849,0.08706896159912007
214850,0.45646551920043993
214851,0.30807513828225486
214852,0.8616177546688726
214853,0.4882443039528045
214854,0.24890805877620772
214855,0.8309570450093401
214856,0.6304807268397107
214857,0.20465319219529043
214858,0.2940628394562337
214859,0.6071829507183405
214860,0.12457901745742452
214861,0.8596361256425523
214862,0.8366383208875516
214863,0.28310024952163654
214864,0.47512737420518947
214865,0.7118820476227269
214866,0.9537998645583831
214867,0.08019234527613273
214868,0.5114420896187183
214869,0.514305452661337
214870,0.3643743097249808
214871,0.22548302207516555
214872,0.6071738606769354
214873,0.7916562509942233
214874,0.9380968180310061
214875,0.8225623917716945
214876,0.5920616668408926
214877,0.1913817317437881
214878,0.029774430622531486
214879,0.32091482176701314
214880,0.07985146872344002
214881,0.5123010985315039
214882,0.13562341776466794
214883,0.8791251744151695
214884,0.927134228096409
214885,0.07562914449075314
214886,0.9278159812017944
214887,0.5276678135268906
214888,0.8072411269833335
214889,0.7578094818221898
214890,0.20096718040550676
214891,0.3700555856031924
214892,0.2767508556001472
214893,0.7753987119411329
214894,0.6975243272233106
214895,0.42672290372282645
214896,0.8438467237218267
214897,0.3115111739333972
214898,0.39705300857645404
214899,0.8054003935987929
214900,0.2544484390126397
214901,0.09828152767235854
214902,0.4225687548006781
214903,0.4928165947795892
214904,0.2522759191168116
214905,0.6762672653973939
214906,0.3444262138614041
214907,0.3647106412569709
214908,0.6410706250766972
214909,0.6835211184386946
214910,0.9516182546211499
214911,0.4130878416151185
214912,0.30463455761040986
214913,0.16446157412247014
214914,0.08122406497561596
214915,0.5410619895373624
214916,0.1551215565786902
214917,0.16650228841792375
214918,0.49632080574127013
214919,0.43960803741461035
214920,0.08806432113298275
214921,0.12046577372159929
214922,0.9714436349257571
214923,0.968680262338595
214924,0.09650896959835652
214925,0.30746610550811054
214926,0.718117816026652
214927,0.4522977352161839
214928,0.7215993018848201
214929,0.2098117906927066
214930,0.31055671958585773
214931,0.756582326232496
214932,0.7396066739083996
214933,0.6422796005835807
214934,0.9470096036287445
214935,0.0015407620181709927
214936,0.7498829657169088
214937,0.08254212097936106
214938,0.32052849500729474
214939,0.7411292558437604
214940,0.22731921043900358
214941,0.4798541957358616
214942,0.2798369246571918
214943,0.9212893314729049
214944,0.5856213725053517
214945,0.7298576045013886
214946,0.7012557892201199
214947,0.6338576772217198
214948,0.9052045032065121
214949,0.6373255280177802
214950,0.16018470964135242
214951,0.2216106644365765
214952,0.4765408756436885
214953,0.5729680348693988
214954,0.4274273819317247
214955,0.23854541157434972
214956,0.5932751873684785
214957,0.7304848173583431
214958,0.21725198958281255
214959,0.7578503870085128
214960,0.6286672635793856
214961,0.4305725362579026
214962,0.3204012344276228
214963,0.09629535362533576
214964,0.5403575113284641
214965,0.26775625962976257
214966,0.9489048772617159
214967,0.58206262129524
214968,0.19853104930892962
214969,0.6459201621663386
214970,0.17731489266933612
214971,0.055317446970970956
214972,0.8637084641920545
214973,0.19109539543952625
214974,0.3177878475236454
214975,0.7485376395889483
214976,0.7166634094018298
214977,0.38679035183005256
214978,0.6068966144140787
214979,0.5510519450416097
214980,0.5482476672681244
214981,0.6534694415533063
214982,0.6781716290717704
214983,0.013285095513610063
214984,0.22231514264547475
214985,0.7653087659814292
214986,0.5221319783111612
214987,0.4384217870112398
214988,0.1912908313297367
214989,0.7435653869403376
214990,0.09561814554065294
214991,0.05439480776834939
214992,0.7410292653883039
214993,0.1276787215765768
214994,0.6736356984106062
214995,0.19454961117347888
214996,0.35963839815290355
214997,0.7153453533980848
214998,0.8039732570981861
214999,0.32106935247090046
215000,0.9673758413969576
215001,0.44477118093272916
215002,0.893451079669668
215003,0.4931529263115793
215004,0.21178432967762167
215005,0.34943937169633804
215006,0.17386522195608603
215007,0.7100913094659146
215008,0.2177928470464183
215009,0.7517555142463673
215010,0.3046618277346253
215011,0.0017952831775148736
215012,0.27594184191508986
215013,0.549538453147654
215014,0.5235545697910654
215015,0.9224210416278447
215016,0.9245844714822676
215017,0.597988373837043
215018,0.9327973238918104
215019,0.15446707359752024
215020,0.5209593629698984
215021,0.6508106044423033
215022,0.40059357970375553
215023,0.3638607223855904
215024,0.9269251571440907
215025,0.11921134800769018
215026,0.7178723849087133
215027,0.6981469950595626
215028,0.4951163752550893
215029,0.2908540548402198
215030,0.6573645242954081
215031,0.055381077260806925
215032,0.45587921152980854
215033,0.0070765972339003995
215034,0.40954272546711445
215035,0.5765086059967004
215036,0.5596011289831426
215037,0.5538153176287719
215038,0.8739120356693225
215039,0.053881220428959056
215040,0.43217238354520704
215041,0.7720944818903651
215042,0.576713131928316
215043,0.38273619336336073
215044,0.40935183459760655
215045,0.7037055553788047
215046,0.08630994314179101
215047,0.64517932379182
215048,0.3859995182278055
215049,0.7133182741647388
215050,0.5725135327991419
215051,0.2939355788765618
215052,0.6840665209230028
215053,0.40411142572754416
215054,0.07399748205853077
215055,0.3418855472886679
215056,0.9474004754091655
215057,0.03339681212247922
215058,0.603242417769213
215059,0.44220778925648
215060,0.43594475072833955
215061,0.05527654178464783
215062,0.9727707809709074
215063,0.21514764499752295
215064,0.27748260393326085
215065,0.6779352879952368
215066,0.6000518132360093
215067,0.875520972998032
215068,0.5240454320269429
215069,0.34776680407779254
215070,0.4743683557478604
215071,0.38368610269019776
215072,0.7902291144936165
215073,0.10284018343703555
215074,0.23333681784920532
215075,0.5753541707382478
215076,0.3407311120302153
215077,0.7753350816512969
215078,0.46643729462187694
215079,0.6201862549483913
215080,0.7546643274960118
215081,0.32713241008812793
215082,0.9924507206130324
215083,0.023752278191627167
215084,0.09591357188631994
215085,0.2072074938301344
215086,0.338749483003895
215087,0.7474831947859523
215088,0.05604010526267947
215089,0.8850246112871044
215090,0.2201471677703492
215091,0.9916326168865699
215092,0.11341644661191431
215093,0.8022052440448866
215094,0.5047563641652388
215095,0.879488776071375
215096,0.5851895955386077
215097,0.3138973098022461
215098,0.6731266560919186
215099,0.48062230423459573
215100,0.7017466514559975
215101,0.5026701996627595
215102,0.21478404334131743
215103,0.02605205866712723
215104,0.9994591425363942
215105,0.5519109539543953
215106,0.34387172133569066
215107,0.29843514937210536
215108,0.7284350130214843
215109,0.6875661868639812
215110,0.5867985328673172
215111,0.46847346389662803
215112,0.5324809904509116
215113,0.6450975134191737
215114,0.17394703232873227
215115,0.8244303952804506
215116,0.2832775053290367
215117,0.11707973329818518
215118,0.6554919757659496
215119,0.9320973907036147
215120,0.06103962803550571
215121,0.009453643061344143
215122,0.8976006835711137
215123,0.9132900950363829
215124,0.8305025429390831
215125,0.9704210052676789
215126,0.36576963108066957
215127,0.5905072697606137
215128,0.8791388094772773
215129,0.5298357884020162
215130,0.6679362424495844
215131,0.24104517296076286
215132,0.942150976497698
215133,0.47867249035319354
215134,0.01896182637111912
215135,0.5211547988601088
215136,0.1453043118611405
215137,0.5118829566268674
215138,0.4576881297694311
215139,0.8882924811722517
215140,0.059139809381831734
215141,0.08063775730498451
215142,0.42010080855918297
215143,0.41000177255807396
215144,0.40331150208389194
215145,0.6512832865953705
215146,0.5094877307166134
215147,0.34119470414187736
215148,0.5386667636271084
215149,0.9034410351739153
215150,0.6963835270269656
215151,0.10540357511328463
215152,0.7637861840460684
215153,0.5108239668031688
215154,0.4155557878566137
215155,0.07184314224551291
215156,0.44506660727839614
215157,0.39976184091518535
215158,0.49802973352543617
215159,0.4507933333636335
215160,0.05838533594520523
215161,0.3169788338385881
215162,0.21085714545429757
215163,0.2967262215879393
215164,0.6865935524336314
215165,0.9975138736756947
215166,0.757995827670995
215167,0.9681121347507738
215168,0.8799705482658474
215169,0.669617900109535
215170,0.776294081019539
215171,0.9044818449148035
215172,0.8407924698097
215173,0.9491593984210599
215174,0.3921171160934638
215175,0.5349580267338118
215176,0.4636875570968226
215177,0.8577999372787143
215178,0.6599051908681445
215179,0.9471868594361448
215180,0.47694083746551463
215181,0.7618000099990456
215182,0.5686957154089837
215183,0.8226532921857459
215184,0.13465987337572322
215185,0.9278796114916305
215186,0.12594252366819533
215187,0.8996277628044597
215188,0.33549070316015284
215189,0.0880552310915776
215190,0.3441353325364397
215191,0.7523963621654297
215192,0.9860149712981944
215193,0.5778130269383377
215194,0.4245685639098086
215195,0.5429890783152517
215196,0.25555742406406656
215197,0.9472777598501961
215198,0.6115643506756173
215199,0.921202976079556
215200,0.8394016934747138
215201,0.47109139582130793
215202,0.03134700778562047
215203,0.5600919912190201
215204,0.0786561282786643
215205,0.07718354157103186
215206,0.06659364333404538
215207,0.30567536735129824
215208,0.9386331304739094
215209,0.47966784988705624
215210,0.6425659368878426
215211,0.7872930311197568
215212,0.05845351125574377
215213,0.27534189918235075
215214,0.4779634671235927
215215,0.775439617127456
215216,0.8322887360751928
215217,0.4202553392630703
215218,0.25187595729498546
215219,0.6674635602965172
215220,0.07861067807163861
215221,0.4946936883297503
215222,0.3321501129437644
215223,0.15835761131891957
215224,0.7310165847805437
215225,0.08639629853513982
215226,0.6963108066957245
215227,0.6379572858954372
215228,0.3344362583571568
215229,0.4205189504638194
215230,0.9177487603456034
215231,0.6507106139868467
215232,0.44218506415296716
215233,0.8025552106389845
215234,0.9039546225133056
215235,0.9800019089086951
215236,0.17536053376723132
215237,0.12037487330754791
215238,0.6455838306343487
215239,0.4825448479917826
215240,0.5709045954704324
215241,0.7287213493257462
215242,0.9411556169638353
215243,0.7350480181437227
215244,0.2680516859754296
215245,0.59681575849578
215246,0.5157007740170257
215247,0.20487135318901378
215248,0.8501370323741825
215249,0.9407920153076297
215250,0.21542943628108227
215251,0.9053999390967226
215252,0.2685107330663891
215253,0.18266438203626018
215254,0.9198394698687853
215255,0.9446780080083265
215256,0.11923861813190559
215257,0.4104471845869258
215258,0.7944378036641958
215259,0.9799200985360489
215260,0.6683861994991387
215261,0.313033755868758
215262,0.5919389512819232
215263,0.3592157112275646
215264,0.37024193145199774
215265,0.4229641716018016
215266,0.3560478317978738
215267,0.8574408806432113
215268,0.2140022997804755
215269,0.32955036110189484
215270,0.5515155371532717
215271,0.7399111902954718
215272,0.13105567195858578
215273,0.5381168161220974
215274,0.6943928079592402
215275,0.43881720381236333
215276,0.3505438117270624
215277,0.6417432881406776
215278,0.772812595161371
215279,0.26581099076906295
215280,0.2937492330277564
215281,0.5761313692783872
215282,0.2524804450484272
215283,0.19299975911390277
215284,0.802096163548025
215285,0.9416964744274411
215286,0.030183482485762726
215287,0.8608269210666255
215288,0.7191222656019198
215289,0.13880038723576385
215290,0.6592052576799488
215291,0.44395307720626664
215292,0.9447461833188651
215293,0.19195894937301441
215294,0.1034992114389081
215295,0.4240822466946337
215296,0.18980915458069914
215297,0.6206362119979457
215298,0.6485744542566391
215299,0.014021388867426291
215300,0.950550174756046
215301,0.00571309102312961
215302,0.89211029856241
215303,0.7669586084964617
215304,0.6296944382581663
215305,0.5879120629394466
215306,0.36866480926820616
215307,0.26192954308906874
215308,0.12577435790220023
215309,0.37861385958613036
215310,0.8371700883097523
215311,0.052972216288445194
215312,0.6239131719244981
215313,0.4508115134464437
215314,0.32533712691061306
215315,0.11548443103158335
215316,0.2769281114075474
215317,0.15371260016089375
215318,0.444498479690575
215319,0.9224028615450344
215320,0.8595543152699061
215321,0.7037191904409126
215322,0.4434031297012557
215323,0.038700851282377595
215324,0.07421109803155153
215325,0.19350880143259053
215326,0.2201198976461338
215327,0.23922261965903255
215328,0.2394953209011867
215329,0.11817962830820694
215330,0.3003122429222665
215331,0.4110153121747469
215332,0.3515300812195199
215333,0.22723285504565474
215334,0.7505692638429968
215335,0.4232550529267661
215336,0.9882283963803455
215337,0.33550888324296313
215338,0.35262997622954173
215339,0.13797319346789624
215340,0.425218501870276
215341,0.301330327559642
215342,0.9838151812781507
215343,0.3224919439508047
215344,0.28894969116584324
215345,0.35724317224264956
215346,0.9866921793828771
215347,0.8807250217024739
215348,0.5580694570063767
215349,0.8029551724608105
215350,0.2858272619431781
215351,0.6381845369305656
215352,0.7991646251948678
215353,0.3160152894496434
215354,0.7070779607401112
215355,0.25240317969648346
215356,0.7545416119370424
215357,0.48528549547543187
215358,0.85308675081015
215359,0.25386213134200825
215360,0.48613995936751486
215361,0.5656051013312365
215362,0.39458506233495894
215363,0.050972407179314706
215364,0.023338681307693357
215365,0.27874611968857516
215366,0.4997568413924125
215367,0.9879556951381914
215368,0.2933992664336586
215369,0.7153180832738693
215370,0.867776257720854
215371,0.26542920903004713
215372,0.44073065752814505
215373,0.1450906958881198
215374,0.16796578508415105
215375,0.531072034033115
215376,0.16420705296312627
215377,0.8434376718585953
215378,0.3979620127169679
215379,0.4066657273623881
215380,0.5333036391980766
215381,0.25260316060739657
215382,0.5176005926706996
215383,0.4741501947541371
215384,0.7219265433754052
215385,0.029515364442485037
215386,0.784788724712641
215387,0.8780798196535785
215388,0.5164961526399753
215389,0.12254284818267347
215390,0.968162129978502
215391,0.9450234295817218
215392,0.07297939742115524
215393,0.8714349993864223
215394,0.36128824066793624
215395,0.3165834170374646
215396,0.12214288636084737
215397,0.89096040832466
215398,0.03432854136650592
215399,0.28558183082523936
215400,0.3159289340562946
215401,0.8090545902436587
215402,0.5489612355184278
215403,0.4408851882320324
215404,0.9461233245917435
215405,0.8068729803064253
215406,0.2152340003908718
215407,0.7484876443612201
215408,0.7346616913840043
215409,0.5840033451352371
215410,0.848464464755637
215411,0.22664200235432075
215412,0.10100854009390013
215413,0.4837901836642866
215414,0.20478954281636755
215415,0.6266220042632294
215416,0.7635271178660219
215417,0.3091023129610355
215418,0.8447239127174224
215419,0.45067061780466405
215420,0.265588284754637
215421,0.3145199776384981
215422,0.9673758413969576
215423,0.8728030506178955
215424,0.5042336867844434
215425,0.032760509224119515
215426,0.41662386772171744
215427,0.9252753146290582
215428,0.028919966730448457
215429,0.571245472023125
215430,0.7219492684789179
215431,0.08031506083510209
215432,0.7769394739593039
215433,0.7874475618236442
215434,0.9060135168915695
215435,0.5725271678612496
215436,0.37824571290922226
215437,0.6405343126337941
215438,0.8263529390376374
215439,0.1668068048049959
215440,0.7328664082064894
215441,0.01580758200353603
215442,0.3686602642475036
215443,0.05332218288254303
215444,0.4016571145481567
215445,0.8905740815649416
215446,0.18689125128964965
215447,0.4044523022802369
215448,0.9340244794815041
215449,0.9465960067448107
215450,0.4072202198881016
215451,0.5981474495616328
215452,0.3506892523895446
215453,0.3198376518605042
215454,0.17037010103581024
215455,0.9558542139159445
215456,0.10188118406879343
215457,0.9579631035219366
215458,0.1501811190749974
215459,0.7943423582294418
215460,0.9293067479922371
215461,0.7105685366396844
215462,0.1435044836629231
215463,0.8943964439758023
215464,0.9383831543352681
215465,0.8375109648624449
215466,0.6604733184559657
215467,0.355961476404525
215468,0.25175324173601604
215469,0.9181078169811063
215470,0.7252671335917936
215471,0.17618772753509893
215472,0.43600383599747294
215473,0.37697310711250287
215474,0.5237818208261938
215475,0.06706178046641002
215476,0.1877275350989224
215477,0.12163838906286217
215478,0.7856704587289396
215479,0.8395744042614115
215480,0.4032615068561637
215481,0.45536562419041815
215482,0.6150049313474624
215483,0.07753805318583225
215484,0.16866571827234672
215485,0.04185964067066326
215486,0.11579803746006063
215487,0.19386331304739093
215488,0.4930211207112048
215489,0.3648560819194531
215490,0.32744147149590264
215491,0.8304480026906523
215492,0.4705050881506765
215493,0.827475559151172
215494,0.36748764890624075
215495,0.1495902663836634
215496,0.03348316751582804
215497,0.26471109575904117
215498,0.6041559669304294
215499,0.6755355170642803
215500,0.6539921189341018
215501,0.01676658137177815
215502,0.7486558101272152
215503,0.428827248308116
215504,0.08857336345167051
215505,0.12957399520954818
215506,0.9251662341321965
215507,0.49520273064843806
215508,0.8785070515996201
215509,0.5623554115288996
215510,0.24837629135400713
215511,0.9695210911685703
215512,0.6378709305020885
215513,0.6535967021329783
215514,0.7325846169229301
215515,0.5971975402347958
215516,0.8104771817235628
215517,0.37131910135850665
215518,0.9218665491021312
215519,0.8004554110743975
215520,0.8359611128028689
215521,0.44779816472064027
215522,0.8684034705778085
215523,0.9183986983060708
215524,0.7952104571836325
215525,0.10169029319928552
215526,0.9976865844623922
215527,0.17268351657341802
215528,0.4976388617450152
215529,0.28958144904350036
215530,0.9915462614932211
215531,0.13614609514546339
215532,0.7598911013039665
215533,0.4567836706496198
215534,0.9690938592225288
215535,0.8146676908113316
215536,0.36510151303739186
215537,0.46555556060557857
215538,0.6392889769612901
215539,0.8443784911440272
215540,0.7545234318542322
215541,0.4316224360401962
215542,0.3357997645679276
215543,0.09754977933924489
215544,0.3749642079619672
215545,0.08226941973720689
215546,0.2693970121033901
215547,0.18934101744833448
215548,0.2128933147290486
215549,0.455356534149013
215550,0.8597270260566037
215551,0.011539807563823454
215552,0.4749592084391944
215553,0.030847055508337842
215554,0.6931156571418183
215555,0.4254866580917276
215556,0.5143599929097676
215557,0.4778952918130542
215558,0.14210007226582919
215559,0.056499152353638976
215560,0.22246058330795696
215561,0.4715958931192931
215562,0.25091695792674334
215563,0.34650783334318086
215564,0.745069788792888
215565,0.8098817840115262
215566,0.7609319110448548
215567,0.9318474145649734
215568,0.6653410356284173
215569,0.3291185841351507
215570,0.5899936824212234
215571,0.2382954354357084
215572,0.7441198794660511
215573,0.12367455833761322
215574,0.3921443862176792
215575,0.993900582217152
215576,0.022852364092518444
215577,0.4370491907590639
215578,0.8596361256425523
215579,0.7028783616109371
215580,0.749269387922062
215581,0.30802059803382403
215582,0.44851627799164623
215583,0.8690261384140605
215584,0.9063362133614519
215585,0.43286777171270013
215586,0.4069066134596243
215587,0.5238727212402453
215588,0.6932929129492185
215589,0.6357711309375014
215590,0.9569859240708841
215591,0.6906113507347027
215592,0.6441566941337419
215593,0.8858654401170797
215594,0.025888437921834734
215595,0.001527126956063285
215596,0.5267269942414589
215597,0.12931492902950173
215598,0.6923430036223815
215599,0.4448666263674831
215600,0.5342444584835083
215601,0.9714254548429468
215602,0.6583916989741888
215603,0.18998186536739675
215604,0.680444139423055
215605,0.6602733375450526
215606,0.7972920766654092
215607,0.8004826811986129
215608,0.2646520104899077
215609,0.3329909417737398
215610,0.7869703346498744
215611,0.6965289676894478
215612,0.5462660382418043
215613,0.2421177978465692
215614,0.37074188372928035
215615,0.807931970130124
215616,0.6023243235872939
215617,0.09117311529354015
215618,0.5947750442003263
215619,0.5044791179023821
215620,0.37070552356365977
215621,0.606451202385227
215622,0.7165179687393476
215623,0.7846341940087537
215624,0.1703019257252717
215625,0.09103676467246308
215626,0.34522159248435375
215627,0.0712386544920712
215628,0.3313547343208148
215629,0.05307220674390172
215630,0.7007240217979193
215631,0.17861022356956838
215632,0.4723549115766222
215633,0.8833702237513692
215634,0.36161093713781867
215635,0.333200012726058
215636,0.6442566845891983
215637,0.5572786234041297
215638,0.7587321210248112
215639,0.7161270969589267
215640,0.5207048418105544
215641,0.3524118152358184
215642,0.9585175960476501
215643,0.11489357834024934
215644,0.4807177496693497
215645,0.5399757295894483
215646,0.16317533326364303
215647,0.8519641306966154
215648,0.05432208743710828
215649,0.28857245444753
215650,0.5225228500915822
215651,0.08585544107153407
215652,0.10369919234982115
215653,0.36504242776825846
215654,0.3294049204394126
215655,0.39718481417682855
215656,0.980256430068039
215657,0.9276069102494762
215658,0.4136832393271551
215659,0.32340094809131853
215660,0.21568395744042615
215661,0.1868548911240291
215662,0.6540557492239377
215663,0.3229464460210616
215664,0.6294717322437403
215665,0.8048368110316744
215666,0.014907667904427305
215667,0.41054717504238225
215668,0.244040341603756
215669,0.4355720590307289
215670,0.3703464669281568
215671,0.6036332895496339
215672,0.5179278341612846
215673,0.7347753169015685
215674,0.3517118820476227
215675,0.6062012262465857
215676,0.21226610187209402
215677,0.5428436376527694
215678,0.5910844873898401
215679,0.42751828234577605
215680,0.23516846119234075
215681,0.2805050427004695
215682,0.8724167238581771
215683,0.07191131755605146
215684,0.3006940246612823
215685,0.4473345726089782
215686,0.8174174283363861
215687,0.11313920034905758
215688,0.15754859763386223
215689,0.9820653483076616
215690,0.3362633566795897
215691,0.504997250262475
215692,0.43186786715813485
215693,0.16376618595497702
215694,0.9116493425627554
215695,0.8555592420723477
215696,0.9680030542539122
215697,0.3292594797769304
215698,0.36983742460946906
215699,0.8863972075392803
215700,0.8743756277809845
215701,0.765340581126347
215702,0.9835333899945915
215703,0.42974079746933247
215704,0.4473663877538962
215705,0.2123160970998223
215706,0.2586616732039214
215707,0.6572236286536286
215708,0.304834538521323
215709,0.4388399289158762
215710,0.12098845110239476
215711,0.8951963676194545
215712,0.7493693783775186
215713,0.6482063075797311
215714,0.9084451029674441
215715,0.8649674349266662
215716,0.38734938937646857
215717,0.3786820348966689
215718,0.38292708423286864
215719,0.3062207698356066
215720,0.559987455742861
215721,0.38032278737029646
215722,0.5596829393557888
215723,0.1955131555624236
215724,0.8053685784538749
215725,0.40688388835611145
215726,0.8360747383204331
215727,0.3037300984905986
215728,0.5069243390403644
215729,0.2788688352475445
215730,0.8922920993905127
215731,0.732121024811268
215732,0.2877043554933393
215733,0.8169720163075344
215734,0.1950541084714641
215735,0.18875470977770303
215736,0.9596447611818872
215737,0.7957740397507511
215738,0.7509419555406076
215739,0.3507392476172729
215740,0.8986823984983252
215741,0.4083201148981233
215742,0.20731657432699607
215743,0.10332650065221045
215744,0.47655451070579624
215745,0.5622145158871199
215746,0.675908208761891
215747,0.5229319019548134
215748,0.9602856091009495
215749,0.5345353398084728
215750,0.9262797642043259
215751,0.11821144345312493
215752,0.09934506251675976
215753,0.2529076769944687
215754,0.13390085491839415
215755,0.3434535794310543
215756,0.8536048831702429
215757,0.5895528154130742
215758,0.42032351457360884
215759,0.9107130682980261
215760,0.2674381081805827
215761,0.5724317224264956
215762,0.37552779052908586
215763,0.490444093972848
215764,0.04705914435440254
215765,0.7089232391453544
215766,0.5946659637034647
215767,0.40275246453747593
215768,0.8518505051790511
215769,0.5640052540439322
215770,0.2551847323664559
215771,0.1181250880597761
215772,0.5142100072265829
215773,0.12472445811990672
215774,0.380654573881584
215775,0.27715081742197334
215776,0.7191268106226225
215777,0.08996413978665671
215778,0.36976470427822794
215779,0.4070838692670245
215780,0.32456901841187885
215781,0.29364469755159733
215782,0.2896405343126338
215783,0.4893987392112571
215784,0.6999331881956723
215785,0.6270310561264607
215786,0.051154208007417476
215787,0.6017834661236883
215788,0.17172451720517587
215789,0.5554106198953737
215790,0.5167824889442372
215791,0.07534280818649128
215792,0.7959013003304231
215793,0.42539575767767623
215794,0.573631607891974
215795,0.8188400198162903
215796,0.026592916130732978
215797,0.23515482613023303
215798,0.998586498561501
215799,0.15350352920857555
215800,0.20955726953336273
215801,0.10523540934728956
215802,0.3399539134900759
215803,0.14708141495584515
215804,0.34881670386008606
215805,0.10974861490494088
215806,0.05000431776966744
215807,0.4270819603583294
215808,0.10402188881970356
215809,0.5363078978824749
215810,0.8821521582030807
215811,0.8065866440021635
215812,0.20199890010498997
215813,0.4299498684216506
215814,0.13619609037319166
215815,0.228137314165466
215816,0.8742938174083383
215817,0.5521200249067134
215818,0.6263129428554548
215819,0.07527917789665531
215820,0.8242213243281323
215821,0.6453520345785175
215822,0.5184686916248904
215823,0.6793533344544385
215824,0.6607687448016326
215825,0.6397071188659265
215826,0.23062344048977143
215827,0.6260493316547057
215828,0.6914339994818677
215829,0.0436003835997473
215830,0.8763072615795766
215831,0.6383254325723454
215832,0.009058226260220615
215833,0.5340626576554056
215834,0.3902854727503284
215835,0.3532753691693066
215836,0.08761890910413096
215837,0.5985928615904845
215838,0.5329582176246813
215839,0.6023606837529146
215840,0.00414960390144577
215841,0.22885997245717457
215842,0.6982606205771268
215843,0.08106498925102604
215844,0.6675044654828403
215845,0.361797282986624
215846,0.4526840619759023
215847,0.6895932660973271
215848,0.25238045459297065
215849,0.9913690056858209
215850,0.12279282432131479
215851,0.6339485776357712
215852,0.23095977202176157
215853,0.0019634489435099377
215854,0.33582248967144046
215855,0.19412692424813996
215856,0.9721162979897374
215857,0.10482635748405833
215858,0.4536839665304675
215859,0.927334209007322
215860,0.28476827211947947
215861,0.7168861154162558
215862,0.42451402366137775
215863,0.33927670540539306
215864,0.6285081878547957
215865,0.1929633989482822
215866,0.8981869912417452
215867,0.3054299362333595
215868,0.5747860431504266
215869,0.6718086000881734
215870,0.6541875548243122
215871,0.865317401520764
215872,0.42784552383636104
215873,0.7604683189331927
215874,0.6318215079469688
215875,0.04130969316565237
215876,0.056499152353638976
215877,0.4805450388826521
215878,0.7033419537225992
215879,0.8848837156453249
215880,0.4782952536348803
215881,0.7375568695715409
215882,0.5193867858068094
215883,0.192258920739384
215884,0.5393803318774117
215885,0.9573949759341155
215886,0.3112202926084328
215887,0.4948936692406634
215888,0.11742969989228301
215889,0.01956631412456084
215890,0.7758532140113898
215891,0.6379981910817604
215892,0.8247939969366561
215893,0.958972098117907
215894,0.08587816617504691
215895,0.7689629626262948
215896,0.2584526022516032
215897,0.48010871689520546
215898,0.8858336249721617
215899,0.6824848537185086
215900,0.6646820076265447
215901,0.45874711959312975
215902,0.300412233377723
215903,0.1895773585248681
215904,0.4682871180478227
215905,0.8422741465587377
215906,0.5847623635925662
215907,0.608360111080306
215908,0.4781225428481826
215909,0.6742174610605352
215910,0.02688834247639998
215911,0.2363274414714959
215912,0.042682289417828305
215913,0.19692665700092266
215914,0.2772462628567273
215915,0.9616672953945306
215916,0.35687048054503884
215917,0.032633248644447575
215918,0.6596097645224773
215919,0.014380445502929266
215920,0.7315392621613391
215921,0.3512573799773658
215922,0.7850341558305799
215923,0.48622631476086375
215924,0.42642747737715947
215925,0.7773303457397249
215926,0.3234463982983442
215927,0.7070961408229215
215928,0.4685961794555974
215929,0.24377673040300699
215930,0.7460742383681558
215931,0.36852845864712913
215932,0.8326341576485882
215933,0.5269587902972898
215934,0.387672085846351
215935,0.08718713213738687
215936,0.21505219956276903
215937,0.11634798496507151
215938,0.5862804005072243
215939,0.08022870544175328
215940,0.6188227487376206
215941,0.70240567945787
215942,0.23329136764217961
215943,0.3756823212329732
215944,0.7490012317006104
215945,0.917785120511224
215946,0.6357938560410142
215947,0.8924829902600206
215948,0.813545070697797
215949,0.09295476340894732
215950,0.23656832756873208
215951,0.8815840306152595
215952,0.8466100963089888
215953,0.17812390635439343
215954,0.4509433190468182
215955,0.39831197931106577
215956,0.9220847100958545
215957,0.09596811213475077
215958,0.3410038132723694
215959,0.6637502783825181
215960,0.3846632821412501
215961,0.3149608446466473
215962,0.9382331686520832
215963,0.2630748883061162
215964,0.08673717508783252
215965,0.12747874066566373
215966,0.6758445784720549
215967,0.43639016275719134
215968,0.17997372978033915
215969,0.5564241595120466
215970,0.20987087596184
215971,0.4351084669190668
215972,0.11420728021416136
215973,0.5859577040373419
215974,0.24407670176937657
215975,0.0943364497025284
215976,0.1639616218451875
215977,0.9353016302989261
215978,0.2380772744419851
215979,0.9398102908358749
215980,0.5523290958590317
215981,0.3293094750046586
215982,0.532971852686789
215983,0.4741047445471114
215984,0.04603651469632444
215985,0.0895959931097486
215986,0.5662777643952168
215987,0.9774339722117434
215988,0.35519336790579076
215989,0.25009885420028083
215990,0.9443371314556338
215991,0.837488239758932
215992,0.5968975688684262
215993,0.7304530022134251
215994,0.804891351280105
215995,0.2722285600010908
215996,0.5240363419855377
215997,0.6084419214529522
215998,0.144645283859268
215999,0.9423918625949341
216000,0.6794487798891925
216001,0.39579403784184236
216002,0.48959872012217015
216003,0.022029715345353397
216004,0.36562419041818733
216005,0.781466314579063
216006,0.8713031937860477
216007,0.8568909331382005
216008,0.5166643184059704
216009,0.04788179310156758
216010,0.06502561119165896
216011,0.8071774966934975
216012,0.6369664713822771
216013,0.5881347689538726
216014,0.8903559205712183
216015,0.4157648588089318
216016,0.5325673458442604
216017,0.8731439271705882
216018,0.9471232291463088
216019,0.10597624772180836
216020,0.2368773889765068
216021,0.9205257679948732
216022,0.48102226605642184
216023,0.7040055267451744
216024,0.49133491803055157
216025,0.1459133446352848
216026,0.09093677421700655
216027,0.09812699696847119
216028,0.5627780984542385
216029,0.09808609178214805
216030,0.03706918885015521
216031,0.10452638611768876
216032,0.35358897559778385
216033,0.5812808777343981
216034,0.27012876043650375
216035,0.16902022988714713
216036,0.7918016916567056
216037,0.7909335927025147
216038,0.7764167965785085
216039,0.19860376964017074
216040,0.2536894205553106
216041,0.050331559260252436
216042,0.04094609150944683
216043,0.8071411365278769
216044,0.9075133737234173
216045,0.934119924916258
216046,0.31919680394144195
216047,0.8435376623140518
216048,0.12816958381245427
216049,0.4092882043077706
216050,0.3689738706759809
216051,0.27749169397466605
216052,0.6014016843846725
216053,0.4079519682212152
216054,0.9559451143299958
216055,0.014862217697401611
216056,0.6573372541711928
216057,0.28619086359938367
216058,0.8844246685543653
216059,0.3205739452143204
216060,0.030369828334568066
216061,0.26791079033364995
216062,0.45791083578385694
216063,0.38001827098322427
216064,0.16136641502402044
216065,0.2148158584862354
216066,0.9156580508224216
216067,0.05502202062530395
216068,0.2696060830557083
216069,0.8732211925225319
216070,0.4406715722590116
216071,0.7336163366224133
216072,0.03072888497007104
216073,0.41549215756677765
216074,0.693129292203926
216075,0.21330236659227983
216076,0.8485735452524987
216077,0.21934269910599444
216078,0.6554147104140059
216079,0.3789365560560128
216080,0.25088059776112276
216081,0.7525463478486144
216082,0.31902863817544685
216083,0.794296908022416
216084,0.2415587603001532
216085,0.4354902486580826
216086,0.6540875643688557
216087,0.5077515328082319
216088,0.781170888233396
216089,0.9929733979938279
216090,0.8546820530767518
216091,0.17931470177846662
216092,0.7372114479981456
216093,0.6544829811699793
216094,0.30562537212357
216095,0.9049681621299785
216096,0.9658668945237046
216097,0.5222001536216997
216098,0.6482063075797311
216099,0.6132823685011886
216100,0.031306102599297336
216101,0.4636330168483917
216102,0.828393653333091
216103,0.9813881402229787
216104,0.7425109421373415
216105,0.5868894332813687
216106,0.9362333595429527
216107,0.6658955281541308
216108,0.17766940428413652
216109,0.1912181109984956
216110,0.0805241317874203
216111,0.6225087605274042
216112,0.06647092777507602
216113,0.419446325578013
216114,0.6786170411006223
216115,0.029692620249885237
216116,0.14806313942760008
216117,0.31262015898482415
216118,0.014944028070047858
216119,0.25628917239718024
216120,0.6993150653801229
216121,0.3905899891374005
216122,0.23152335458888015
216123,0.4723594565973248
216124,0.454565700546766
216125,0.8449738888560637
216126,0.9923507301575759
216127,0.869580630939774
216128,0.8975915935297085
216129,0.6974288817885566
216130,0.3830725248953509
216131,0.864472027670086
216132,0.9753614427713718
216133,0.750482908449648
216134,0.6871662250421552
216135,0.5801946177864841
216136,0.6092827502829277
216137,0.4125333490894051
216138,0.5394848673535708
216139,0.13675058289890513
216140,0.8364474300180438
216141,0.18893651060580582
216142,0.11051672340367509
216143,0.5615100376782216
216144,0.08357384067884428
216145,0.24970798241985992
216146,0.6571463633016849
216147,0.28548184036978286
216148,0.3352634521250244
216149,0.6626094781861731
216150,0.32281918544138966
216151,0.43134518977733943
216152,0.18908195126828803
216153,0.806918430513451
216154,0.5311720244885716
216155,0.6701996627594639
216156,0.49503456488244296
216157,0.1169570177392158
216158,0.17819662668563457
216159,0.2158566682271238
216160,0.8556955926934247
216161,0.7094413715054473
216162,0.9041318783207057
216163,0.8686443566750447
216164,0.7399384604196871
216165,0.5025974793315183
216166,0.45517473332091024
216167,0.16023015984837813
216168,0.4038659946096054
216169,0.22702378409333654
216170,0.5462705832625068
216171,0.7040237068279847
216172,0.2675017384704187
216173,0.022638748119497686
216174,0.5652096845301131
216175,0.10429459006185772
216176,0.2620158984824176
216177,0.05494475527336028
216178,0.6406206680271428
216179,0.7010103581021813
216180,0.851650524268138
216181,0.9409647260943274
216182,0.8276255448343568
216183,0.9604446848255395
216184,0.4659737025102149
216185,0.5363033528617723
216186,0.285490930411188
216187,0.2696560782834366
216188,0.6313806409388195
216189,0.6030060766926795
216190,0.6488017052917677
216191,0.9614082292144841
216192,0.9618490962226334
216193,0.6529376741311057
216194,0.33694510978497505
216195,0.32189200121806555
216196,0.8383563387131229
216197,0.4328950418369155
216198,0.17413792319824017
216199,0.597574776953109
216200,0.2948264029342653
216201,0.9530862963080797
216202,0.20335331627435563
216203,0.3872266738174992
216204,0.1407183859722481
216205,0.5104921802918813
216206,0.053176742220060816
216207,0.9215483976529514
216208,0.312147476831757
216209,0.10587171224564927
216210,0.8275391894410079
216211,0.7903518300525859
216212,0.30322560119261344
216213,0.79209257298167
216214,0.5770494634603062
216215,0.9648760800105445
216216,0.7340026633821318
216217,0.4359311156662318
216218,0.20631212475172825
216219,0.25053517618772747
216220,0.3678194354175283
216221,0.3553751687338935
216222,0.08699624126787897
216223,0.4448348112225651
216224,0.7252216833847679
216225,0.5407847432745057
216226,0.6763490757700402
216227,0.21887456197362978
216228,0.182750737429609
216229,0.11153480804105062
216230,0.520118534139923
216231,0.5100876734493526
216232,0.14652237740942908
216233,0.11911590257293621
216234,0.16384799632762329
216235,0.966844073974757
216236,0.0993677876202726
216237,0.5080333240917912
216238,0.06939337608682807
216239,0.07401111712063847
216240,0.34821676112734695
216241,0.7456333713600065
216242,0.7163361679112449
216243,0.5329127674176556
216244,0.3572658973461624
216245,0.7458969825607555
216246,0.07930152121842914
216247,0.8906604369582903
216248,0.7695583603383314
216249,0.6928247758168539
216250,0.7415519427690993
216251,0.8960599215529427
216252,0.7113275550970135
216253,0.696960744656192
216254,0.18259620672572163
216255,0.899718663218511
216256,0.24795360442866818
216257,0.49346198771935407
216258,0.021661568668445288
216259,0.7757123183696102
216260,0.11481176796760309
216261,0.8685534562609932
216262,0.7954513432808686
216263,0.4222915085378214
216264,0.25299403238781754
216265,0.7723535480704115
216266,0.7083187513919127
216267,0.6571781784466029
216268,0.6125597102094801
216269,0.6566327759622945
216270,0.45324764454302086
216271,0.09016866571827234
216272,0.20891642161430046
216273,0.9611400729930325
216274,0.34482163066252763
216275,0.9404238686307217
216276,0.10289472368546639
216277,0.16746583280686844
216278,0.3472713968212125
216279,0.6493971030038042
216280,0.3649606173956122
216281,0.6019198167447654
216282,0.6186318578681127
216283,0.6838665400120897
216284,0.35678412515169006
216285,0.9125765267860796
216286,0.012744238050004316
216287,0.8666854527522373
216288,0.26234768499370514
216289,0.3443625835715681
216290,0.1828689079678758
216291,0.4004117788756527
216292,0.1370914594515978
216293,0.8820703478304344
216294,0.16091645797446608
216295,0.7912290190481818
216296,0.43865812808777344
216297,0.12696515332627342
216298,0.5904163693465624
216299,0.9497866112780143
216300,0.3590839056271901
216301,0.8667627181041809
216302,0.4045659277978011
216303,0.6779625581194523
216304,0.8916648865335581
216305,0.04836811031674249
216306,0.33434535794310544
216307,0.36870116943382675
216308,0.6038923557296804
216309,0.04510024043159516
216310,0.37085550924684463
216311,0.4751046491016766
216312,0.26331122938264984
216313,0.5849805245862896
216314,0.6171365460569673
216315,0.689720526676999
216316,0.8991323555478795
216317,0.46768263029438095
216318,0.8924329950322925
216319,0.1007449288931511
216320,0.9015548515823489
216321,0.7551415546697815
216322,0.19442235059380694
216323,0.11698883288413378
216324,0.6420478045277496
216325,0.9465005613100568
216326,0.06838438149085768
216327,0.41831007040237067
216328,0.987792074392899
216329,0.6124824448575363
216330,0.021288876970834602
216331,0.5469205212229742
216332,0.5708591452634066
216333,0.25356670499634126
216334,0.9704300953090842
216335,0.5359352061848642
216336,0.6840801559851105
216337,0.1575258725303494
216338,0.24641738743119976
216339,0.8740392962489943
216340,0.33032301462133157
216341,0.8622813276914477
216342,0.8086637184632376
216343,0.707459742479127
216344,0.15212638793569705
216345,0.9891737606864799
216346,0.895128192308916
216347,0.5900482226696543
216348,0.9075906390753611
216349,0.23825453024938528
216350,0.7239672576708588
216351,0.9772249012594253
216352,0.6945473386631277
216353,0.8268983415219457
216354,0.2969262024988524
216355,0.3688557001377141
216356,0.7352207289304203
216357,0.11817508328750437
216358,0.8222806004881352
216359,0.8479645124783544
216360,0.6597552051849596
216361,0.8631085214593153
216362,0.7311665704637285
216363,0.16929293112930133
216364,0.9260616032106026
216365,0.21292967489466913
216366,0.5667958967553098
216367,0.4850446093781957
216368,0.5513564614286819
216369,0.6320033087750715
216370,0.7050099763204423
216371,0.0318151449179851
216372,0.2720967544007163
216373,0.2415224001345326
216374,0.9271842233241373
216375,0.49549815699410504
216376,0.5088877879838742
216377,0.04064612014307725
216378,0.9854468437103732
216379,0.8663263961167343
216380,0.6100326786988516
216381,0.6508651446907341
216382,0.4640647938151358
216383,0.40327059689756883
216384,0.902545666095509
216385,0.20787561187341208
216386,0.696769853786684
216387,0.34240367964876073
216388,0.31078851564168875
216389,0.5553878947918608
216390,0.4547429563541662
216391,0.8771617254716595
216392,0.2906268038050913
216393,0.11001677112639247
216394,0.017066552738147722
216395,0.7760668299844106
216396,0.6563964348857609
216397,0.8821157980374601
216398,0.19497229809881786
216399,0.11642525031701519
216400,0.8607587457560869
216401,0.1441862367683085
216402,0.5555060653301276
216403,0.347403202421587
216404,0.7501511219383604
216405,0.4524704460028815
216406,0.6248449011685249
216407,0.9583130701160344
216408,0.3879175169642898
216409,0.6299489594175103
216410,0.8273528435922026
216411,0.34841674203825995
216412,0.2631703337408702
216413,0.4933029119947641
216414,0.802032533258189
216415,0.4039568950236568
216416,0.8951418273710237
216417,0.2349684802814277
216418,0.39324428122770094
216419,0.973238918103272
216420,0.7059235254816586
216421,0.0676117279714209
216422,0.4328950418369155
216423,0.09310929411283468
216424,0.16218451875048293
216425,0.33501802100708566
216426,0.11682521213884128
216427,0.6492153021757014
216428,0.16932474627421928
216429,0.42566845891983035
216430,0.3249962503579204
216431,0.794951391003586
216432,0.6036878297980648
216433,0.5327764167965785
216434,0.5268769799246436
216435,0.8724212688788798
216436,0.5959703846451021
216437,0.419805382213516
216438,0.16256630048949874
216439,0.07885156416887479
216440,0.41915089923234594
216441,0.02366592279827835
216442,0.06075783675194641
216443,0.553306275310084
216444,0.8938874016571146
216445,0.03378313888219761
216446,0.995304993614246
216447,0.5689366015062198
216448,0.19396784852355003
216449,0.7332118297798847
216450,0.628430922502852
216451,0.9046363756186909
216452,0.698278800659937
216453,0.19904918166902252
216454,0.048636266538194084
216455,0.3772594434167647
216456,0.17624681280423235
216457,0.8951690974952391
216458,0.05672185836806486
216459,0.09031865140145713
216460,0.8957281350416552
216461,0.613995936751492
216462,0.399966366846801
216463,0.6417978283891083
216464,0.8743938078637948
216465,0.9178987460287882
216466,0.6159230255293814
216467,0.44485299130537537
216468,0.7830570718249622
216469,0.2856454611150753
216470,0.8200399052817685
216471,0.036446521013903214
216472,0.8348157675858214
216473,0.7565005158598498
216474,0.2071029583539753
216475,0.6216043014075929
216476,0.4123788183855177
216477,0.4902304779998272
216478,0.8206171229109949
216479,0.9720617577413065
216480,0.7832343276323624
216481,0.027324664463846633
216482,0.23560932820048994
216483,0.9126537921380232
216484,0.021079806018516414
216485,0.8550729248571727
216486,0.7017693765595103
216487,0.10898959644761182
216488,0.6204498661491403
216489,0.4616832029669895
216490,0.588225669367924
216491,0.07284304680007817
216492,0.3457715399893646
216493,0.6312897405247682
216494,0.5792537985010522
216495,0.3363906172592616
216496,0.0685161870912322
216497,0.365406029424464
216498,0.4776725857986283
216499,0.752423632289645
216500,0.18879561496402616
216501,0.8334022661473224
216502,0.7218720031269743
216503,0.6674908304207325
216504,0.5830079856013743
216505,0.5568513914580882
216506,0.9515228091863959
216507,0.5839806200317242
216508,0.8467691720335787
216509,0.34541702837456423
216510,0.5105239954367993
216511,0.6769671985855895
216512,0.36868298935101645
216513,0.8016325714363629
216514,0.1647342753646243
216515,0.06970698251530535
216516,0.1699474141104713
216517,0.3158289436008381
216518,0.4900714022752373
216519,0.7680357784029707
216520,0.22441948723076435
216521,0.5297448879879648
216522,0.8157494057385432
216523,0.5803264233868586
216524,0.857454515705319
216525,0.49887510737611407
216526,0.07156135096195362
216527,0.6897659768840247
216528,0.09906781625390303
216529,0.051099667758986646
216530,0.4776953109021412
216531,0.8351293740142987
216532,0.6701905727180587
216533,0.34760318333250007
216534,0.2913040118897741
216535,0.6696269901509402
216536,0.6882388499279614
216537,0.031210657164543385
216538,0.6987560278337068
216539,0.7420337149635716
216540,0.36551965494202826
216541,0.9262297689765977
216542,0.8598315615327627
216543,0.6350757427700083
216544,0.7634271274105654
216545,0.4044886624458574
216546,0.6390753609882693
216547,0.49601174433349543
216548,0.6328986778534776
216549,0.46431022493307456
216550,0.5041473313910945
216551,0.819644488480645
216552,0.3957531326555192
216553,0.04288227032874135
216554,0.53205375850487
216555,0.660891460360602
216556,0.48258120815740313
216557,0.019207257489057866
216558,0.7160361965448753
216559,0.7014194099654124
216560,0.05214502252057758
216561,0.7322664654737502
216562,0.40397962012716965
216563,0.9453733961758196
216564,0.9685120965726
216565,0.33754050749701164
216566,0.6665863713009212
216567,0.5459797019375423
216568,0.3726598824657646
216569,0.5453888492462083
216570,0.5065152871771331
216571,0.8297662495852669
216572,0.23366860436049286
216573,0.9411101667568096
216574,0.8457056371891775
216575,0.11883865631007948
216576,0.4310679435144827
216577,0.2434631239745297
216578,0.5191504447302757
216579,0.8400607214765863
216580,0.41287422564209775
216581,0.0959181169070225
216582,0.7407429290840419
216583,0.017298348793978756
216584,0.2908540548402198
216585,0.8649310747610456
216586,0.7041464223869539
216587,0.25757995827670993
216588,0.5727226037514601
216589,0.7570550083855632
216590,0.11943405402211607
216591,0.8852336822394226
216592,0.6987151226473837
216593,0.12373364360674663
216594,0.5871984946891433
216595,0.4106971607255671
216596,0.6673044845719273
216597,0.08070593261552306
216598,0.4635375714136378
216599,0.6848618995459524
216600,0.7930924775362352
216601,0.29225392121661115
216602,0.5723999072815776
216603,0.386163138973098
216604,0.8540912003854179
216605,0.7050372464446576
216606,0.33003213329636716
216607,0.8691897591593529
216608,0.05159962003626927
216609,0.5184686916248904
216610,0.7459515228091864
216611,0.41342871816781124
216612,0.13901400320878463
216613,0.5941160161984538
216614,0.9386104053703965
216615,0.02482944809813609
216616,0.5886074511069399
216617,0.0030860690570445547
216618,0.02696560782834366
216619,0.3008849155307902
216620,0.8372837138273165
216621,0.8843701283059344
216622,0.40132987305757173
216623,0.007608364656101008
216624,0.9143536298807842
216625,0.7818208261938633
216626,0.6167502192972489
216627,0.5694638239077179
216628,0.5749360288336114
216629,0.31581985355943293
216630,0.3362224514932665
216631,0.39966185045972885
216632,0.3221328873153017
216633,0.5827625544834357
216634,0.4771817235627508
216635,0.7221628844519388
216636,0.5383577022193337
216637,0.9777748487644361
216638,0.373605246771899
216639,0.7766485926343395
216640,0.5101649388012962
216641,0.9622081528581362
216642,0.46939155807854704
216643,0.7977420337149635
216644,0.7358388517459697
216645,0.3229964412487899
216646,0.26987423927715987
216647,0.022775098740574765
216648,0.35544788906513464
216649,0.5663050345194323
216650,0.602524304498207
216651,0.6451111484812814
216652,0.019266342758191266
216653,0.572059030728885
216654,0.7641725108057867
216655,0.37844114879943275
216656,0.3410356284172874
216657,0.05569468368928421
216658,0.39898918739574857
216659,0.6211452543166335
216660,0.09280023270505997
216661,0.09354561610028132
216662,0.38535412528804064
216663,0.21320237613682333
216664,0.03804182328050504
216665,0.029692620249885237
216666,0.8789479186077693
216667,0.8306979788292936
216668,0.9973229828061867
216669,0.24631285195504066
216670,0.6840983360679208
216671,0.2857636316533422
216672,0.5052290463183061
216673,0.41416955654233
216674,0.20308516005290406
216675,0.021938814931302016
216676,0.560282882088528
216677,0.8845246590098218
216678,0.3120565764177055
216679,0.5790538175901391
216680,0.8100863099431418
216681,0.08064230232568709
216682,0.7081187704809996
216683,0.4959799291885774
216684,0.0017634680325968883
216685,0.7318392335277087
216686,0.3851995945841533
216687,0.2748783070706887
216688,0.03862358593043391
216689,0.6707950604715005
216690,0.3529299475959113
216691,0.06668454374809676
216692,0.524740820194436
216693,0.6040377963921626
216694,0.08658718940464773
216695,0.4582926175228728
216696,0.5024384036069285
216697,0.9390058221715201
216698,0.09004595015930297
216699,0.996327623272324
216700,0.7222174247003695
216701,0.4983387949332109
216702,0.36846937337799573
216703,0.822557846750992
216704,0.40159348425832075
216705,0.6825802991532627
216706,0.24100426777443973
216707,0.04283227510101308
216708,0.5342626385663187
216709,0.6239495320901187
216710,0.6884933710873054
216711,0.6712722876452702
216712,0.26942882724830813
216713,0.3705373577976648
216714,0.3734416260266065
216715,0.712609250935138
216716,0.6526876979924644
216717,0.11369369287477105
216718,0.6372482626658365
216719,0.04943164516114371
216720,0.13501438499052365
216721,0.4691552170020134
216722,0.7031692429359016
216723,0.3398402879725117
216724,0.7165952340912913
216725,0.2976715858940737
216726,0.42839092632066933
216727,0.2760963726189773
216728,0.7929288567909426
216729,0.47919062271328644
216730,0.30549811154389805
216731,0.9029956231450634
216732,0.07784711459360698
216733,0.5736452429540817
216734,0.8499643215874849
216735,0.12902404770453732
216736,0.36909658623495023
216737,0.6343848996232178
216738,0.4321223883174788
216739,0.8419059998818295
216740,0.5698274255639235
216741,0.2000263611200749
216742,0.9200667209039137
216743,0.7437153726235224
216744,0.43179969184759637
216745,0.12589252844046706
216746,0.9795065016521151
216747,0.44922075620054447
216748,0.33652696788033865
216749,0.46198771935406163
216750,0.018620949818426425
216751,0.8463192149840243
216752,0.25392121661114164
216753,0.07470650528813158
216754,0.46381481767649446
216755,0.39381695383622467
216756,0.9707573367996691
216757,0.2924584471482267
216758,0.19286795351352828
216759,0.3987664813813227
216760,0.8330295744497117
216761,0.8730212116116189
216762,0.7479467868976143
216763,0.8370519177714855
216764,0.4002708832338731
216765,0.9170397371160026
216766,0.9932779143809001
216767,0.13138745846987335
216768,0.005044972979851923
216769,0.09421373414355902
216770,0.9753023575022385
216771,0.9564268865244682
216772,0.34535794310543083
216773,0.41260152439994363
216774,0.021211611618890926
216775,0.6504333677239901
216776,0.6955472432176928
216777,0.013425991155389711
216778,0.8379291067670813
216779,0.2549756614141377
216780,0.3486212679698756
216781,0.7288713350089311
216782,0.6461155980565492
216783,0.67993964212507
216784,0.49333472713968207
216785,0.5020702569300204
216786,0.9783111612073394
216787,0.6875480067811709
216788,0.6983333409083679
216789,0.2782507124319951
216790,0.05175415074015662
216791,0.35597965648733526
216792,0.12933310911231202
216793,0.7914835402075256
216794,0.7693174742410951
216795,0.8435967475831854
216796,0.6791079033364997
216797,0.6954790679071543
216798,0.9355788765617827
216799,0.26157957649497093
216800,0.5075970021043447
216801,0.5485976338622223
216802,0.3970620986178592
216803,0.05613555069743343
216804,0.3200012726057967
216805,0.22847364569745615
216806,0.1474586516741584
216807,0.5252407724717186
216808,0.8316887933424537
216809,0.489948686716268
216810,0.4701960267429018
216811,0.4433622245149326
216812,0.01376686770808241
216813,0.19089086950791062
216814,0.5536244267592639
216815,0.9668804341403776
216816,0.14574972388999233
216817,0.12119297703401039
216818,0.5010249021684293
216819,0.9662941264697461
216820,0.1449361651842324
216821,0.523295503611019
216822,0.8103453761231884
216823,0.16918839565314223
216824,0.5134964389762795
216825,0.42837729125856167
216826,0.2177928470464183
216827,0.9271433181378141
216828,0.4647965421482495
216829,0.3290822239695302
216830,0.6338485871803147
216831,0.8185400484499207
216832,0.10320833011394366
216833,0.8162675380986361
216834,0.6237404611378006
216835,0.7899564132514624
216836,0.7671767694901851
216837,0.3783820635302994
216838,0.24226778352975398
216839,0.5336990559992001
216840,0.9105994427804619
216841,0.9455142918175993
216842,0.4467573549797519
216843,0.8716031651524172
216844,0.28085500929456736
216845,0.18193263370314652
216846,0.12791960767381297
216847,0.7070370555537882
216848,0.9831561532762781
216849,0.45058880743201785
216850,0.488998777389431
216851,0.08201489857786301
216852,0.18130996586689452
216853,0.629908054231187
216854,0.19123629108130588
216855,0.46206952972670784
216856,0.552610887142591
216857,0.8407242944991614
216858,0.6915703501029447
216859,0.28551820053540344
216860,0.5739497593411539
216861,0.6164820630757973
216862,0.11163934351720971
216863,0.2549665713727326
216864,0.7698128814976752
216865,0.7611228019143628
216866,0.6602597024829449
216867,0.5032156021470678
216868,0.3196331259288886
216869,0.32312824684916436
216870,0.5632053304002801
216871,0.0371010039950732
216872,0.28594543248144494
216873,0.7945877893473805
216874,0.6387890246840074
216875,0.3824544020798014
216876,0.3511801146254221
216877,0.6887978874743775
216878,0.20656210089036955
216879,0.02019807200221797
216880,0.7403111521172979
216881,0.3403129701255789
216882,0.1652660427868249
216883,0.9006231223383223
216884,0.6042786824893988
216885,0.010412642429586267
216886,0.9260934183555206
216887,0.9305838988096591
216888,0.06248494461892275
216889,0.6231359733843588
216890,0.6480835920207617
216891,0.08248303571022765
216892,0.620358965735089
216893,0.8393244281227701
216894,0.21463860267883522
216895,0.5906799805473115
216896,0.2783688829702619
216897,0.48376745856077374
216898,0.7606682998441058
216899,0.6606096690770427
216900,0.585407756532331
216901,0.7723853632153295
216902,0.16643865812808778
216903,0.6062557664950163
216904,0.3289458733484531
216905,0.4281091350371101
216906,0.9624490389553725
216907,0.7472195835852032
216908,0.8444921166615915
216909,0.7520782107162498
216910,0.422136977833934
216911,0.4135059835197549
216912,0.029656260084264686
216913,0.27499193258825294
216914,0.8341658296253539
216915,0.2997941105621736
216916,0.7972329913962758
216917,0.06719358606678452
216918,0.9485867258125361
216919,0.6395025929343109
216920,0.6697315256270993
216921,0.5619190895414529
216922,0.7066825439389877
216923,0.21403411492539348
216924,0.02077528963144427
216925,0.7809709073224829
216926,0.6078647038237259
216927,0.4518205080424141
216928,0.29933960849191665
216929,0.19958094909122312
216930,0.2081574031569714
216931,0.4890396825757541
216932,0.00331332009217302
216933,0.8695897209811791
216934,0.47553188104771815
216935,0.6345257952649975
216936,0.4206007608364656
216937,0.23095977202176157
216938,0.9070997768394835
216939,0.12522441039718937
216940,0.9072770326468838
216941,0.8946555101558488
216942,0.36610141759195713
216943,0.03199694574608788
216944,0.9166943155426073
216945,0.8228396380345512
216946,0.937792301643934
216947,0.2656973652514987
216948,0.29963957985828626
216949,0.041105167234036746
216950,0.5988746528740438
216951,0.4720640302516578
216952,0.4043114066384572
216953,0.4485299130537539
216954,0.10835783856995468
216955,0.23610019043636746
216956,0.7819117266079147
216957,0.9173987937515056
216958,0.41550124760818286
216959,0.9809563632562346
216960,0.03633289549633899
216961,0.9476459065271042
216962,0.4074338358611223
216963,0.027597365706000795
216964,0.5994973207102959
216965,0.4648010871689521
216966,0.9690120488498826
216967,0.946246040150713
216968,0.9608673717508783
216969,0.7176678589770977
216970,0.14638602678835202
216971,0.7281623117793302
216972,0.21844733002758826
216973,0.13616882024897622
216974,0.6132051031492449
216975,0.5243454033933125
216976,0.8937828661809555
216977,0.6848119043182243
216978,0.47213675058289883
216979,0.9931551988219307
216980,0.9941323782729831
216981,0.12483353861676838
216982,0.06356665954613422
216983,0.19000459047090962
216984,0.9049045318401426
216985,0.7485058244440305
216986,0.8714940846555557
216987,0.41856913658241707
216988,0.10230387099413236
216989,0.8461828643629472
216990,0.5214320451229656
216991,0.8621131619254526
216992,0.5220728930420279
216993,0.47172769871966763
216994,0.7008512823775913
216995,0.1804282318505961
216996,0.6365074242913177
216997,0.8562409951777331
216998,0.09631807872884861
216999,0.550806513923671
217000,0.08313751869139763
217001,0.9501365778721123
217002,0.10135396166729539
217003,0.14176828575454162
217004,0.5435117556960471
217005,0.7989737343253599
217006,0.8988142040986997
217007,0.7736852391362643
217008,0.8085319128628632
217009,0.7323528208670991
217010,0.9210348103135609
217011,0.04597288440648847
217012,0.9759568404834085
217013,0.3205194049658896
217014,0.43107248853518526
217015,0.596097645224774
217016,0.9666259129810336
217017,0.16853845769267478
217018,0.7726671544988888
217019,0.38904468209852694
217020,0.9421600665391031
217021,0.5818399152808141
217022,0.47112321096622595
217023,0.26231586984878713
217024,0.4765408756436885
217025,0.06525740724749
217026,0.2796778489326019
217027,0.515887119865831
217028,0.41212884224687646
217029,0.9720708477827117
217030,0.8283436581053627
217031,0.39591220838010915
217032,0.8637039191713518
217033,0.03818271892228469
217034,0.7471968584816904
217035,0.3161243699465051
217036,0.34588971052763146
217037,0.5456342803641471
217038,0.8416014834947573
217039,0.4262502215697592
217040,0.1441226064784725
217041,0.6227905518109635
217042,0.1139209439098995
217043,0.6825712091118575
217044,0.38714486344485294
217045,0.7200312697424337
217046,0.3509664986524013
217047,0.8143040891551261
217048,0.37079187895700866
217049,0.031946950518359614
217050,0.2208425559378423
217051,0.6423932261011449
217052,0.0631712427450107
217053,0.5207866521832007
217054,0.583044345766995
217055,0.4233641334236277
217056,0.03936442430495271
217057,0.6071738606769354
217058,0.20478954281636755
217059,0.6724721731107486
217060,0.206525740724749
217061,0.986419478140723
217062,0.2788733802682471
217063,0.9912962853545798
217064,0.04561382777098549
217065,0.8913103749187578
217066,0.9186668545275224
217067,0.45450661527763253
217068,0.38002281600392684
217069,0.2776780398234714
217070,0.29354016207543826
217071,0.8882652110480364
217072,0.47905427209220935
217073,0.9990364556110554
217074,0.8180128260484226
217075,0.2307643361315511
217076,0.6640047995418619
217077,0.8049458915285359
217078,0.8340522041077897
217079,0.1324555383349771
217080,0.15733952668154402
217081,0.8848882606660273
217082,0.8960826466564555
217083,0.06203044254866581
217084,0.5152099117811482
217085,0.03863267597183905
217086,0.4740183891537626
217087,0.6749764795178642
217088,0.7118820476227269
217089,0.7065143781729926
217090,0.8256984560564674
217091,0.950868326205226
217092,0.3154835220274428
217093,0.9633716781579941
217094,0.01708927784166057
217095,0.14598151994582334
217096,0.5209093677421701
217097,0.6522422859636126
217098,0.9057771758150359
217099,0.6648229032683245
217100,0.7543098158812114
217101,0.7493511982947082
217102,0.8983324319042274
217103,0.3939214893123838
217104,0.41856459156171455
217105,0.3747324119061362
217106,0.9124947164134334
217107,0.5249953413537799
217108,0.9904009162761737
217109,0.869939687575277
217110,0.6351439180805469
217111,0.2982215333990846
217112,0.03736916021652478
217113,0.41131073852041394
217114,0.9271842233241373
217115,0.3420582580753655
217116,0.7701083078433423
217117,0.41795555878757024
217118,0.3051526899705028
217119,0.16959290249567086
217120,0.45788356565964156
217121,0.5920843919444054
217122,0.9762931720153986
217123,0.454733866312761
217124,0.8751573713418265
217125,0.8492143931715609
217126,0.6438249076224543
217127,0.11782511669340653
217128,0.7444062157703129
217129,0.23073706600733565
217130,0.4024070429640807
217131,0.7433426809259116
217132,0.41645115693501983
217133,0.6237086459928826
217134,0.42543211784329676
217135,0.7654951118302344
217136,0.5809263661195977
217137,0.1359824744001709
217138,0.6566055058380791
217139,0.5710364010708069
217140,0.6809077315347172
217141,0.006762990805423118
217142,0.034051295103649196
217143,0.0907958785752269
217144,0.8254939301248517
217145,0.4808904604560474
217146,0.9102903813726871
217147,0.2192745237954559
217148,0.32352820867099047
217149,0.5804173238009099
217150,0.05093150199299158
217151,0.7478467964421578
217152,0.6427250126124324
217153,0.5371941769194759
217154,0.9799473686602642
217155,0.5932479172442631
217156,0.2628249121674749
217157,0.6383981529035865
217158,0.9974093381995355
217159,0.2851500538584953
217160,0.22935537971375458
217161,0.3267551733698147
217162,0.2377500329514001
217163,0.948641266060967
217164,0.1856640956999559
217165,0.10728066866344575
217166,0.24985342308234215
217167,0.7534962571754514
217168,0.9861422318778662
217169,0.03590566355029747
217170,0.0516541602847001
217171,0.8281118620495317
217172,0.884142877270806
217173,0.1761922725558015
217174,0.18900468591634437
217175,0.8340567491284924
217176,0.991609891783057
217177,0.9343062707650633
217178,0.35122101981174525
217179,0.1940905640825194
217180,0.7743760822830549
217181,0.8666400025452116
217182,0.7146181500856738
217183,0.23554115288995142
217184,0.5506019879920553
217185,0.34110380372782595
217186,0.6248630812513352
217187,0.0936365165143327
217188,0.6479608764617922
217189,0.9957276805395849
217190,0.3038300889460551
217191,0.22338322251057854
217192,0.46586007699265064
217193,0.8822612386999423
217194,0.3854495707227946
217195,0.07142045532017398
217196,0.6160775562332687
217197,0.9485685457297258
217198,0.2906904340949273
217199,0.7733807227491921
217200,0.5286404479572405
217201,0.49660714204553197
217202,0.4743638107271579
217203,0.7484103790092764
217204,0.2254193917853296
217205,0.08015598511051217
217206,0.3289095131828325
217207,0.9402102526577009
217208,0.8268301662114071
217209,0.32289190577263077
217210,0.3828952690879507
217211,0.17594684143786277
217212,0.9306793442444131
217213,0.8257711763877085
217214,0.3239372605342217
217215,0.27137409610900776
217216,0.690375009658169
217217,0.8033233191377187
217218,0.03723280959544771
217219,0.12201108076047286
217220,0.39166261402320685
217221,0.46880525040791554
217222,0.7610546266038242
217223,0.1459133446352848
217224,0.09217756486880797
217225,0.8429286295399077
217226,0.49150762881724924
217227,0.3936396980288245
217228,0.5081287695265452
217229,0.9780566400479954
217230,0.8341749196667592
217231,0.4876034560337422
217232,0.07602456129187668
217233,0.09848605360397417
217234,0.865285586375846
217235,0.3374268819794474
217236,0.39603946895978104
217237,0.936147004149604
217238,0.7501374868762528
217239,0.04834538521322965
217240,0.6065920980270065
217241,0.10760336513332817
217242,0.4553701692111207
217243,0.7754259820653484
217244,0.8877107185223229
217245,0.9066225496657138
217246,0.03244690279564223
217247,0.19994909576813125
217248,0.25449388921966537
217249,0.19362242695015477
217250,0.05080878643402221
217251,0.473063934806223
217252,0.8962099072361275
217253,0.5588557455879212
217254,0.0441185159598402
217255,0.8306161684566473
217256,0.12641975084196508
217257,0.9258343521754742
217258,0.41422409679076083
217259,0.11652524077247171
217260,0.45727907790619987
217261,0.4528431377004922
217262,0.9641988719258616
217263,0.0416596597597502
217264,0.5966066875434618
217265,0.050236113825498474
217266,0.08548274937392339
217267,0.9073133928125042
217268,0.050163393494257365
217269,0.8624131332918221
217270,0.2776371346371483
217271,0.6675044654828403
217272,0.07657450879688757
217273,0.8143540843828544
217274,0.2999122811004404
217275,0.8369791974402443
217276,0.3269006140322969
217277,0.6312715604419578
217278,0.29037682766644995
217279,0.005694910940319332
217280,0.28344112607432925
217281,0.4736911476631776
217282,0.15222637839115358
217283,0.8502324778089364
217284,0.86702632930493
217285,0.294767317665132
217286,0.8713440989723709
217287,0.2972761690929502
217288,0.745333399993637
217289,0.14716322532849138
217290,0.30854327541461946
217291,0.013135109830425276
217292,0.4050295199094631
217293,0.0036451066034605788
217294,0.3898536957835843
217295,0.3223374132469173
217296,0.41308329659441595
217297,0.08206943882629385
217298,0.1923589111948405
217299,0.4693052026851982
217300,0.39113539162170885
217301,0.26188409288204306
217302,0.6541648297207994
217303,0.5156962289963231
217304,0.34613968666627276
217305,0.7910653983028892
217306,0.2289145127056054
217307,0.4172556255993746
217308,0.17081096804395943
217309,0.2100526767899428
217310,0.9812108844155786
217311,0.8568682080346877
217312,0.14712686516287082
217313,0.9440144349857514
217314,0.27283304775453254
217315,0.5837260988723804
217316,0.9583448852609523
217317,0.6782170792787962
217318,0.39646215588512
217319,0.29766249585266863
217320,0.37342344594379623
217321,0.7858795296812577
217322,0.28905877166270494
217323,0.2182382590752701
217324,0.8586544011707974
217325,0.24806268492552985
217326,0.35763404402307053
217327,0.3353770776425886
217328,0.015493975575058744
217329,0.444962071802237
217330,0.17009739979365607
217331,0.4698596952109117
217332,0.29018139177623953
217333,0.5224183146154231
217334,0.8452102299325974
217335,0.9778657491784875
217336,0.3100476772671699
217337,0.8712895587239401
217338,0.48051776875843666
217339,0.41746469655169277
217340,0.3727735079833288
217341,0.5305402666109145
217342,0.7994464164784271
217343,0.9452052304098246
217344,0.5079106085328219
217345,0.6495834488526097
217346,0.305952613614155
217347,0.8114498161539125
217348,0.3079206075783675
217349,0.08463283050254293
217350,0.6568054867489922
217351,0.21756559601128983
217352,0.2181791738061367
217353,0.31610618986369476
217354,0.892564800632667
217355,0.18388699260525132
217356,0.17686493561978175
217357,0.9207802891542172
217358,0.7783393403356953
217359,0.08214215915753495
217360,0.8399925461660478
217361,0.03956440521586576
217362,0.29749433008667353
217363,0.7266215497611592
217364,0.39171260925093515
217365,0.2503124701733016
217366,0.9473504801814372
217367,0.42258693488348836
217368,0.9756523240963363
217369,0.8382427131955587
217370,0.14298180628212762
217371,0.10861690475000113
217372,0.8815294903668287
217373,0.9493093841042446
217374,0.5042109616809305
217375,0.3836224724003618
217376,0.15827125592557073
217377,0.7266806350302926
217378,0.8973188922875543
217379,0.6275582785279588
217380,0.09007776530422096
217381,0.6570781879911464
217382,0.04601378959281159
217383,0.8263211238927194
217384,0.4547520463955713
217385,0.7979511046672818
217386,0.08826884706459837
217387,0.638402697924289
217388,0.3676967198585589
217389,0.3180196435794765
217390,0.469686984424214
217391,0.03506483472032215
217392,0.3402629748978507
217393,0.642265965521473
217394,0.1332736420614396
217395,0.8993368814794951
217396,0.37099640488862423
217397,0.10556265083787456
217398,0.39861649569813784
217399,0.9855241090623168
217400,0.3502029351743697
217401,0.01937542325505293
217402,0.6968062139523047
217403,0.4968025779357425
217404,0.1775239636216543
217405,0.8236395616782035
217406,0.5728998595588602
217407,0.9392512532894587
217408,0.044654828402743374
217409,0.6905613555069743
217410,0.5552833593157017
217411,0.1933815408529186
217412,0.5630644347585003
217413,0.4029160852827684
217414,0.7265988246576464
217415,0.8690215933933579
217416,0.22738284072883952
217417,0.9870285109148672
217418,0.27732807322937353
217419,0.185832261465951
217420,0.17076551783693375
217421,0.6003608746437841
217422,0.6137005104058249
217423,0.8428559092086665
217424,0.1245062971261834
217425,0.3689784156966835
217426,0.9052135932479173
217427,0.003622381499947732
217428,0.19037728216852026
217429,0.6656319169533818
217430,0.5253862131342009
217431,0.9589902782007171
217432,0.5778402970625531
217433,0.2900268610723522
217434,0.15483976529513094
217435,0.500015907572459
217436,0.5990791788056595
217437,0.9347016875661869
217438,0.7836388344748911
217439,0.028333659059817017
217440,0.751001040809741
217441,0.7054690234114016
217442,0.9084814631330645
217443,0.057776303171060944
217444,0.7012921493857405
217445,0.5128419559951095
217446,0.5640461592302554
217447,0.34823948623085976
217448,0.3168333931761059
217449,0.8662582208061959
217450,0.885788174765136
217451,0.09215483976529512
217452,0.9642125069879693
217453,0.8147267760804651
217454,0.7342071893137474
217455,0.578358429422646
217456,0.10974861490494088
217457,0.5933933579067453
217458,0.3158016734766227
217459,0.9303021075260998
217460,0.46181955358806653
217461,0.8614586789442826
217462,0.6347303211966131
217463,0.7464878352520896
217464,0.45825171233654965
217465,0.49234845764722457
217466,0.5586603096977106
217467,0.22231059762477218
217468,0.2838365428754528
217469,0.11564805177687584
217470,0.8194036023834088
217471,0.9858649856150095
217472,0.5948068593452444
217473,0.9560178346612369
217474,0.31733334545338854
217475,0.3439808018325523
217476,0.6851436908295118
217477,0.4683280232341458
217478,0.8386881252244104
217479,0.06626185682275781
217480,0.15331263833906764
217481,0.8854109380468228
217482,0.3405356761400048
217483,0.756286899886829
217484,0.5576649501638481
217485,0.13861404138695851
217486,0.831284286499925
217487,0.010567173133473624
217488,0.28110044041250604
217489,0.5254089382377137
217490,0.09574540612032487
217491,0.2685743633562251
217492,0.5855213820498952
217493,0.9100676753582613
217494,0.5732680062357685
217495,0.8534685325491658
217496,0.6749083042073257
217497,0.40981088168856605
217498,0.339499411419819
217499,0.5682184882352139
217500,0.5500929456733675
217501,0.6554056203726008
217502,0.6892387544825267
217503,0.848728075956386
217504,0.5002295235454798
217505,0.6202771553624428
217506,0.22484217415610327
217507,0.998945555197004
217508,0.4558928465919162
217509,0.894369173851587
217510,0.11308011507992417
217511,0.5485567286758992
217512,0.009862694924575382
217513,0.21022084255593784
217514,0.2170974588789252
217515,0.48099954095290903
217516,0.05999881829461733
217517,0.010762609023684101
217518,0.5828625449388922
217519,0.24525840715204458
217520,0.5067652633157744
217521,0.26552465446480106
217522,0.7021057080915004
217523,0.8945600647210948
217524,0.5140009362742648
217525,0.3967939423964076
217526,0.33078660673299365
217527,0.12310643074979206
217528,0.0720249430736157
217529,0.15055835579331064
217530,0.863090341376505
217531,0.022756918657764486
217532,0.8094272819412693
217533,0.8392607978329342
217534,0.04233686784443303
217535,0.5291858504415488
217536,0.8114134559882921
217537,0.14193645152053666
217538,0.6773262552210926
217539,0.8127496920748475
217540,0.14014571336372436
217541,0.9868694351902773
217542,0.572481717654224
217543,0.3954486162684471
217544,0.03159698392426177
217545,0.13153289913235555
217546,0.7462105889892329
217547,0.009340017543779913
217548,0.6529694892760236
217549,0.5211502538394063
217550,0.8210352648156313
217551,0.021884274682871182
217552,0.9951004676826304
217553,0.6644229414464983
217554,0.30418914558155813
217555,0.4994432349639353
217556,0.08758254893851042
217557,0.22070166029606264
217558,0.6263038528140497
217559,0.01194885942705469
217560,0.3033528617722853
217561,0.7280668663445763
217562,0.23207330209389104
217563,0.03166970425550289
217564,0.2637748214943119
217565,0.9843014984933256
217566,0.3741370141940996
217567,0.8758936646956427
217568,0.6202271601347144
217569,0.7207084778271166
217570,0.7569095677230809
217571,0.4856263720281246
217572,0.4034933029119947
217573,0.011744333495439071
217574,0.21241154253457623
217575,0.3572022670563264
217576,0.35960203798728296
217577,0.7316847028238214
217578,0.27225583012530624
217579,0.29069497911562986
217580,0.6470791424454938
217581,0.43943987164861537
217582,0.30579808291026767
217583,0.6739538498597862
217584,0.07441107894246457
217585,0.5899800473591158
217586,0.8820021725198959
217587,0.9313201921634753
217588,0.5563014439530772
217589,0.7583321592029852
217590,0.006399389149217574
217591,0.813926852436813
217592,0.13150108398743757
217593,0.8623858631676068
217594,0.5984474209280023
217595,0.20972089027865523
217596,0.5051926861526854
217597,0.507687902518396
217598,0.33026847437290074
217599,0.9152762690834056
217600,0.174256093736507
217601,0.703850996041287
217602,0.6393980574581518
217603,0.14804041432408724
217604,0.5970293744688008
217605,0.5565332400089082
217606,0.16668863426672909
217607,0.6138914012753328
217608,0.42560937365069695
217609,0.2936946927793256
217610,0.6224496752582709
217611,0.2861499584130605
217612,0.7140182073529345
217613,0.28585453206739353
217614,0.1192522531940133
217615,0.7041827825525746
217616,0.9557951286468109
217617,0.011998854654782953
217618,0.9715981656296444
217619,0.6493016575690503
217620,0.20373509801337145
217621,0.8844746637820936
217622,0.3808363747096868
217623,0.30750701069443365
217624,0.463914808131951
217625,0.04779998272892133
217626,0.46959153898946004
217627,0.9753841678748847
217628,0.03210602624294954
217629,0.12475172824412215
217630,0.13581430863417585
217631,0.8541139254889306
217632,0.12872407633816774
217633,0.5437480967725808
217634,0.5208548274937393
217635,0.7941696474427441
217636,0.9103358315797129
217637,0.7949150308379656
217638,0.37910926684271046
217639,0.8001145345217048
217640,0.36446975515973473
217641,0.2203880538675854
217642,0.48450375191459
217643,0.030088037051008768
217644,0.5890619531771968
217645,0.7112684698278801
217646,0.6691724880806833
217647,0.9792928856790942
217648,0.2269601538035006
217649,0.5486158139450326
217650,0.3871903136518786
217651,0.3450670617804664
217652,0.4302998350157485
217653,0.2522168338476781
217654,0.14044568473009394
217655,0.8367428563637108
217656,0.17439244435758405
217657,0.29753069025229406
217658,0.29864422032442356
217659,0.7737715945296132
217660,0.9473459351607347
217661,0.047668177128546825
217662,0.8151540080265066
217663,0.45445662004990434
217664,0.35228455465614644
217665,0.44748910331286557
217666,0.4537157816753855
217667,0.6631276105462661
217668,0.7909245026611097
217669,0.18821839733479986
217670,0.8628358202171612
217671,0.3889583267051781
217672,0.16381163616200273
217673,0.1076715404438667
217674,0.4000345421573395
217675,0.45386576735857026
217676,0.21388867426291128
217677,0.39864831084305585
217678,0.706741629208121
217679,0.7938015007658361
217680,0.19595402257057282
217681,0.2620704387308484
217682,0.1518855018384609
217683,0.8389971866321851
217684,0.4773135291631253
217685,0.79504683643834
217686,0.3886901704837265
217687,0.26587462105889886
217688,0.6649047136409707
217689,0.37505510837601863
217690,0.04793633334999841
217691,0.7919562223605929
217692,0.759927461469587
217693,0.548220397143909
217694,0.7747169588357475
217695,0.43519936733311815
217696,0.7450243385858623
217697,0.45138418605496744
217698,0.18640038905377213
217699,0.8948100408597361
217700,0.33176833120474863
217701,0.26329304929983954
217702,0.729525817990101
217703,0.31644706641638753
217704,0.15744406215770312
217705,0.4212961490039587
217706,0.6681953086296308
217707,0.0276700860372419
217708,0.32880497770667344
217709,0.798487417110185
217710,0.5726907886065421
217711,0.7483285686366302
217712,0.8468646174683326
217713,0.8970643711282106
217714,0.4516796124006344
217715,0.5102921993809681
217716,0.495657232718695
217717,0.256893660150622
217718,0.10731702882906631
217719,0.8228396380345512
217720,0.3415901209430009
217721,0.8704305498111544
217722,0.037728216852027756
217723,0.4475981838097272
217724,0.9295067289031501
217725,0.3630971589075588
217726,0.3849587084869171
217727,0.7618000099990456
217728,0.8371609982683472
217729,0.2856091009494548
217730,0.7002967898518778
217731,0.7152908131496539
217732,0.27653723962712645
217733,0.8217988282936629
217734,0.42979988273846587
217735,0.17857386340394782
217736,0.3489257843569477
217737,0.1693838315433527
217738,0.45043882174883304
217739,0.6309670440548857
217740,0.4207462014989478
217741,0.14529976684043797
217742,0.2292644792997032
217743,0.05616282082164885
217744,0.7472877588957418
217745,0.6355302448402652
217746,0.4319678576135914
217747,0.5406983878811568
217748,0.8308343294503706
217749,0.432236013835043
217750,0.27199221892455716
217751,0.6623458669854242
217752,0.031010676253630336
217753,0.7512828320933003
217754,0.047118229623535936
217755,0.7603410583535208
217756,0.4296089918689579
217757,0.44423032346912333
217758,0.10661255062016807
217759,0.31124756273264825
217760,0.7473468441648752
217761,0.6833029574449713
217762,0.8566545920616668
217763,0.6674590152758145
217764,0.3011212566073238
217765,0.1449816153912581
217766,0.28015507610637164
217767,0.6843528572272647
217768,0.07182950718340522
217769,0.38292253921216607
217770,0.45076606323941804
217771,0.9974229732616433
217772,0.9650624258593498
217773,0.7409747251398731
217774,0.9901691202203426
217775,0.19685848169038409
217776,0.5119329518545958
217777,0.9361924543566296
217778,0.26848800796287625
217779,0.9004549565723272
217780,0.053485803627835525
217781,0.6253039482594844
217782,0.6075965476022744
217783,0.6017925561650933
217784,0.32224651283286593
217785,0.9744206234859399
217786,0.5400484499206895
217787,0.39991637161907273
217788,0.2660155167006785
217789,0.5137964103426492
217790,0.6610278109816791
217791,0.08701896637139182
217792,0.860886006335759
217793,0.8147767713081934
217794,0.020038996277628045
217795,0.3965985065061971
217796,0.3455079287886156
217797,0.6361210975315993
217798,0.4935210729884874
217799,0.4366855891028583
217800,0.3293549252116843
217801,0.6109598629221757
217802,0.7280123260961454
217803,0.23243235872939402
217804,0.896668954327087
217805,0.6676180910004045
217806,0.03383767913062844
217807,0.01220792560710114
217808,0.09415464887442561
217809,0.7763304411851596
217810,0.10001318056003744
217811,0.4674599242799551
217812,0.8851973220738021
217813,0.6066648183582476
217814,0.15052199562769009
217815,0.8945009794519614
217816,0.19119993091568532
217817,0.6002790642711378
217818,0.5171142754555248
217819,0.4894169192940674
217820,0.6796805759450235
217821,0.7229491730334832
217822,0.6380572763508938
217823,0.83506119870376
217824,0.16660682389408285
217825,0.48265392848864425
217826,0.16281173160743748
217827,0.6597642952263648
217828,0.7337481422227878
217829,0.7648906240767928
217830,0.7848296298989642
217831,0.35660686934428987
217832,0.504374582426223
217833,0.8463146699633216
217834,0.49985683184786905
217835,0.36373800682662105
217836,0.17856931838324525
217837,0.33438626312942854
217838,0.07160225614827675
217839,0.8390653619427237
217840,0.0939955731498357
217841,0.431349734798042
217842,0.05932161020993451
217843,0.5790719976729495
217844,0.15278996095827216
217845,0.3900309515909845
217846,0.9953822589661896
217847,0.4975070561446407
217848,0.049204394126015245
217849,0.2828275482794824
217850,0.11596165820535312
217851,0.1677248989869149
217852,0.416301171251835
217853,0.7436244722094709
217854,0.1427636452884043
217855,0.9920553038119089
217856,0.2723330954772499
217857,0.3947123229146308
217858,0.9088405197685676
217859,0.6756445975611419
217860,0.4511978402061621
217861,0.0647710900323151
217862,0.6947927697810664
217863,0.6504288227032874
217864,0.10798060185164143
217865,0.3534298998731939
217866,0.6342076438158175
217867,0.07171588166584097
217868,0.4311497538871289
217869,0.5107830616168457
217870,0.12177928470464182
217871,0.6032151476449975
217872,0.1936451520536676
217873,0.9541407411110757
217874,0.8240622486035424
217875,0.786256766399571
217876,0.6580644574836039
217877,0.27389203757823116
217878,0.6495516337076916
217879,0.16276628140041177
217880,0.21224337676858118
217881,0.8190036405615828
217882,0.3017484694642784
217883,0.852991305375396
217884,0.3238690852236832
217885,0.36937837751850955
217886,0.3209602719740388
217887,0.8339476686316306
217888,0.6725539834833948
217889,0.12888315206275766
217890,0.9856877298076093
217891,0.14211825234863948
217892,0.887983419764477
217893,0.8306025333945397
217894,0.5368078501597575
217895,0.9541452861317784
217896,0.5215547606819348
217897,0.31590620895278176
217898,0.18811386185864076
217899,0.9960094718231443
217900,0.7605683093886493
217901,0.37360979179260156
217902,0.5105967157680403
217903,0.5092104844537567
217904,0.01987992055303812
217905,0.12765145145236137
217906,0.14506797078460693
217907,0.41793737870476
217908,0.15810763518027826
217909,0.7548961235518429
217910,0.418137359615673
217911,0.9497184359674758
217912,0.18784116061648662
217913,0.3979665577376705
217914,0.43996709405011336
217915,0.8805977611228019
217916,0.9527090595897665
217917,0.09819517227900972
217918,0.5005340399325519
217919,0.3751414637693674
217920,0.08196490335013475
217921,0.8602269783338863
217922,0.08773707964239777
217923,0.33432263283959257
217924,0.5164188872880316
217925,0.7622636021107076
217926,0.11757059553406266
217927,0.43471759513864583
217928,0.02845182959808382
217929,0.4254412078847019
217930,0.10274019298157902
217931,0.3289276932656428
217932,0.4026433840406143
217933,0.917426063875721
217934,0.015425800264520204
217935,0.981374505160871
217936,0.045413846860072445
217937,0.5176960381054536
217938,0.02480672299462324
217939,0.9119402238877199
217940,0.6086191772603524
217941,0.3087796164911531
217942,0.5627281032265102
217943,0.2841456042832275
217944,0.9652669517909654
217945,0.7580821830643439
217946,0.281586757627681
217947,0.0641029719890374
217948,0.5443934897123457
217949,0.5229546270583263
217950,0.6504606378482054
217951,0.9597356615959386
217952,0.4780498225169415
217953,0.13370996404888624
217954,0.6807713809136401
217955,0.5805809445462025
217956,0.8227941878275256
217957,0.2724694460983269
217958,0.859745206139414
217959,0.6891387640270702
217960,0.9918098726939701
217961,0.6256948200399053
217962,0.7443789456460974
217963,0.6039332609160034
217964,0.2725967066779989
217965,0.6534330813876857
217966,0.7887792528894969
217967,0.46157412247012786
217968,0.7629317201539854
217969,0.28900877643497663
217970,0.45193867858068093
217971,0.6168820248976234
217972,0.7836842846819168
217973,0.7914517250626076
217974,0.4345721544761636
217975,0.6223451397821117
217976,0.327005149508456
217977,0.5316447066416388
217978,0.6795305902618387
217979,0.2456220088082501
217980,0.5762722649201667
217981,0.4584516932474627
217982,0.40630667072688514
217983,0.11248471736788761
217984,0.22687379841015176
217985,0.5041791465360125
217986,0.9046363756186909
217987,0.4775998654673872
217988,0.28995868576181366
217989,0.6770262838547231
217990,0.1887592547984056
217991,0.47567732171020033
217992,0.6867571731789239
217993,0.01936178819294522
217994,0.15369442007808348
217995,0.11675249180760017
217996,0.4783497938833111
217997,0.5848396289445099
217998,0.556187818435513
217999,0.7625908436012927
218000,0.32538257711763874
218001,0.8558955736043378
218002,0.92195290449548
218003,0.6127278759754752
218004,0.6101781193613338
218005,0.5418210079946915
218006,0.45512928311388456
218007,0.9220983451579622
218008,0.6160457410883506
218009,0.2565845987428472
218010,0.7830525268042596
218011,0.1607210220842556
218012,0.3532571890864962
218013,0.7324937165088787
218014,0.06832529622172429
218015,0.3685648188127497
218016,0.5332718240531586
218017,0.06018970916412524
218018,0.13747324119061363
218019,0.15991655341990083
218020,0.977270351466451
218021,0.6674317451515992
218022,0.9425918435058472
218023,0.9820744383490667
218024,0.20883006622095165
218025,0.09247753623517754
218026,0.2306007153862586
218027,0.5846623731371097
218028,0.6978242985896801
218029,0.5333354543429946
218030,0.5574558792115298
218031,0.46087418928193213
218032,0.7483012985124148
218033,0.7380977270351466
218034,0.16534330813876857
218035,0.940514769044773
218036,0.20428504551838234
218037,0.8122860999631853
218038,0.8700851282377591
218039,0.5404484117425156
218040,0.031515173551615525
218041,0.9888510642165975
218042,0.650297017102913
218043,0.6601233518618678
218044,0.38355429708982325
218045,0.4701914817221992
218046,0.008081046809168215
218047,0.28530458456238267
218048,0.5347171406365756
218049,0.8198490144122608
218050,0.7666677271714973
218051,0.09829061771376368
218052,0.5172597161180069
218053,0.04984069702437495
218054,0.05532199199167352
218055,0.8537366887706175
218056,0.41827825525745266
218057,0.19716299807745624
218058,0.8468555274269275
218059,0.7627226492016671
218060,0.4978297526145231
218061,0.07267033601338053
218062,0.556387799346426
218063,0.8202807913790048
218064,0.5226364756091464
218065,0.8174356084191964
218066,0.9409329109494095
218067,0.327532371909954
218068,0.6144867989873695
218069,0.5437299166897706
218070,0.02780643665831898
218071,0.6135596147640453
218072,0.817503783729735
218073,0.5485567286758992
218074,0.48449920689388737
218075,0.6939019457233628
218076,0.8759891101303967
218077,0.9605992155294267
218078,0.4982342594570518
218079,0.773171651796874
218080,0.44996613959576587
218081,0.8062912176564965
218082,0.8153539889374196
218083,0.07817435608419196
218084,0.2523440944273501
218085,0.19710391280832285
218086,0.9020411687975239
218087,0.7741170161030083
218088,0.38086818985460474
218089,0.606387572095391
218090,0.8684671008676446
218091,0.02780189163761641
218092,0.2903995527699628
218093,0.27736897841569663
218094,0.07397475695501791
218095,0.22470582353502622
218096,0.9217756486880798
218097,0.15789856422796006
218098,0.33211829779884644
218099,0.9758386699451416
218100,0.9855877393521528
218101,0.9292385726816985
218102,0.7508601451679612
218103,0.18676853573068025
218104,0.2608205580376418
218105,0.3223237781848096
218106,0.9819108176037742
218107,0.03941896455338354
218108,0.9750251112393817
218109,0.934478981551761
218110,0.04491843960349239
218111,0.8102272055849215
218112,0.9134537157816753
218113,0.584785088696079
218114,0.023306866162775376
218115,0.8310206752991761
218116,0.08775980474591061
218117,0.8152358183991528
218118,0.27851886865344666
218119,0.4827993691511265
218120,0.5894300998541049
218121,0.9850423368678445
218122,0.46386481290422277
218123,0.3309456824575836
218124,0.9320155803309684
218125,0.409347289576904
218126,0.29449007140227523
218127,0.3552569981956267
218128,0.9806382118070548
218129,0.2079483322046532
218130,0.497757032283282
218131,0.4723503665559196
218132,0.3807000240886097
218133,0.44443030438003645
218134,0.3504029160852828
218135,0.03594202371591803
218136,0.5142554574336086
218137,0.02884270137850478
218138,0.24379945550651985
218139,0.47657723580930905
218140,0.6842619568132132
218141,0.8461328691352189
218142,0.5831216111189387
218143,0.29786247676358163
218144,0.7640952454538431
218145,0.6131596529422192
218146,0.9712800141804646
218147,0.04354584335131646
218148,0.6800669027047418
218149,0.18498234259457053
218150,0.5891483085705456
218151,0.37260534221733377
218152,0.9614082292144841
218153,0.8834747592275283
218154,0.9531090214115925
218155,0.8836247449107131
218156,0.796619413601429
218157,0.9210802605205867
218158,0.47657723580930905
218159,0.49579812836047465
218160,0.36063375768676625
218161,0.10217661041446043
218162,0.6049604355947842
218163,0.10751700973997935
218164,0.2729012230650711
218165,0.9045091150390191
218166,0.3623745006158503
218167,0.14292272101299422
218168,0.6144322587389386
218169,0.8969189304657283
218170,0.547070506906159
218171,0.8112043850359739
218172,0.20113080115079926
218173,0.6631866958153995
218174,0.8128224124060885
218175,0.5042564118879562
218176,0.023175060562400863
218177,0.9359652033215011
218178,0.19132719149535726
218179,0.07536553329000413
218180,0.7510374009753614
218181,0.5338717667858978
218182,0.4205825807536553
218183,0.06481654023934079
218184,0.26763808909149583
218185,0.5925025338490416
218186,0.14029569904690917
218187,0.8117543325409847
218188,0.7874748319478595
218189,0.7871703155607874
218190,0.6396616686589008
218191,0.27078324341767374
218192,0.26708814158648486
218193,0.05049063498484235
218194,0.4663645742906359
218195,0.44477118093272916
218196,0.2480945000704478
218197,0.5308765981429046
218198,0.28979051999581856
218199,0.5740452047759077
218200,0.1559942005535835
218201,0.31006131232927764
218202,0.5375077833479532
218203,0.2070438730848419
218204,0.9500002272510352
218205,0.8690306834347631
218206,0.5392394362356321
218207,0.9008912785597738
218208,0.6258948009508184
218209,0.4753864403852359
218210,0.4287727080596852
218211,0.4478708850518814
218212,0.6690724976252268
218213,0.6621004358674853
218214,0.1104849082587571
218215,0.29071315919844015
218216,0.3488576090464092
218217,0.3752141841006085
218218,0.8451602347048691
218219,0.23962258148085863
218220,0.2806777534871671
218221,0.25191686248130857
218222,0.08744165329673076
218223,0.5293812863317593
218224,0.1538080455956477
218225,0.3646470109671349
218226,0.5015521245699275
218227,0.5374759682030352
218228,0.9660259702482945
218229,0.4844946618731848
218230,0.36596506697088005
218231,0.07781984446939155
218232,0.9857559051181478
218233,0.2359274796496698
218234,0.42226423841360594
218235,0.1829279932370092
218236,0.9429463551206476
218237,0.1663159425691184
218238,0.9504638193626972
218239,0.7639725298948737
218240,0.3340044813904127
218241,0.2288099772294463
218242,0.9101494857309076
218243,0.8884788270210571
218244,0.7271215020384418
218245,0.6775398711941133
218246,0.6286945337036011
218247,0.7531917407883792
218248,0.8955145190686344
218249,0.760318333250008
218250,0.812067938969462
218251,0.2344503479213348
218252,0.6270128760436504
218253,0.3987710264020253
218254,0.10324014525886165
218255,0.5716817940105717
218256,0.31454724776271353
218257,0.38709941323782726
218258,0.7509237754577972
218259,0.8391426272946673
218260,0.7832888678807932
218261,0.023415946659637036
218262,0.27773258007190216
218263,0.60206980242795
218264,0.9522954627058328
218265,0.41021084351039216
218266,0.13831407002058896
218267,0.9601719835833853
218268,0.44212143386313124
218269,0.11134846219224528
218270,0.2831775148735802
218271,0.33042755009749064
218272,0.12646065602828824
218273,0.4998613768685716
218274,0.1598029279023366
218275,0.8552592707059781
218276,0.23261870457819936
218277,0.14934938028642722
218278,0.5863758459419783
218279,0.782457129092223
218280,0.2828593634244003
218281,0.9733616336622414
218282,0.4953118111452997
218283,0.5566605005885802
218284,0.49695256361892726
218285,0.7732034669417919
218286,0.5380395507701538
218287,0.5276859936097009
218288,0.4668827066507288
218289,0.16082101253971215
218290,0.14759954731593805
218291,0.8785297767031329
218292,0.010598988278391607
218293,0.5393121565668733
218294,0.7611546170592808
218295,0.966812258829839
218296,0.2984215143099977
218297,0.9580312788324752
218298,0.9822471491357643
218299,0.763368042141432
218300,0.9978502052076847
218301,0.31161570940955635
218302,0.31487448925329853
218303,0.25695729044045795
218304,0.017661950450184302
218305,0.9583539753023576
218306,0.9235027565550561
218307,0.5492884770090127
218308,0.9791974402443403
218309,0.9613355088832429
218310,0.5544198053822135
218311,0.6279718754118925
218312,0.18869562450856966
218313,0.5973066207316574
218314,0.1059853377632135
218315,0.5109830425277587
218316,0.7404111425727544
218317,0.42314597242990437
218318,0.8168629358106726
218319,0.9198031097031648
218320,0.8094318269619718
218321,0.31612891496720763
218322,0.7174724230868872
218323,0.3569659259797928
218324,0.8682125797083006
218325,0.8822294235550243
218326,0.8349930233932216
218327,0.03964621558851201
218328,0.7053190377282169
218329,0.10788515641688746
218330,0.9964367037691857
218331,0.7752532712786506
218332,0.9799655487430746
218333,0.4394716867935333
218334,0.07515191731698337
218335,0.8780707296121734
218336,0.7742533667240854
218337,0.13383722462855818
218338,0.05445843805818536
218339,0.5270542357320438
218340,0.26651546897796113
218341,0.006585734998022916
218342,0.3891537625953886
218343,0.9294749137582322
218344,0.5021747924061795
218345,0.9123856359165716
218346,0.5465387394839584
218347,0.6703541934633512
218348,0.17832843228600906
218349,0.14377718490507724
218350,0.8231123392767055
218351,0.5945932433722236
218352,0.23522754646147415
218353,0.7888883333863587
218354,0.8507006149413011
218355,0.40959726571554533
218356,0.9728253212193383
218357,0.9888965144236233
218358,0.45771085487294394
218359,0.5485430936137915
218360,0.16785670458728938
218361,0.5095195458615314
218362,0.754841583303412
218363,0.911158480326878
218364,0.11982038078183446
218365,0.7063916626140233
218366,0.5198640129805792
218367,0.17468787070325106
218368,0.9862649474368357
218369,0.5142918175992292
218370,0.6049740706568918
218371,0.1814463164879716
218372,0.5662050440639756
218373,0.5632007853795774
218374,0.3833043209511819
218375,0.2403225146690543
218376,0.9162716286172684
218377,0.6731084760091083
218378,0.529817608319206
218379,0.15564877898018825
218380,0.12037032828684534
218381,0.07257489057862658
218382,0.44983433399539136
218383,0.43116338894923667
218384,0.6159775657778122
218385,0.8889605992155294
218386,0.1920043995800401
218387,0.3618245531108394
218388,0.1360142895450889
218389,0.739793019757205
218390,0.3320092173019848
218391,0.6665227410110853
218392,0.6457565414210462
218393,0.9107494284636467
218394,0.04040523404584108
218395,0.6093236554692507
218396,0.9858240804286864
218397,0.250635166643184
218398,0.6592461628662718
218399,0.3405038609950868
218400,0.67355388803796
218401,0.6863481213156926
218402,0.3941169252025943
218403,0.6699269615173097
218404,0.3050436094736412
218405,0.1654751137391431
218406,0.033464987433017755
218407,0.7692583889719617
218408,0.4488753346271492
218409,0.4562155430617986
218410,0.29139036728312295
218411,0.47184132423723185
218412,0.7466741811008949
218413,0.4476981742651837
218414,0.8937283259325246
218415,0.8096681680385055
218416,0.7804073247553642
218417,0.5981019993546072
218418,0.061035083014803135
218419,0.5229455370169211
218420,0.6052240467955331
218421,0.5914389990046406
218422,0.4346357847659996
218423,0.8157812208834611
218424,0.9255116557055918
218425,0.5490566809531818
218426,0.40426595643143154
218427,0.8801705291767604
218428,0.9280932274646511
218429,0.3764367946695997
218430,0.08472373091659431
218431,0.9352834502161158
218432,0.37290985860440595
218433,0.29040864281136797
218434,0.49106221678839745
218435,0.19585857713581883
218436,0.8091045854713869
218437,0.6513196467609911
218438,0.48231305193595153
218439,0.6827620999813655
218440,0.33938578590225477
218441,0.5208911876593598
218442,0.32618704578199353
218443,0.08757800391780783
218444,0.97572958944828
218445,0.8232986851255107
218446,0.27798710123124604
218447,0.39304430031678794
218448,0.5859304339131265
218449,0.8052504079156081
218450,0.2475081923998164
218451,0.4103653742142795
218452,0.4133423627744624
218453,0.08588725621645206
218454,0.952154567064053
218455,0.0674617422882361
218456,0.9138491325827989
218457,0.8345112511987492
218458,0.061189613718690486
218459,0.3788774707868794
218460,0.5824307679721482
218461,0.11557987646633729
218462,0.6265583739733934
218463,0.714277273532981
218464,0.43104976343167245
218465,0.5331309284113789
218466,0.4715413528708623
218467,0.6070238749937507
218468,0.2622795096831666
218469,0.9020320787561188
218470,0.9947505010885325
218471,0.34217188359292977
218472,0.2786779443780366
218473,0.7990328195944932
218474,0.18983642470491452
218475,0.15528517732398273
218476,0.7961194613241463
218477,0.04530931138391335
218478,0.37270078765208775
218479,0.3191831688793342
218480,0.030760700114989024
218481,0.8309752250921504
218482,0.31783329773067115
218483,0.774057930833875
218484,0.5993336999650033
218485,0.3928079592402543
218486,0.31398821021629747
218487,0.3763458942555483
218488,0.772589889146945
218489,0.04326859708845974
218490,0.9400420868917059
218491,0.0446366483199331
218492,0.5800037269169761
218493,0.07662904904531839
218494,0.8903786456747311
218495,0.7116957017739216
218496,0.3709236845573831
218497,0.6517105185414119
218498,0.27408292844773907
218499,0.8336431522445585
218500,0.2790688161584576
218501,0.420987087596184
218502,0.8419469050681526
218503,0.9585585012339731
218504,0.08605087696174456
218505,0.6248267210857146
218506,0.34054022116070737
218507,0.9559769294749138
218508,0.4787997509328655
218509,0.70912776507697
218510,0.22385135964294317
218511,0.1181250880597761
218512,0.04250957863113067
218513,0.7849932506442567
218514,0.4981842642293235
218515,0.5602556119643125
218516,0.9049499820471683
218517,0.4996204907713354
218518,0.015107648815340354
218519,0.9352652701333054
218520,0.0754291635798401
218521,0.42063712100208617
218522,0.34082201244426663
218523,0.30514814494980025
218524,0.5913844587562097
218525,0.21817008376473157
218526,0.9289113311911137
218527,0.28086409933597245
218528,0.12374273364815176
218529,0.42043714009117306
218530,0.4216324805359488
218531,0.3658423514119107
218532,0.8448420832556892
218533,0.9647260943273597
218534,0.6419250889687803
218535,0.37676403616018467
218536,0.10414460437867294
218537,0.8617086550829239
218538,0.6427295576331351
218539,0.560451047854523
218540,0.8868289845060244
218541,0.7515100831284287
218542,0.3209648169947414
218543,0.07591548079501502
218544,0.327532371909954
218545,0.02449311656614596
218546,0.9190895414528614
218547,0.6970743701737562
218548,0.6112643793092477
218549,0.9210302652928585
218550,0.1743560841919635
218551,0.6857890837692766
218552,0.6920839374423351
218553,0.44813449625263035
218554,0.04638193626971971
218555,0.25985246862799455
218556,0.9556224178601134
218557,0.23214602242513216
218558,0.9740161166434114
218559,0.4707914244549384
218560,0.3848314479072452
218561,0.8940101172160839
218562,0.8754118925011705
218563,0.5247908154221642
218564,0.7344298953281733
218565,0.5921843823998618
218566,0.07291122211061671
218567,0.584553292640248
218568,0.6339985728634995
218569,0.774816949291204
218570,0.5643370405552198
218571,0.2618568227578276
218572,0.6156730493907401
218573,0.9088632448720804
218574,0.42966807713809135
218575,0.9331563805273133
218576,0.0247385476840847
218577,0.18314160921002998
218578,0.3874766499561405
218579,0.7338208625540289
218580,0.5606328486826259
218581,0.8997777484876444
218582,0.8276346348757619
218583,0.6090418641856914
218584,0.3385313220101717
218585,0.7059598856472791
218586,0.10428550002045259
218587,0.07726989696438066
218588,0.0424459483412947
218589,0.5756723221874276
218590,0.527104230959772
218591,0.6732175565059699
218592,0.43313592793415173
218593,0.1211157116820667
218594,0.6274173828861791
218595,0.6025970248294481
218596,0.5310174937846842
218597,0.9196031287922517
218598,0.39371696338076817
218599,0.7990873598429241
218600,0.08946873253007667
218601,0.42372773507983325
218602,0.5397848387199403
218603,0.44214415896664405
218604,0.6120324878079819
218605,0.4601378959281159
218606,0.056780943637198274
218607,0.8729621263424855
218608,0.5259270705978065
218609,0.14332268283482033
218610,0.38905377213993203
218611,0.7628635448434468
218612,0.010617168361201884
218613,0.657060007908336
218614,0.6554874307452471
218615,0.47181405411301647
218616,0.14866762718104182
218617,0.3650878779752842
218618,0.14236368346657818
218619,0.8359929279477868
218620,0.013985028701805735
218621,0.8006235768403925
218622,0.7129910326741539
218623,0.9084451029674441
218624,0.9151444634830311
218625,0.4558473963848905
218626,0.12524259047999967
218627,0.5589920962089983
218628,0.5309402284327406
218629,0.9104449120765745
218630,0.08076501788465645
218631,0.7048372655337445
218632,0.5159371150935593
218633,0.005617645588375655
218634,0.8612950581989902
218635,0.14195008658264438
218636,0.7527054235732044
218637,0.37927743260870556
218638,0.6438112725603465
218639,0.8565818717304258
218640,0.22552847228219125
218641,0.1418182809822699
218642,0.7461924089064226
218643,0.23188241122438313
218644,0.1916771580894551
218645,0.44196690315924386
218646,0.7441153344453484
218647,0.958453965757814
218648,0.573567977602138
218649,0.7892382999804565
218650,0.8104771817235628
218651,0.9040591579894647
218652,0.23960894641875094
218653,0.671972220833466
218654,0.5822671472268557
218655,0.6772171747242309
218656,0.4104426395662232
218657,0.48825793901491216
218658,0.42270965044245773
218659,0.8323069161580031
218660,0.6355529699437781
218661,0.6599642761372778
218662,0.17037919107721536
218663,0.3062344048977143
218664,0.6887342571845415
218665,0.48509914962662654
218666,0.7349116675226456
218667,0.1721653842133251
218668,0.6770535539789384
218669,0.43284959162988984
218670,0.4318951372823503
218671,0.39433508619631763
218672,0.3894400988996505
218673,0.6950427459197077
218674,0.1301193976938565
218675,0.8383290685889075
218676,0.8769390194572336
218677,0.5056562782643474
218678,0.1681794010571718
218679,0.42530940228432734
218680,0.10563537116911567
218681,0.7464378400243613
218682,0.17020193526981514
218683,0.47624544929802154
218684,0.6865890074129288
218685,0.08657809936324258
218686,0.9743206330304834
218687,0.3845496566236859
218688,0.6781079987819345
218689,0.3053163107157953
218690,0.4947664086609914
218691,0.9322337413246918
218692,0.8477736216088464
218693,0.11194385990428185
218694,0.5974157012285192
218695,0.5438799023729554
218696,0.5374805132237378
218697,0.49626172047213674
218698,0.06639820744383491
218699,0.6406070329650352
218700,0.3895173642515941
218701,0.20390326377936654
218702,0.504701823916808
218703,0.300116807032056
218704,0.7103640107080688
218705,0.970284654646602
218706,0.18522777371250926
218707,0.06788442921357506
218708,0.8632721422046078
218709,0.8913012848773526
218710,0.056167365842351415
218711,0.7606273946577826
218712,0.5239227164679735
218713,0.6240904277318983
218714,0.7227946423295958
218715,0.699260525131692
218716,0.9213347816799305
218717,0.9507683357497694
218718,0.06168956599597312
218719,0.6399389149217575
218720,0.7715536244267593
218721,0.6718540502951991
218722,0.21308875061925908
218723,0.8898196081283151
218724,0.7382477127183315
218725,0.42763645288404284
218726,0.9048954417987375
218727,0.6245858349884784
218728,0.5379713754596152
218729,0.31691520354875213
218730,0.6120506678907923
218731,0.12774235186641275
218732,0.5506883433854042
218733,0.9784247867249036
218734,0.562159975638689
218735,0.38879925098058815
218736,0.1420046268310752
218737,0.30713431899682303
218738,0.45642006899341425
218739,0.9148853973029848
218740,0.14837220083537483
218741,0.32289190577263077
218742,0.9785793174287909
218743,0.3134291726698815
218744,0.09736343349043955
218745,0.2271192295280905
218746,0.9266024606742084
218747,0.09611809781793557
218748,0.0514314542702742
218749,0.21406138504960892
218750,0.5938205898527869
218751,0.18887288031596983
218752,0.7308529640352512
218753,0.719194985933161
218754,0.6315669867876248
218755,0.4803905081787647
218756,0.963044436667409
218757,0.9884147422291508
218758,0.4408351930043041
218759,0.31461996809395465
218760,0.408133769049318
218761,0.48101772103571927
218762,0.9965685093695602
218763,0.8879606946609642
218764,0.6516787033964939
218765,0.668395289540544
218766,0.22333777230355284
218767,0.16082101253971215
218768,0.8165311492993851
218769,0.5117420609850878
218770,0.1647888156130551
218771,0.19464960162893544
218772,0.29183577931197474
218773,0.34493071115938934
218774,0.08922784643284049
218775,0.6147276850846056
218776,0.622658746210589
218777,0.043054981115438984
218778,0.39305339035819303
218779,0.61025992973398
218780,0.09900873098476963
218781,0.19570859145263408
218782,0.8020098081546762
218783,0.48130405733998116
218784,0.27206948427650085
218785,0.4555292449357107
218786,0.7515328082319416
218787,0.9809472732148294
218788,0.5799037364615196
218789,0.019452688606996605
218790,0.2237013739597584
218791,0.8975188731984675
218792,0.33180469137036916
218793,0.1701792101663023
218794,0.35557514964480663
218795,0.47712263829361745
218796,0.5620008999140991
218797,0.711163934351721
218798,0.7914789951868232
218799,0.639375332354639
218800,0.8914149103949168
218801,0.26412024306770715
218802,0.09596811213475077
218803,0.033174106108053325
218804,0.3422082437585503
218805,0.4500479499684121
218806,0.9123220056267356
218807,0.45728362292690244
218808,0.6987060326059785
218809,0.09004595015930297
218810,0.5858758936646957
218811,0.7738579499229619
218812,0.1658887106230769
218813,0.9306293490166848
218814,0.30795696774398806
218815,0.4550247476377255
218816,0.2974352448175401
218817,0.005535835215729407
218818,0.5548652174110654
218819,0.5152917221537945
218820,0.9506865253771231
218821,0.8016053013121475
218822,0.4058567136773307
218823,0.9400693570159212
218824,0.11516627958240348
218825,0.49168488462464943
218826,0.0620622576935838
218827,0.6875843669467915
218828,0.24261775012385184
218829,0.1343553569886511
218830,0.2280373237100095
218831,0.9504456392798869
218832,0.34851218747301393
218833,0.12489262388590179
218834,0.42352320914821767
218835,0.5820853463987529
218836,0.8584589652805868
218837,0.7606682998441058
218838,0.05346307852432268
218839,0.15839851650524267
218840,0.13973211647979056
218841,0.8363883447489103
218842,0.3565477840751564
218843,0.10830329832152386
218844,0.0903822816912931
218845,0.9018320978452058
218846,0.6526649728889516
218847,0.4396307625181232
218848,0.19223619563587113
218849,0.4706141686475382
218850,0.4443257689038773
218851,0.6151003767822163
218852,0.8517959649306203
218853,0.9745206139413966
218854,0.6191863503938261
218855,0.03916898841474223
218856,0.3394585062334959
218857,0.8403425127601456
218858,0.5252316824303135
218859,0.6401888910603988
218860,0.47624090427731897
218861,0.8512005672185837
218862,0.7093232009671804
218863,0.10750791969857422
218864,0.4676462701287604
218865,0.039459869739706666
218866,0.24136786943064525
218867,0.9973184377854841
218868,0.1365460569672895
218869,0.8468509824062249
218870,0.11847505465387395
218871,0.8202035260270611
218872,0.12953763504392762
218873,0.14932665518291435
218874,0.33517255171097304
218875,0.21971084578290254
218876,0.6656682771190023
218877,0.39173533435444796
218878,0.8351157389521909
218879,0.8201489857786303
218880,0.44310770335558874
218881,0.55303357406793
218882,0.6806623004167784
218883,0.05299039637125547
218884,0.5458297162543576
218885,0.8370428277300803
218886,0.32046940973816135
218887,0.35569332018307337
218888,0.8056458247167316
218889,0.3819135446161957
218890,0.2331913771867231
218891,0.4405897618863654
218892,0.5067334481708564
218893,0.3371723608201035
218894,0.0991450816058467
218895,0.3191513537344162
218896,0.972089027865522
218897,0.9597674767408566
218898,0.40730657528145037
218899,0.9007276578144814
218900,0.5330854782043533
218901,0.6439385331400185
218902,0.15553515346262403
218903,0.5408029233573158
218904,0.12234286727176041
218905,0.9047590911776604
218906,0.8323569113857313
218907,0.10433095022747828
218908,0.6644638466328214
218909,0.7974466073692966
218910,0.3667877157180451
218911,0.2083482940264793
218912,0.8501961176433159
218913,0.8178992005308584
218914,0.9074270183300684
218915,0.5545879711482086
218916,0.3533753596247631
218917,0.1422909631353371
218918,0.889228755436981
218919,0.8448648083592021
218920,0.5101513037391886
218921,0.7792574345176143
218922,0.7737215993018848
218923,0.7764440667027239
218924,0.8513187377568505
218925,0.713981847187314
218926,0.8148858518050549
218927,0.274178373882493
218928,0.6958653946668727
218929,0.9442235059380696
218930,0.9313383722462857
218931,0.8786797623863177
218932,0.543629926234314
218933,0.675780948182219
218934,0.8566091418546412
218935,0.16563873448443558
218936,0.9796564873352998
218937,0.08612359729298567
218938,0.19036819212711514
218939,0.4992341640116171
218940,0.3216874752864499
218941,0.7129773976120461
218942,0.9253207648360839
218943,0.35790674526522465
218944,0.7610137214175011
218945,0.11086668999777294
218946,0.8107635180278246
218947,0.9424827630089855
218948,0.1603665104694552
218949,0.011457997191177205
218950,0.2007490194117834
218951,0.25033519527681447
218952,0.8443194058748937
218953,0.5474159284795542
218954,0.6530376645865622
218955,0.6912658337158727
218956,0.8721622026988334
218957,0.28419559951095574
218958,0.32684152876316347
218959,0.6376073193013394
218960,0.42389135582512577
218961,0.055590148213125114
218962,0.3001395321355689
218963,0.9046772808050141
218964,0.7742397316619778
218965,0.8202217061098713
218966,0.6362710832147841
218967,0.4343858086273583
218968,0.04194599606401207
218969,0.8662627658268983
218970,0.8281800373600702
218971,0.8553683512028398
218972,0.24415851214202283
218973,0.1175796855754678
218974,0.40569763795274083
218975,0.17940105717181543
218976,0.6414524068157131
218977,0.5825443934897124
218978,0.08488735166188682
218979,0.4237504601833461
218980,0.7123410947136865
218981,0.06318487780711841
218982,0.3795455888301571
218983,0.4324405397666586
218984,0.8263756641411503
218985,0.6059239799837288
218986,0.15894846401025356
218987,0.5409210938955827
218988,0.09746796896659864
218989,0.15535789765522384
218990,0.7289849605264953
218991,0.2514714504524568
218992,0.7689629626262948
218993,0.0943773548888515
218994,0.5380940910185846
218995,0.17983737915926207
218996,0.24906258948009508
218997,0.37204630467091776
218998,0.14521341144708913
218999,0.32045122965535106
219000,0.23908626903795546
219001,0.49353016302989255
219002,0.7814981297239809
219003,0.2934219915371714
219004,0.9363924352675427
219005,0.7719308611450725
219006,0.11352552710877598
219007,0.422591479904191
219008,0.1648978961099168
219009,0.992677971648161
219010,0.2953399902736557
219011,0.8000781743560842
219012,0.9335063471214111
219013,0.8620268065321037
219014,0.24137241445134783
219015,0.19221801555306084
219016,0.7631453361270061
219017,0.8491734879852378
219018,0.843546752355457
219019,0.04543202694288273
219020,0.8057549052135933
219021,0.8686216315715318
219022,0.2784643284050159
219023,0.02235695683593839
219024,0.5507792437994555
219025,0.3250371555442435
219026,0.4248730802968807
219027,0.4726094327359661
219028,0.8317615136736948
219029,0.5904300044086702
219030,0.04061430499815927
219031,0.4560610123579113
219032,0.09387285759086632
219033,0.5948977597592957
219034,0.4014707686993514
219035,0.3443625835715681
219036,0.8529731252925857
219037,0.4305725362579026
219038,0.17607864703823725
219039,0.9120902095709046
219040,0.8253757595865849
219041,0.2458628949054863
219042,0.23942714559064818
219043,0.3388903786456747
219044,0.8033233191377187
219045,0.14638602678835202
219046,0.15958476690861328
219047,0.3554160739202167
219048,0.2299053272187655
219049,0.5181232700514952
219050,0.01565305129964867
219051,0.8468373473441172
219052,0.7033146835983838
219053,0.29059953368087593
219054,0.6679044273046665
219055,0.49635716590689066
219056,0.9826789261025084
219057,0.22590570900050452
219058,0.11564805177687584
219059,0.1053353998027461
219060,0.4711141209248208
219061,0.928970416460247
219062,0.4939301248517187
219063,0.05230864326587008
219064,0.9194440530676617
219065,0.638720849373469
219066,0.7124774453347635
219067,0.8158721212975126
219068,0.18874107471559534
219069,0.9169352016398435
219070,0.3498347884974616
219071,0.9026865617372888
219072,0.4008708259666122
219073,0.828593634244004
219074,0.3387267579003822
219075,0.7997554778862018
219076,0.988455647415474
219077,0.889292385726817
219078,0.4095881756741402
219079,0.9999181896273538
219080,0.5213729598538321
219081,0.06497561596393071
219082,0.7419519045909254
219083,0.4977297621590666
219084,0.5823489575995019
219085,0.9219483594747774
219086,0.9615263997527509
219087,0.3085614554974298
219088,0.8024324950800151
219089,0.7203857813572342
219090,0.8554274364719732
219091,0.4993841496948018
219092,0.9646624640375238
219093,0.6698860563309865
219094,0.11915226273855677
219095,0.7974693324728094
219096,0.6562100890369555
219097,0.9235982019898101
219098,0.0787742988169311
219099,0.025361215520336697
219100,0.08863244872080392
219101,0.9257798119270433
219102,0.4545611555260634
219103,0.9640988814704051
219104,0.5943296321714746
219105,0.9912962853545798
219106,0.38272255830125307
219107,0.11648888060685116
219108,0.6373755232455084
219109,0.8758436694679145
219110,0.6302352957217721
219111,0.4179646488289754
219112,0.02001172615341263
219113,0.7674085655460161
219114,0.6972561710018589
219115,0.7711036673772049
219116,0.321560214706778
219117,0.5994882306688907
219118,0.050740611123483666
219119,0.5326718813204194
219120,0.2188427468287118
219121,0.6744492571163662
219122,0.4616241176978561
219123,0.21113893673785683
219124,0.9373196194908668
219125,0.7581639934369901
219126,0.6266492743874448
219127,0.33586339485776356
219128,0.616359347516828
219129,0.27676449066225495
219130,0.8696715313538254
219131,0.7651815054017571
219132,0.670240567945787
219133,0.12057485421846095
219134,0.6794351448270847
219135,0.5897209811790693
219136,0.19134537157816756
219137,0.43935806127596905
219138,0.24220415323991804
219139,0.820753473532072
219140,0.5896028106408026
219141,0.7753396266719995
219142,0.1697974284272865
219143,0.6343985346853255
219144,0.9325064425668459
219145,0.5270769608355567
219146,0.5572786234041297
219147,0.6415614873125748
219148,0.9260388781070898
219149,0.06620731657432699
219150,0.9289158762118161
219151,0.8737756850482454
219152,0.6450066130051223
219153,0.3926170683707464
219154,0.9884738274982843
219155,0.915589875511883
219156,0.23579112902859276
219157,0.16768399380059176
219158,0.3461942269147036
219159,0.5092832047849978
219160,0.6359211166206863
219161,0.5357852205016793
219162,0.6464928347748624
219163,0.01630753428081865
219164,0.05644915712591071
219165,0.02776098645129329
219166,0.24190418187354845
219167,0.8105680821376141
219168,0.948377654860218
219169,0.08290572263556659
219170,0.9417782848000873
219171,0.7583821544307134
219172,0.01734834402170702
219173,0.05768540275700956
219174,0.8172038123633654
219175,0.36498334249912506
219176,0.14610423550479273
219177,0.2073392994305089
219178,0.6764581562669019
219179,0.7261261425045791
219180,0.9841424227687356
219181,0.7445425663913899
219182,0.874107471559533
219183,0.7238627221946997
219184,0.718667763531663
219185,0.6460656028288209
219186,0.9283250235204822
219187,0.3152971761786375
219188,0.6578690215933934
219189,0.7893019302702924
219190,0.7720217615591239
219191,0.6996786670363284
219192,0.9940869280659573
219193,0.24865808263756642
219194,0.7531462905813536
219195,0.895328173219829
219196,0.5847214584062431
219197,0.04370946409660896
219198,0.5041064262047713
219199,0.7159316610687162
219200,0.39577585775903207
219201,0.03274687416201181
219202,0.8222851455088379
219203,0.8083501120347604
219204,0.23050072493080206
219205,0.25721181159980183
219206,0.394394171465451
219207,0.6697269806063967
219208,0.37707764258866194
219209,0.5362715377168543
219210,0.82128069593357
219211,0.41454224823994074
219212,0.4060066993605156
219213,0.8567136773308003
219214,0.09351380095536335
219215,0.8195535880665936
219216,0.35744315315356257
219217,0.8221215247635453
219218,0.2820458047186405
219219,0.3239463505756268
219220,0.9461687747987693
219221,0.18163266233677694
219222,0.729862149522091
219223,0.6895523609110039
219224,0.6642638657219083
219225,0.34360811013494164
219226,0.8822385135964295
219227,0.6937610500815832
219228,0.06243949441189705
219229,0.4716049831606983
219230,0.1834779407420201
219231,0.16519786747628637
219232,0.6956290535903392
219233,0.6439339881193159
219234,0.26267038146358757
219235,0.8505097240717933
219236,0.6345757904927257
219237,0.33032301462133157
219238,0.9991273560251067
219239,0.5772085391848961
219240,0.6481881274969208
219241,0.44677553506256223
219242,0.004095063653014939
219243,0.40043904899986815
219244,0.10565809627262852
219245,0.34716686134505337
219246,0.1173706146231496
219247,0.4216915658050822
219248,0.8078001645297495
219249,0.46013335090741336
219250,0.5657459969730163
219251,0.5916526149776612
219252,0.47935424345857897
219253,0.25122601933451805
219254,0.3129792156203271
219255,0.5751223746824167
219256,0.5677412610614442
219257,0.010598988278391607
219258,0.8337613227828252
219259,0.8722440130714796
219260,0.7805027701901183
219261,0.13298276073647516
219262,0.6166002336140641
219263,0.691820326241586
219264,0.533371814508615
219265,0.104903622836002
219266,0.15748496734402626
219267,0.384949618445512
219268,0.6459837924561747
219269,0.006767535826125687
219270,0.2720740292972034
219271,0.737070552356366
219272,0.512764690643166
219273,0.12159293885583648
219274,0.20176255902845638
219275,0.7148226760172893
219276,0.9144899805018613
219277,0.18735029838060915
219278,0.06908431467905335
219279,0.41846914612696057
219280,0.1692474809222756
219281,0.6350621077079006
219282,0.8043504938164994
219283,0.49347562278146173
219284,0.5705728089591449
219285,0.9053181287240764
219286,0.646888251575986
219287,0.5383622472400362
219288,0.607073870221479
219289,0.8742074620149894
219290,0.38669490639529863
219291,0.9525772539893919
219292,0.3928261393230646
219293,0.9708618722758282
219294,0.6400843555842397
219295,0.6417069279750569
219296,0.8921648388108407
219297,0.6770853691238564
219298,0.574254275728226
219299,0.32143295412710604
219300,0.5065925525290769
219301,0.5580240067993509
219302,0.5528199580949091
219303,0.84997341162889
219304,0.901818462783098
219305,0.1777330345739725
219306,0.7446198317433337
219307,0.93113384631467
219308,0.5020702569300204
219309,0.5514973570704614
219310,0.10667618091000404
219311,0.30523450034314903
219312,0.7799619127265125
219313,0.6075101922089255
219314,0.4363174424259503
219315,0.6868208034687598
219316,0.7440198890105945
219317,0.8574181555396985
219318,0.32978670217842837
219319,0.464305679912372
219320,0.6887024420396235
219321,0.39862558573954304
219322,0.2958081274060203
219323,0.10692161202794279
219324,0.6592552529076771
219325,0.36945564287045324
219326,0.46676453611246194
219327,0.4389717345162507
219328,0.47220492589343743
219329,0.09958140359329336
219330,0.49792974306997967
219331,0.9790929047681812
219332,0.5226955608782798
219333,0.32849137127819616
219334,0.9885056426432022
219335,0.8860290608623723
219336,0.9011548897605229
219337,0.35404347766804073
219338,0.4998477418064639
219339,0.17890110489453281
219340,0.9181578122088346
219341,0.46318305979883734
219342,0.09467278123451851
219343,0.88473372996214
219344,0.19636307443380407
219345,0.6456610959862922
219346,0.7814299544134424
219347,0.44688916058012645
219348,0.36671954040750654
219349,0.9493184741456497
219350,0.312611068943419
219351,0.7413655969202939
219352,0.4304270955954204
219353,0.0933138200444503
219354,0.5559651124210871
219355,0.11398911922043804
219356,0.3190786334031751
219357,0.97130728430468
219358,0.3091932133750869
219359,0.8972416269356107
219360,0.613805045881984
219361,0.34882124888078864
219362,0.18647310938501327
219363,0.8310979406511196
219364,0.6132096481699474
219365,0.27876884479208797
219366,0.10573536162457219
219367,0.8005008612814232
219368,0.30581171797237533
219369,0.595338626767445
219370,0.25050790606351214
219371,0.10673981119984001
219372,0.35283450216115736
219373,0.7717763304411852
219374,0.9842696833484077
219375,0.839810745337945
219376,0.09071406820258066
219377,0.900086809895419
219378,0.197408429195395
219379,0.8037051008767345
219380,0.3202467037237354
219381,0.44675280995904937
219382,0.2283191149935688
219383,0.5897800664482027
219384,0.5815581239972548
219385,0.37857295439980726
219386,0.36014744047159136
219387,0.01091259470686889
219388,0.9987592093481985
219389,0.09631353370814603
219390,0.39807109321382955
219391,0.18457329073133927
219392,0.7300394053294913
219393,0.16141186523104614
219394,0.9174033387722081
219395,0.09215483976529512
219396,0.024447666359120268
219397,0.5820171710882144
219398,0.4911849323473668
219399,0.07897882474854673
219400,0.12796505788083867
219401,0.15895300903095613
219402,0.12147022329686712
219403,0.29377650315197185
219404,0.14142286418114636
219405,0.24605833079569678
219406,0.6739174896941655
219407,0.06365755996018561
219408,0.15313538253166745
219409,0.5453888492462083
219410,0.53221283422946
219411,0.7259716118006918
219412,0.5717090641347872
219413,0.4062794006026697
219414,0.7411837960921912
219415,0.9235436617413793
219416,0.6413615064016617
219417,0.7581958085819082
219418,0.7918289617809209
219419,0.013648697169815607
219420,0.07481558578499324
219421,0.3075660959635671
219422,0.6924520841192432
219423,0.3142609114584517
219424,0.65780993632426
219425,0.07833343180878188
219426,0.854954754318906
219427,0.49033501347598635
219428,0.6447293667422656
219429,0.21412047031874232
219430,0.6868344385308675
219431,0.88998777389431
219432,0.10963044436667409
219433,0.32028760891005853
219434,0.029060862372228106
219435,0.5693820135350717
219436,0.47690447729989405
219437,0.6221906090782244
219438,0.0047768167584003336
219439,0.35174369719254067
219440,0.7112002945173416
219441,0.13979574676962656
219442,0.8604860445139327
219443,0.08484644647556369
219444,0.8074274728321388
219445,0.0675526427022875
219446,0.4099517773303457
219447,0.05404029615354898
219448,0.34316269810608985
219449,0.644333949941142
219450,0.019766295035473887
219451,0.8633039573495258
219452,0.15086741720108535
219453,0.692338458601679
219454,0.8381654478436149
219455,0.951204657737216
219456,0.045945614282273055
219457,0.3425900254975661
219458,0.12149749342108253
219459,0.5660368782979808
219460,0.5041746015153099
219461,0.9329654896578053
219462,0.07738806750264746
219463,0.839347153226283
219464,0.9345562469037046
219465,0.29137673222101523
219466,0.21693838315433528
219467,0.36848755346080597
219468,0.2664472936674226
219469,0.29595356806850254
219470,0.30953863494848216
219471,0.3973529799428236
219472,0.04162329959412965
219473,0.70912776507697
219474,0.3461715018111908
219475,0.26090691343099065
219476,0.11292558437603682
219477,0.10879416055740133
219478,0.025165779630126218
219479,0.9454642965898711
219480,0.3760231977856659
219481,0.18561410047222768
219482,0.21511128483190242
219483,0.18510960317424247
219484,0.2742556392344367
219485,0.2790188209307293
219486,0.8056230996132188
219487,0.1711882047622727
219488,0.950941046536467
219489,0.26363847087323483
219490,0.8570727339663032
219491,0.9657259988819249
219492,0.3491348553092659
219493,0.47786802168883874
219494,0.3520618486417205
219495,0.3961576394980479
219496,0.844201235336627
219497,0.49845242045077515
219498,0.10090854963844359
219499,0.32484171965403297
219500,0.04448211761604574
219501,0.34285363669831515
219502,0.9518818658218988
219503,0.7921152980851829
219504,0.7815117647860886
219505,0.03707827889156035
219506,0.9540043904899986
219507,0.22574663327591457
219508,0.29989864603833266
219509,0.07217492875680047
219510,0.8822794187827526
219511,0.20155803309684078
219512,0.3230237113730053
219513,0.22185155053381267
219514,0.9921825643915808
219515,0.20560764654283
219516,0.7404565927797802
219517,0.4499843196785761
219518,0.36766035969293837
219519,0.30946591461724104
219520,0.8570000136350622
219521,0.5656505515382623
219522,0.6641911453906673
219523,0.8836747401384414
219524,0.7916698860563309
219525,0.08647810890778607
219526,0.8712531985583195
219527,0.08279209711800237
219528,0.9464005708546003
219529,0.15935297085278224
219530,0.033860404234141286
219531,0.8766345030701616
219532,0.48236759218438235
219533,0.47626362938083183
219534,0.44159875648233576
219535,0.20220342603660563
219536,0.7163498029733525
219537,0.6312533803591476
219538,0.31216111189386464
219539,0.9970639166261402
219540,0.2785915889846878
219541,0.1329464005708546
219542,0.25424391308102406
219543,0.8384563291685794
219544,0.5029565359670214
219545,0.30174392444357584
219546,0.012639702573845224
219547,0.6692315733498166
219548,0.8542093709236845
219549,0.8072502170247386
219550,0.6162139068543457
219551,0.8670535994291454
219552,0.2831684248321751
219553,0.3209829970775517
219554,0.42400498134269
219555,0.7641452406815713
219556,0.09973593429718071
219557,0.7764940619304521
219558,0.3090432276919021
219559,0.9816517514237278
219560,0.15310811240745203
219561,0.3161834552156385
219562,0.604814994932302
219563,0.5479840560673754
219564,0.556115098104272
219565,0.23570477363524392
219566,0.8020143531753787
219567,0.3292412996941201
219568,0.9720026724721732
219569,0.48093591066307306
219570,0.8634857581776285
219571,0.6713131928315933
219572,0.8964826084782817
219573,0.11322101072170383
219574,0.02283418400970817
219575,0.2732466446384663
219576,0.9882193063389404
219577,0.11106667090868598
219578,0.24906713450079768
219579,0.7874157466787262
219580,0.6563009894510069
219581,0.17904654555701502
219582,0.07696538057730852
219583,0.5633916762490854
219584,0.6110962135432527
219585,0.39619854468437105
219586,0.9118493234736685
219587,0.6306534376264085
219588,0.5447616363892538
219589,0.30600260884188324
219590,0.31806509378650216
219591,0.36057012739693023
219592,0.9019684484662829
219593,0.37779121083896533
219594,0.34419896282627566
219595,0.14152739965730546
219596,0.3740233886765354
219597,0.925752541802828
219598,0.1582076256357348
219599,0.05587648451738698
219600,0.1373732507351571
219601,0.6153867130864781
219602,0.3754868853427627
219603,0.5658596224905805
219604,0.4918848655355625
219605,0.1326100690388645
219606,0.21442953172651702
219607,0.7187768440285246
219608,0.2127751441907818
219609,0.3380040996086737
219610,0.1789920053085842
219611,0.3640697933379086
219612,0.03151062853091296
219613,0.03863722099254162
219614,0.7066961790010954
219615,0.10698978733848132
219616,0.3450170665527381
219617,0.36871934951663704
219618,0.8152312733784502
219619,0.024179510137668676
219620,0.31373823407765616
219621,0.8062184973252553
219622,0.5806309397739308
219623,0.9476777216720222
219624,0.04537748669445189
219625,0.3533889946868708
219626,0.9845151144663464
219627,0.9651669613355089
219628,0.63322137432336
219629,0.5291358552138206
219630,0.7982601660750565
219631,0.6295217274714687
219632,0.47010512632885043
219633,0.04752728148676717
219634,0.3096658955281541
219635,0.9817744669826971
219636,0.023793183377950288
219637,0.4816267538098636
219638,0.6868208034687598
219639,0.30917048827157406
219640,0.35507974238822654
219641,0.6329986683089343
219642,0.20027179223801367
219643,0.879225164870626
219644,0.650337922289236
219645,0.2470627803709646
219646,0.6443157698583318
219647,0.5019975365987792
219648,0.773667059053454
219649,0.17210175392348911
219650,0.5263270324196327
219651,0.948609450916049
219652,0.9537725944341677
219653,0.5064562019079998
219654,0.22326959699301432
219655,0.2260556946836893
219656,0.6705541743742642
219657,0.9802064348403108
219658,0.07123410947136863
219659,0.24732184655101103
219660,0.4596379436508333
219661,0.5804400489044228
219662,0.515432617795574
219663,0.3192104390035496
219664,0.8206125778902923
219665,0.7452106844346676
219666,0.15113557342253695
219667,0.5666459110721249
219668,0.6495379986455839
219669,0.2740602033442262
219670,0.4254275728225942
219671,0.38663582112616524
219672,0.6138186809440918
219673,0.9348971234563974
219674,0.14421805191322648
219675,0.020507133409992682
219676,0.6863163061707747
219677,0.09248662627658268
219678,0.7828570909140492
219679,0.48573545252498623
219680,0.7703310138577681
219681,0.9951595529517637
219682,0.04101881184068793
219683,0.2272692152112753
219684,0.33317274260184254
219685,0.11722517396066738
219686,0.18777298530594808
219687,0.6748583089795974
219688,0.9346925975247817
219689,0.35707500647665447
219690,0.9222574208825521
219691,0.2613159652942219
219692,0.6204271410456275
219693,0.9085769085678186
219694,0.6058603496938928
219695,0.5731816508424196
219696,0.6005472204925894
219697,0.03795092286645366
219698,0.7666722721921999
219699,0.6874752864499298
219700,0.20810286290854055
219701,0.38134541702837454
219702,0.9612536985105967
219703,0.5052790415460343
219704,0.12291099485958158
219705,0.6072284009253662
219706,0.15950295653596702
219707,0.7558642129614901
219708,0.4760272883042982
219709,0.7015466705450843
219710,0.9601719835833853
219711,0.9404238686307217
219712,0.052463173969757436
219713,0.5431708791433545
219714,0.9886556283263871
219715,0.3706328032324187
219716,0.6849755250635167
219717,0.19867194495070925
219718,0.032505988064775636
219719,0.9525318037823662
219720,0.3843224055885574
219721,0.9441189704619105
219722,0.24529022229696257
219723,0.6033287731625618
219724,0.7528826793806046
219725,0.05594465982792552
219726,0.7204130514814495
219727,0.6400116352529986
219728,0.1780693661059626
219729,0.7802709741342871
219730,0.16249358015825763
219731,0.8490644074883761
219732,0.4414624058612587
219733,0.3277778030278928
219734,0.4138014098654219
219735,0.6074511069397922
219736,0.45038882652110473
219737,0.36892387544825267
219738,0.9206393935124374
219739,0.7930152121842915
219740,0.33408629176305893
219741,0.9563587112139296
219742,0.7023511392094391
219743,0.6027061053263097
219744,0.007735625235772949
219745,0.7435335717954196
219746,0.5131237472786688
219747,0.8665400120897552
219748,0.6910158575772313
219749,0.9867194495070926
219750,0.6107826071147755
219751,0.4168965689638716
219752,0.13276005472204927
219753,0.383799728207762
219754,0.5726498834202189
219755,0.9404102335686139
219756,0.08926420659846104
219757,0.45848350839238067
219758,0.46689634171283645
219759,0.5256543693556525
219760,0.4247594547793165
219761,0.7962558119452234
219762,0.38178628403652376
219763,0.31789238299980455
219764,0.40449320746656
219765,0.5055335627053781
219766,0.550806513923671
219767,0.18249621627026513
219768,0.13740961090077766
219769,0.94277364433395
219770,0.013144199871830416
219771,0.7067825343944442
219772,0.9883238418150995
219773,0.6742629112675609
219774,0.6595461342326415
219775,0.5514473618427332
219776,0.15490794060566948
219777,0.10409006413024212
219778,0.5199412783325228
219779,0.5127919607673813
219780,0.09030047131864685
219781,0.26617913744597105
219782,0.3236009290022316
219783,0.5905981701746651
219784,0.3880402325232591
219785,0.19385876802668836
219786,0.4566836801941633
219787,0.10016316624322223
219788,0.2465128328659537
219789,0.7030192572527169
219790,0.8803568750255658
219791,0.3929761250062494
219792,0.7464605651278742
219793,0.5488976052285919
219794,0.12088391562623567
219795,0.6022334231732426
219796,0.8307525190777244
219797,0.8586589461915
219798,0.2185791356279628
219799,0.11124392671608618
219800,0.8249439826198408
219801,0.7349980229159944
219802,0.8093500165893256
219803,0.9247480922275602
219804,0.7193722417405611
219805,0.1485949068498007
219806,0.23430036223814998
219807,0.683684739183987
219808,0.46302398407424744
219809,0.6000609032774145
219810,0.49288022506942514
219811,0.8390426368392109
219812,0.46946427840978816
219813,0.1167206766626822
219814,0.5769631080669573
219815,0.5616872934856219
219816,0.5811218020098082
219817,0.012357911290285926
219818,0.7196494880034179
219819,0.9685757268624359
219820,0.0926911522081983
219821,0.3322773735234364
219822,0.2775825943887174
219823,0.035169370196481246
219824,0.764286136323351
219825,0.22517396066739084
219826,0.21074351993673332
219827,0.7480058721667477
219828,0.33345453388540186
219829,0.4475209184577835
219830,0.5759086632639612
219831,0.3484076519968548
219832,0.1612391544443485
219833,0.5283313865494658
219834,0.8532412815140373
219835,0.7986964880625032
219836,0.8554365265133783
219837,0.9805109512273829
219838,0.48014962208152856
219839,0.23573204375945933
219840,0.7635771130937502
219841,0.3341817371978129
219842,0.10797151181023629
219843,0.03551933679057908
219844,0.589830061675931
219845,0.8258757118638675
219846,0.03586021334327178
219847,0.03456033742233696
219848,0.9166488653355817
219849,0.07622454220278974
219850,0.9244253957576778
219851,0.5421709745887893
219852,0.46281491312192924
219853,0.1485358215806673
219854,0.3788320205798537
219855,0.7483967439471687
219856,0.9028819976274992
219857,0.07335208911876594
219858,0.8816476609050955
219859,0.636957381340872
219860,0.5400439048999868
219861,0.8509369560178347
219862,0.2589661895909936
219863,0.8228805432208743
219864,0.8164584289681439
219865,0.43332227378295707
219866,0.23860449684348314
219867,0.5251589620990724
219868,0.27050599715481705
219869,0.7304211870685071
219870,0.8043550388372019
219871,0.19559042091436726
219872,0.7315801673476623
219873,0.597765667822617
219874,0.477390794515069
219875,0.6431658796205817
219876,0.29664895623599563
219877,0.9041227882793007
219878,0.8331204748637631
219879,0.6949700255884665
219880,0.916835211184387
219881,0.9569041136982379
219882,0.2949945687002604
219883,0.7737215993018848
219884,0.06544375309629535
219885,0.9790338194990478
219886,0.18105544470755064
219887,0.3859904281864004
219888,0.3127610546266038
219889,0.9003276959926553
219890,0.27233764049795245
219891,0.5476022743283595
219892,0.18751391912590162
219893,0.8246849164397944
219894,0.4423168697533417
219895,0.34389899145990604
219896,0.9518636857390885
219897,0.3290185936796942
219898,0.996327623272324
219899,0.7757168633903128
219900,0.20387144863444853
219901,0.3715827125592557
219902,0.5207911972039033
219903,0.21028447284577384
219904,0.943755368805705
219905,0.8164175237818209
219906,0.4677462605842169
219907,0.1519991273560251
219908,0.4997295712681971
219909,0.45698365156053283
219910,0.15023111430272565
219911,0.3080887733443626
219912,0.3405856713677331
219913,0.36297444334858947
219914,0.5504247321846552
219915,0.2599160989178305
219916,0.8043641288786071
219917,0.26776080465046515
219918,0.3877902563846178
219919,0.9013366905886256
219920,0.2506851618709123
219921,0.5906072602160702
219922,0.3814090473182105
219923,0.9640261611391641
219924,0.02650201571668159
219925,0.2041714200008181
219926,0.9309565905072698
219927,0.3089568722985533
219928,0.6774353357179542
219929,0.8833884038341795
219930,0.9119356788670172
219931,0.10450366101417592
219932,0.7264352039123539
219933,0.04207325664368402
219934,0.372064484753728
219935,0.1601438044550293
219936,0.2480535948841247
219937,0.6537330527540554
219938,0.34408988232941395
219939,0.8555683321137528
219940,0.867194495070925
219941,0.17803755096104465
219942,0.4997704764545202
219943,0.47112321096622595
219944,0.869948777616682
219945,0.8904513660059722
219946,0.3210966225951159
219947,0.6768762981715382
219948,0.10870780516405251
219949,0.6358211261652297
219950,0.8847519100449502
219951,0.19956276900841283
219952,0.12350184755091559
219953,0.18821839733479986
219954,0.3380086446293763
219955,0.5092513896400799
219956,0.8697033464987434
219957,0.2619386331304739
219958,0.925593466078238
219959,0.9964185236863754
219960,0.16775216911113033
219961,0.6285809081860368
219962,0.06320760291063125
219963,0.8528504097336164
219964,0.14946300580399147
219965,0.24732184655101103
219966,0.26310215843033163
219967,0.2776053194922303
219968,0.5482022170610987
219969,0.4744683462033169
219970,0.6122824639466232
219971,0.2980442775916844
219972,0.329368560273792
219973,0.33881765831443356
219974,0.2034623967712173
219975,0.1731289286022698
219976,0.48888515187186676
219977,0.9708936874207462
219978,0.5586875798219262
219979,0.8668399834561247
219980,0.095490884960981
219981,0.6055467432654156
219982,0.43126792442539574
219983,0.11211202567027692
219984,0.11289376923111884
219985,0.8388472009490003
219986,0.3896900750382918
219987,0.31520627576458604
219988,0.3143109066861799
219989,0.5566241404229597
219990,0.17658768935692504
219991,0.29835788402016167
219992,0.025879347880429594
219993,0.3159289340562946
219994,0.7969102949263934
219995,0.1996536694224642
219996,0.7494557337708673
219997,0.22068802523395492
219998,0.2712650156121461
219999,0.8492053031301559
220000,0.8626222042441404
220001,0.13701419409965415
220002,0.3065480113261916
220003,0.6059103449216212
220004,0.9881829461733198
220005,0.38236350166575006
220006,0.5033065025611192
220007,0.8118497779757387
220008,0.11115757132273738
220009,0.9890646801896184
220010,0.3924852627703719
220011,0.42841819644488477
220012,0.16135277996191272
220013,0.07421564305225409
220014,0.609541816462974
220015,0.1957540416596598
220016,0.6469246117416065
220017,0.3756959562950809
220018,0.46346485108239666
220019,0.7472513987301213
220020,0.07342026442930447
220021,0.2862635839306248
220022,0.56435522063803
220023,0.23272778507506103
220024,0.2358956645047518
220025,0.1761786374936938
220026,0.8535412528804068
220027,0.9058044459392512
220028,0.12322460128805886
220029,0.42891360370146486
220030,0.8262529485821809
220031,0.5501747560460138
220032,0.19259979729207669
220033,0.767049508910513
220034,0.957504056430977
220035,0.6184909622263329
220036,0.7107367024056794
220037,0.338749483003895
220038,0.4525658914376355
220039,0.3927125138055004
220040,0.483490212297917
220041,0.17132910040405233
220042,0.402593388812886
220043,0.17443334954390716
220044,0.8173765231500629
220045,0.9702801096258994
220046,0.24344494389171945
220047,0.5318810477181724
220048,0.9719435872030397
220049,0.7277078097090732
220050,0.8825566650456093
220051,0.35699774112471083
220052,0.6519195894937302
220053,0.3275687320755746
220054,0.9405829443553116
220055,0.05955795128646811
220056,0.6755855122920086
220057,0.48019052726785166
220058,0.7556460519677668
220059,0.18834111289376923
220060,0.4899395966748628
220061,0.3606564827902791
220062,0.4655419255434708
220063,0.4786452202289781
220064,0.06318942282782097
220065,0.6992832502352049
220066,0.9782066257311802
220067,0.8287299848650811
220068,0.8856881843096795
220069,0.12984669645170235
220070,0.42771826325668916
220071,0.6166684089246026
220072,0.1602028897241627
220073,0.7326482472127661
220074,0.8536321532944583
220075,0.7825843896718949
220076,0.7214402261602302
220077,0.5284177419428145
220078,0.5077515328082319
220079,0.41291513082842085
220080,0.6579826471109577
220081,0.2571663613927761
220082,0.8352611796146732
220083,0.5712909222301508
220084,0.12319278614314087
220085,0.051858686216315716
220086,0.7162498125178961
220087,0.7850796060376055
220088,0.7211447998145633
220089,0.2521395684957345
220090,0.8569045682003081
220091,0.23845451116029834
220092,0.16034833038664492
220093,0.6007881065898256
220094,0.562814458619859
220095,0.5457569959231166
220096,0.5671822235150282
220097,0.412133387267579
220098,0.9635716590689071
220099,0.9406329395830398
220100,0.0658937101458497
220101,0.5053472168565728
220102,0.8746483290231387
220103,0.8206034878488871
220104,0.4660873280277792
220105,0.9517636952836321
220106,0.7615545788811068
220107,0.2978397516600688
220108,0.553233554978843
220109,0.4453438535412529
220110,0.4927575095104558
220111,0.9039000822648747
220112,0.007949241208793706
220113,0.3523118247803618
220114,0.5563059889737798
220115,0.05214956754128015
220116,0.5925752541802828
220117,0.32845955613327815
220118,0.08794160557401338
220119,0.7887656178273892
220120,0.6898932374636967
220121,0.05535380713659151
220122,0.3330318469600629
220123,0.9033364996977561
220124,0.06849800700842192
220125,0.31078851564168875
220126,0.15760768290299562
220127,0.7887747078687944
220128,0.652755873303003
220129,0.328155039746206
220130,0.5156644138514052
220131,0.6111871139573042
220132,0.5844987523918171
220133,0.29436735584330587
220134,0.5618463692102118
220135,0.048763527117866017
220136,0.09731798328341384
220137,0.7927379659214349
220138,0.7653905763540754
220139,0.056149185759541136
220140,0.09560451047854522
220141,0.43903990982678925
220142,0.40380690934047203
220143,0.4470027860976907
220144,0.3438217261079624
220145,0.5874711959312975
220146,0.42613205103149243
220147,0.2799141900091355
220148,0.4861717745124329
220149,0.3740370237386431
220150,0.2538575863213057
220151,0.19292703878266168
220152,0.5297721581121803
220153,0.6206089418737303
220154,0.4279136991468996
220155,0.1269106130778426
220156,0.07111593893310184
220157,0.24614923120974816
220158,0.3974711504810904
220159,0.9143809000049995
220160,0.7908063321228428
220161,0.9880875007385659
220162,0.5748996686679908
220163,0.9780839101722109
220164,0.8660582398952827
220165,0.6661909544997977
220166,0.32575526881524947
220167,0.5583239781657205
220168,0.18592316188000238
220169,0.592520713931852
220170,0.6741174706050787
220171,0.8087318937737762
220172,0.5201139891192205
220173,0.11066670908685988
220174,0.8138495870848692
220175,0.5207775621417956
220176,0.3271142300053177
220177,0.65059244344858
220178,0.283295685411847
220179,0.8998550138395881
220180,0.2002036169274751
220181,0.713622790551811
220182,0.7950559264797451
220183,0.3985528654083019
220184,0.231873321182978
220185,0.7886792624340404
220186,0.5596147640452502
220187,0.7537598683762005
220188,0.940019361788193
220189,0.3622381499947732
220190,0.16780670935956116
220191,0.10794424168602088
220192,0.7068916148913059
220193,0.05284041068807069
220194,0.6966880434140378
220195,0.319987637543689
220196,0.023538662218606406
220197,0.5241999627308302
220198,0.7696901659387059
220199,0.5924025433935852
220200,0.309034137650497
220201,0.5624508569636535
220202,0.9814881306784352
220203,0.45249771612709694
220204,0.08150585625917525
220205,0.06605278587043964
220206,0.02648838065457388
220207,0.26962426313851856
220208,0.9845560196526696
220209,0.6587871157753123
220210,0.7547143227237401
220211,0.8723030983406129
220212,0.6808759163897992
220213,0.337567777621227
220214,0.14206371210020863
220215,0.5184732366455929
220216,0.47836797396612135
220217,0.4686189045591102
220218,0.17066552738147722
220219,0.986946700542221
220220,0.559469323382768
220221,0.3598520141259243
220222,0.3292685698183355
220223,0.45566559555678776
220224,0.5303266506378937
220225,0.7280850464273865
220226,0.8436149276659956
220227,0.08375109648624449
220228,0.6160866462746738
220229,0.6512651065125602
220230,0.17789211029856242
220231,0.018071002313415536
220232,0.8159039364424305
220233,0.9851923225510293
220234,0.2899768658446239
220235,0.5321673840224342
220236,0.9107085232773235
220237,0.2602524304498207
220238,0.7730898414242277
220239,0.39836651955949653
220240,0.9910508542366411
220241,0.12919675849123494
220242,0.12412906040787015
220243,0.9066225496657138
220244,0.20181255425618466
220245,0.035655687411656166
220246,0.9272342185518656
220247,0.9959549315747134
220248,0.5559787474831949
220249,0.8474145649733436
220250,0.38018643674921937
220251,0.5503111066670909
220252,0.09647715445343853
220253,0.8471236836483791
220254,0.56255084741911
220255,0.5549470277837116
220256,0.21007085687275306
220257,0.48457647224583106
220258,0.5080287790710888
220259,0.5830897959740208
220260,0.9543543570840965
220261,0.4872080392326187
220262,0.16541148344930712
220263,0.8104680916821577
220264,0.7634907577004013
220265,0.3362451765967794
220266,0.6276128187763895
220267,0.8519005004067793
220268,0.36298807841069713
220269,0.3476440885188232
220270,0.26246585553197194
220271,0.35902482035805666
220272,0.948227669177033
220273,0.3404629558087637
220274,0.3351043764004345
220275,0.892669336108826
220276,0.8194626876525423
220277,0.7755850577899382
220278,0.08113770958226714
220279,0.6815394894123743
220280,0.3616472973034392
220281,0.3537389612809686
220282,0.8238122724649011
220283,0.6699724117243354
220284,0.3917489694165557
220285,0.27722353775321446
220286,0.8282482126706088
220287,0.6971016402979716
220288,0.4793451534171738
220289,0.5847169133855404
220290,0.8921784738729485
220291,0.04281409501820281
220292,0.31117484240140714
220293,0.28798160175619597
220294,0.6591552624522204
220295,0.9123310956681407
220296,0.08770071947677721
220297,0.563764367946696
220298,0.14080019634489435
220299,0.3199694574608787
220300,0.9411965221501585
220301,0.13524163602565212
220302,0.6691815781220883
220303,0.10434913031028856
220304,0.86341758286709
220305,0.5416301171251835
220306,0.6652183200694479
220307,0.9324246321941997
220308,0.7999781839006277
220309,0.4229050863326682
220310,0.675908208761891
220311,0.9942278237077371
220312,0.46293762868089866
220313,0.022838729030410735
220314,0.7783620654392082
220315,0.6243176787670268
220316,0.5681366778625677
220317,0.4319905827171043
220318,0.8024688552456357
220319,0.5995336808759164
220320,0.9682939355788767
220321,0.9185259588857427
220322,0.055481067716263446
220323,0.26056149185759536
220324,0.688443375859577
220325,0.07766531376550419
220326,0.5545061607755624
220327,0.40705659914280906
220328,0.12760600124533567
220329,0.502347503192877
220330,0.5996382163520755
220331,0.8161175524154513
220332,0.08488280664118424
220333,0.6164093427445563
220334,0.30543448125406214
220335,0.9447598183809727
220336,0.5282359411147118
220337,0.9299430508905969
220338,0.20486226314760864
220339,0.4774771499084178
220340,0.8434694870035133
220341,0.5808627358297618
220342,0.27803709645897434
220343,0.3773957940378418
220344,0.366355938751301
220345,0.4990614532249194
220346,0.7510055858304434
220347,0.8294935483431127
220348,0.0642665927343299
220349,0.8296435340262975
220350,0.4459574313360997
220351,0.21378868380745475
220352,0.14095018202807913
220353,0.10953045391121756
220354,0.37449152580890005
220355,0.9282295780857281
220356,0.5498566045968339
220357,0.7372250830602534
220358,0.2545575195095014
220359,0.5161780011907955
220360,0.21277059917007923
220361,0.98294708232396
220362,0.15202639748024055
220363,0.9841424227687356
220364,0.7847341844642103
220365,0.22215152190018225
220366,0.3875084651010585
220367,0.5503383767913064
220368,0.14416351166479566
220369,0.256470973225283
220370,0.8185445934706232
220371,0.7565005158598498
220372,0.4988887424382218
220373,0.665650097036192
220374,0.23240054358447604
220375,0.8025870257839025
220376,0.6515878029824426
220377,0.5144827084687371
220378,0.9506547102322052
220379,0.09716799760022907
220380,0.8757482240331604
220381,0.428204580471864
220382,0.6091600347239582
220383,0.9127674176555874
220384,0.38007281123165515
220385,0.4243094977297621
220386,0.41421500674935574
220387,0.990028224578563
220388,0.507456106462565
220389,0.3346998695579058
220390,0.6473609337290531
220391,0.35771585439571674
220392,0.7530281200430868
220393,0.2235650233386813
220394,0.8701123983619746
220395,0.7605046790988134
220396,0.5350398371064581
220397,0.008235577513055571
220398,0.17722853727598728
220399,0.08371473632062394
220400,0.15798491962130887
220401,0.26675635507519735
220402,0.010117216083919262
220403,0.7229264479299704
220404,0.26831529717617864
220405,0.41135164370673705
220406,0.23010530812967853
220407,0.4046204680462319
220408,0.6568418469146127
220409,0.685648188127497
220410,0.8560682843910354
220411,0.9195622236059285
220412,0.681066807259307
220413,0.6878025279405148
220414,0.9097086187227583
220415,0.776253175833216
220416,0.9365242408679172
220417,0.283981983537935
220418,0.4058203535117102
220419,0.13742779098358796
220420,0.04248230850691525
220421,0.6362210879870558
220422,0.8879743297230719
220423,0.8306752537257808
220424,0.8124815358533958
220425,0.7725671640434322
220426,0.6647910881234065
220427,0.7053644879352425
220428,0.5424436758309434
220429,0.3982347139591221
220430,0.1199158262165884
220431,0.6752719058635313
220432,0.4938074092927493
220433,0.2985578649310748
220434,0.28846337395066834
220435,0.17960558310343103
220436,0.29512637430063493
220437,0.7721808372837138
220438,0.9401557124092701
220439,0.6876116370710069
220440,0.7509055953749869
220441,0.33259552497261624
220442,0.3809227301030356
220443,0.5043927625090333
220444,0.461646842801369
220445,0.2709832243285868
220446,0.6700905822626023
220447,0.08834156739583948
220448,0.3940760200162712
220449,0.07094777316710676
220450,0.6728448648083593
220451,0.2146067875339172
220452,0.3061480495043654
220453,0.798455601965267
220454,0.11718426877434425
220455,0.16510242204153242
220456,0.09015048563546206
220457,0.8790751791874413
220458,0.8784070611441636
220459,0.8780025543016349
220460,0.9914371809963595
220461,0.6456656410069949
220462,0.6017425609373651
220463,0.1120711204839538
220464,0.8719258616222997
220465,0.42872271283195695
220466,0.4509933142745465
220467,0.2721785647733625
220468,0.5474068384381491
220469,0.5612055212911495
220470,0.3130428459101631
220471,0.6395298630585262
220472,0.09665895528154131
220473,0.275719135900664
220474,0.022388771980856374
220475,0.3148426741083805
220476,0.12644247594547794
220477,0.9930597533871767
220478,0.2757373159834743
220479,0.27616000290881326
220480,0.514928120497589
220481,0.6283536571509084
220482,0.9123492757509511
220483,0.3964212506987969
220484,0.5940023906808896
220485,0.17079733298185173
220486,0.9946550556537785
220487,0.6398161993627881
220488,0.9712572890769517
220489,0.7575004204144151
220490,0.5873257552688154
220491,0.5120511223928625
220492,0.47145954249821603
220493,0.5486930792969763
220494,0.696210816240268
220495,0.8774889669622445
220496,0.7349480276882662
220497,0.04056430977043101
220498,0.22806004881352235
220499,0.751464632921403
220500,0.45929252207743804
220501,0.9145263406674817
220502,0.3875493702873816
220503,0.6795396803032439
220504,0.6891614891305831
220505,0.9382013535071653
220506,0.4712004763181696
220507,0.18781389049227118
220508,0.960153803500575
220509,0.5275723680921367
220510,0.13037846387390295
220511,0.30343012712422907
220512,0.9356834120379418
220513,0.9361606392117116
220514,0.7876020925275314
220515,0.3982119888556092
220516,0.7940787470286927
220517,0.46303307411565253
220518,0.575963203512392
220519,0.4171101849368924
220520,0.18154176192272556
220521,0.43669467914426346
220522,0.7886792624340404
220523,0.5344308043323138
220524,0.8896605324037251
220525,0.9847650906049877
220526,0.02497488876061831
220527,0.8885560923730008
220528,0.05049063498484235
220529,0.04011435272087664
220530,0.82455311083942
220531,0.17140636575599602
220532,0.18050549720253975
220533,0.03571477268078956
220534,0.03948713986392208
220535,0.5498520595761314
220536,0.6611096213543253
220537,0.029742615477613504
220538,0.6075556424159513
220539,0.5400575399620946
220540,0.9423373223465034
220541,0.5580649119856741
220542,0.8644129424009527
220543,0.7626635639325338
220544,0.4507706082601206
220545,0.143695374532431
220546,0.011017130183027983
220547,0.32018761845460203
220548,0.2844501206702996
220549,0.28132769144763453
220550,0.3070615986655819
220551,0.04963617109275933
220552,0.9922280145986065
220553,0.10816694770044677
220554,0.6621640661573214
220555,0.38204080519586764
220556,0.7836570145577013
220557,0.6451884138332251
220558,0.09441826007517463
220559,0.6866571827234673
220560,0.4457392703423764
220561,0.0056540057539962085
220562,0.8629721708382382
220563,0.11297103458306251
220564,0.693056571872685
220565,0.8545457024556747
220566,0.464505660823285
220567,0.9060589670985952
220568,0.24739911190295474
220569,0.2341094713686421
220570,0.519559496593507
220571,0.14539066725448935
220572,0.6064421123438217
220573,0.14903577385794994
220574,0.28859517955104286
220575,0.07548370382827094
220576,0.8938055912844683
220577,0.7706628003690557
220578,0.4142786370391917
220579,0.260206980242795
220580,0.2725648915330809
220581,0.8662491307647907
220582,0.0334740774744229
220583,0.3023484121970175
220584,0.029260843283141155
220585,0.5012021579758296
220586,0.42310961226428384
220587,0.3300457683584748
220588,0.7555415164916077
220589,0.9238799932733693
220590,0.8783525208957327
220591,0.7027238309070498
220592,0.07293394721412955
220593,0.5052790415460343
220594,0.22681471314101834
220595,0.528117770576445
220596,0.24631739697574323
220597,0.6641593302457492
220598,0.9508228759982003
220599,0.29658987096686223
220600,0.8995777675767314
220601,0.5022475127374205
220602,0.1474541066534558
220603,0.5684321042082348
220604,0.739561223701374
220605,0.5254452984033343
220606,0.2936856027379205
220607,0.189145581558124
220608,0.9380922730103036
220609,0.7015148554001663
220610,0.3015257634498525
220611,0.8127496920748475
220612,0.8717986010426279
220613,0.6362801732561891
220614,0.8532776416796579
220615,0.08943691738515869
220616,0.10907595184096062
220617,0.813504165511474
220618,0.831516082555756
220619,0.4124379036546511
220620,0.7249398921012086
220621,0.9797792028942692
220622,0.3188013871403184
220623,0.24711732061939543
220624,0.06548920330332104
220625,0.9787747533190014
220626,0.2972125388031142
220627,0.48119497684311946
220628,0.6255311992946129
220629,0.708241486039969
220630,0.2994077838024552
220631,0.803836906477109
220632,0.19017275623690466
220633,0.09902236604687734
220634,0.4195735861576849
220635,0.8186627640088902
220636,0.5304993614245913
220637,0.8565136964198873
220638,0.5954477072643066
220639,0.6797623863176697
220640,0.20435322082892088
220641,0.858277164452484
220642,0.7087278032551438
220643,0.9328882243058618
220644,0.5864485662732194
220645,0.40052994941391956
220646,0.6648956235995656
220647,0.772780780016453
220648,0.2958717576958563
220649,0.2214015934842583
220650,0.592920675753678
220651,0.2942582753464442
220652,0.6491562169065681
220653,0.8073911126665182
220654,0.5457433608610087
220655,0.8512732875498248
220656,0.33076388162948084
220657,0.6830120761200068
220658,0.9524272683062072
220659,0.038709941323782734
220660,0.5024974888760618
220661,0.8577453970302835
220662,0.31791056308261484
220663,0.8638675399166443
220664,0.3923489121492948
220665,0.06257130001227154
220666,0.6814167738534049
220667,0.883879266070057
220668,0.5101785738634039
220669,0.980097354343449
220670,0.3139382149885693
220671,0.6703860086082692
220672,0.8153176287717991
220673,0.4442848637175542
220674,0.186686725358034
220675,0.8624949436644684
220676,0.9802746101508493
220677,0.21849278023461396
220678,0.4671735879756932
220679,0.935692502079347
220680,0.6407842887724354
220681,0.1847641816008472
220682,0.10891233109566814
220683,0.8437694583698829
220684,0.4227505556287809
220685,0.15442162339049453
220686,0.9032774144286227
220687,0.7999736388799251
220688,0.5983065252862227
220689,0.528308661445953
220690,0.34278091636707403
220691,0.595084105608101
220692,0.26152958126724263
220693,0.015175824125878893
220694,0.179078360701933
220695,0.05375850486998968
220696,0.5768812976943111
220697,0.6225133055481068
220698,0.7619863558478509
220699,0.22588298389699166
220700,0.6656637320982998
220701,0.606164866080965
220702,0.32070120579399236
220703,0.9259797928379564
220704,0.5687502556574145
220705,0.7457651769603811
220706,0.21546579644670283
220707,0.7515100831284287
220708,0.7642043259507048
220709,0.19101358506688
220710,0.9899555042473218
220711,0.9920143986255857
220712,0.9174124288136133
220713,0.5160825557560415
220714,0.5486794442348686
220715,0.8366610459910645
220716,0.6043786729448554
220717,0.5350125669822426
220718,0.0028815431254289366
220719,0.7380568218488235
220720,0.6165865985519564
220721,0.9027138318615041
220722,0.9608446466473655
220723,0.42249148944873444
220724,0.9269524272683063
220725,0.1495902663836634
220726,0.03691920316697043
220727,0.13581885365487842
220728,0.7674767408565546
220729,0.10588989232845954
220730,0.6120370328286846
220731,0.27004695006385754
220732,0.3523890901323055
220733,0.309761340962908
220734,0.8392789779157444
220735,0.7389112857409066
220736,0.7509465005613101
220737,0.8093727416928385
220738,0.14717686039059907
220739,0.7735716136187001
220740,0.21916544329859422
220741,0.8569318383245237
220742,0.32672335822489673
220743,0.3662650383372496
220744,0.5193686057239991
220745,0.08640084355584239
220746,0.5152280918639585
220747,0.5213775048745347
220748,0.03226510196753947
220749,0.5675640052540439
220750,0.8668854336631504
220751,0.28111407547461376
220752,0.3352998122906449
220753,0.0587443925807082
220754,0.05669458824384945
220755,0.34464437485512744
220756,0.1297648860790561
220757,0.5216502061166889
220758,0.8193672422177883
220759,0.36538784934165375
220760,0.5544743456306443
220761,0.03212420632575982
220762,0.09864058430786152
220763,0.1256470973225283
220764,0.9915826216588417
220765,0.6029015412165203
220766,0.9541407411110757
220767,0.604424123151881
220768,0.7286440839738025
220769,0.17259716118006918
220770,0.858531685611828
220771,0.14683143881720384
220772,0.9731980129169489
220773,0.8312797414792225
220774,0.5634234913940034
220775,0.8722621931542899
220776,0.3519709482276691
220777,0.35049381649933414
220778,0.9340699296885298
220779,0.7798664672917586
220780,0.22446039241708746
220781,0.19796292172110844
220782,0.31555169733798133
220783,0.18895923570931866
220784,0.8860290608623723
220785,0.7030510723976349
220786,0.05564923348225851
220787,0.7947650451547807
220788,0.6851573258916194
220789,0.156812304280046
220790,0.2795278632494171
220791,0.48135405256770947
220792,0.9000004545020703
220793,0.353893491984856
220794,0.3140336604233232
220795,0.10476272719422237
220796,0.9293476531785603
220797,0.039714390899050545
220798,0.3498438785388667
220799,0.4225369396557601
220800,0.6932065575558697
220801,0.8893605610373556
220802,0.5639779839197168
220803,0.4358811204385035
220804,0.14985842260511498
220805,0.2000718113271006
220806,0.12721058444421213
220807,0.5976838574499708
220808,0.1440498861472314
220809,0.34734866217315613
220810,0.43538571318192354
220811,0.8409924507206131
220812,0.605374032478718
220813,0.027583730643893085
220814,0.8334522613750506
220815,0.7752759963821635
220816,0.966253221283423
220817,0.999145536107917
220818,0.6793487894337359
220819,0.3570568263938442
220820,0.5081060444230323
220821,0.7711809327291486
220822,0.6182137159634763
220823,0.6786852164111608
220824,0.15585784993250645
220825,0.9585039609855422
220826,0.5708909604083247
220827,0.6003108794160558
220828,0.8352748146767809
220829,0.9459415237636408
220830,0.9440917003376951
220831,0.4150194754137105
220832,0.12174292453902126
220833,0.8765254225732999
220834,0.868503461033265
220835,0.9176760400143623
220836,0.5587103049254389
220837,0.4656328259575222
220838,0.52402270692343
220839,0.6549692983851542
220840,0.23627290122306507
220841,0.8903922807368388
220842,0.48809886329032226
220843,0.7583685193686057
220844,0.22519668577090368
220845,0.8324341767376751
220846,0.9436190181846279
220847,0.04474118379609219
220848,0.6880615941205613
220849,0.7049508910513087
220850,0.6869526090691344
220851,0.17529235845669278
220852,0.052322278327977784
220853,0.1090214115925298
220854,0.266897250716977
220855,0.9273887492557529
220856,0.3577840297062553
220857,0.025183959712936493
220858,0.2831638798114725
220859,0.5150690161393685
220860,0.42551847323664554
220861,0.3728280482317597
220862,0.09439553497166178
220863,0.7537235082105799
220864,0.3975620508951418
220865,0.08755073379359242
220866,0.6096508969598357
220867,0.1511083032983215
220868,0.9784884170147395
220869,0.2147113230100763
220870,0.43363588021143434
220871,0.8468555274269275
220872,0.3454670236022925
220873,0.9331609255480159
220874,0.5480385963158062
220875,0.6332622795096832
220876,0.24834447620908914
220877,0.8802023443216783
220878,0.5022338776753128
220879,0.3741779193804227
220880,0.9275341899182351
220881,0.41537853204921343
220882,0.5295358170356467
220883,0.3785411392548893
220884,0.3419446325578013
220885,0.7689629626262948
220886,0.8235804764090701
220887,0.6654864762908995
220888,0.973861585939524
220889,0.2734375355079742
220890,0.1632980488226124
220891,0.01220792560710114
220892,0.3816181182705287
220893,0.9639398057458152
220894,0.9698028824521296
220895,0.2414042295962658
220896,0.05267678994277819
220897,0.34348993959667484
220898,0.4131105667186314
220899,0.13602337958649402
220900,0.2947627726444294
220901,0.7862340412960582
220902,0.13602337958649402
220903,0.002027079233345908
220904,0.9805154962480854
220905,0.7744669826971062
220906,0.46431476995377713
220907,0.9233800409960867
220908,0.6939064907440654
220909,0.7334799860013362
220910,0.22406043059526137
220911,0.5443616745674277
220912,0.6346076056376437
220913,0.1960176528604088
220914,0.17925107148863062
220915,0.7146817803755097
220916,0.11318465055608327
220917,0.4634012207925607
220918,0.621931542898178
220919,0.9260070629621718
220920,0.8768117588775617
220921,0.09307293394721412
220922,0.7926425204866808
220923,0.10411733425445753
220924,0.2105071788601997
220925,0.4271592257102731
220926,0.7252262284054705
220927,0.6785988610178119
220928,0.30289835970202844
220929,0.8352429995318629
220930,0.3573022575117829
220931,0.4176783125247135
220932,0.40207071143209056
220933,0.6559010276291809
220934,0.7489330563900718
220935,0.9573858858927103
220936,0.8851882320323968
220937,0.7761440953363543
220938,0.8340340240249795
220939,0.8018234623058709
220940,0.0996495789038319
220941,0.04928165947795892
220942,0.7236945564287046
220943,0.9465051063307593
220944,0.3193831497902473
220945,0.5865803718735939
220946,0.37878657037282804
220947,0.7709900418596407
220948,0.12636975561423683
220949,0.19255434708505098
220950,0.829607173860677
220951,0.23264597470241477
220952,0.5046609187304848
220953,0.46652365001522583
220954,0.337958649401648
220955,0.6457747215038564
220956,0.3754050749701165
220957,0.8321660205162236
220958,0.07669722435585694
220959,0.15530335740679302
220960,0.10409915417164725
220961,0.013066934519886737
220962,0.948809431826962
220963,0.844464846537376
220964,0.6515378077547144
220965,0.12199744569836515
220966,0.4294135559787475
220967,0.37699128719531316
220968,0.3806818440057994
220969,0.5426754718867746
220970,0.34924848082683013
220971,0.6020516223451398
220972,0.3095159098449693
220973,0.6087827980056449
220974,0.2886497197994737
220975,0.40821557942196424
220976,0.2831229746251494
220977,0.9801246244676645
220978,0.9714845401120802
220979,0.8332022852364093
220980,0.5605328582271693
220981,0.8053549433917672
220982,0.10504451847778166
220983,0.08635084832811413
220984,0.8304252775871395
220985,0.3226192045304766
220986,0.7321301148526732
220987,0.8207171133664514
220988,0.2965171506356211
220989,0.97162543575386
220990,0.05288586089509638
220991,0.49845242045077515
220992,0.0907095231818781
220993,0.6506015334899851
220994,0.4767953968030324
220995,0.809768158493962
220996,0.5674231096122643
220997,0.8858245349307566
220998,0.7919789474641058
220999,0.4873534798951009
221000,0.9174533339999363
221001,0.15447616363892538
221002,0.3590657255443798
221003,0.22353320819376332
221004,0.5478249803427855
221005,0.4265047427291031
221006,0.49770703705555375
221007,0.20255339263070343
221008,0.4711186659455234
221009,0.20683480213252373
221010,0.36964653373996115
221011,0.2635384804177783
221012,0.7713854586607642
221013,0.8638584498752392
221014,0.9773248917148818
221015,0.9190304561837279
221016,0.25947523190968136
221017,0.5355579694665509
221018,0.5206912067484467
221019,0.14291817599229165
221020,0.3901854822948718
221021,0.445584739638489
221022,0.20803014257729946
221023,0.8497916108007872
221024,0.5556742310961227
221025,0.7275078287981601
221026,0.5168597542961808
221027,0.560387417564687
221028,0.806327577822117
221029,0.5562423586839438
221030,0.8500143168152131
221031,0.5449979774657874
221032,0.6234450347921335
221033,0.7652269556087827
221034,0.465750996495789
221035,0.46796896659864284
221036,0.09210484453756686
221037,0.7243308593270643
221038,0.5893573795228638
221039,0.10371737243263142
221040,0.5531199294612786
221041,0.46476018198262886
221042,0.9883511119393149
221043,0.5447979965548744
221044,0.572122661018721
221045,0.5837670040587035
221046,0.30003045163870723
221047,0.40022997804754995
221048,0.5809309111403003
221049,0.6070647801800738
221050,0.8524777180360057
221051,0.2977306711632072
221052,0.5065561923634563
221053,0.1292149385740452
221054,0.5057744488026144
221055,0.3998254712050213
221056,0.2235650233386813
221057,0.7686720813013304
221058,0.5399120992996124
221059,0.38838110907595186
221060,0.24645374759682032
221061,0.5111557533144564
221062,0.6753128110498543
221063,0.1278832475081924
221064,0.6431158843928535
221065,0.7354479799655488
221066,0.2591979856468246
221067,0.8590498179719208
221068,0.4322814640420687
221069,0.5229864422032443
221070,0.5840487953422627
221071,0.6933292731148392
221072,0.6109416828393653
221073,0.8780525495293632
221074,0.7338435876575419
221075,0.3403447852704969
221076,0.5383031619709029
221077,0.977670313288277
221078,0.3129837606410297
221079,0.3976347712263829
221080,0.4884033796773944
221081,0.6612277918925921
221082,0.5380986360392872
221083,0.6802577935742498
221084,0.1559532953672604
221085,0.6845437480967725
221086,0.17979647397293896
221087,0.314574517886929
221088,0.053772139932097396
221089,0.9191031765149691
221090,0.8504506388026597
221091,0.7981101803918718
221092,0.2995441344235323
221093,0.22740102081164978
221094,0.9776203180605488
221095,0.3490166847709991
221096,0.07725171688157038
221097,0.732880043268597
221098,0.8278164357038647
221099,0.8435331172933493
221100,0.315397166634094
221101,0.9483412946945973
221102,0.3380313697328891
221103,0.587603001531672
221104,0.838460874189282
221105,0.4574517886928975
221106,0.023811363460760564
221107,0.2047031874230187
221108,0.5888437921834735
221109,0.04698642402316143
221110,0.21180250976043194
221111,0.2901495766313215
221112,0.4382945264315679
221113,0.5476613595974931
221114,0.9504910894869126
221115,0.09913599156444157
221116,0.5894210098126996
221117,0.9574040659755205
221118,0.7827343753550798
221119,0.585798628312752
221120,0.12267465378304797
221121,0.2430222569663805
221122,0.3273732961853641
221123,0.5010430822512397
221124,0.6270674162920812
221125,0.23505938069547908
221126,0.6742220060812377
221127,0.05030883415673958
221128,0.30960226523831813
221129,0.06685725453479441
221130,0.8764527022420587
221131,0.6637502783825181
221132,0.8500097717945106
221133,0.4695006385754087
221134,0.6706905249953413
221135,0.31257470877779847
221136,0.6584689643261326
221137,0.49005776721312966
221138,0.44100335877029917
221139,0.01071715881665841
221140,0.8020734384445122
221141,0.704473663877539
221142,0.1622754191645343
221143,0.0836465610100854
221144,0.7027283759277524
221145,0.8984596924838993
221146,0.6663500302243877
221147,0.6108553274460166
221148,0.7380886369937415
221149,0.30305743542661834
221150,0.6570191027220129
221151,0.0023725008067411748
221152,0.8972143568113953
221153,0.6969471095940842
221154,0.01181705382668018
221155,0.17112002945173418
221156,0.7465514655419255
221157,0.4560291972129933
221158,0.3008712804686825
221159,0.9554133469077952
221160,0.011017130183027983
221161,0.9189259207075688
221162,0.8498916012562437
221163,0.5284177419428145
221164,0.02219788111134846
221165,0.4560837374614241
221166,0.9485867258125361
221167,0.2354547974966026
221168,0.5849441644206689
221169,0.7286213588702898
221170,0.7514419078178902
221171,0.024570381918089638
221172,0.30332559164806994
221173,0.025638461783193425
221174,0.4736729675803673
221175,0.9351561896364439
221176,0.9293749233027756
221177,0.06557555869666987
221178,0.22561937269624263
221179,0.022852364092518444
221180,0.10021770649165306
221181,0.030483453852132296
221182,0.5755496066284582
221183,0.6440885188232033
221184,0.1565895982656201
221185,0.3926307034328541
221186,0.10871235018475509
221187,0.08173310729430372
221188,0.8634630330741156
221189,0.7748260393326092
221190,0.04190509087768895
221191,0.9873103021984265
221192,0.20126715177187632
221193,0.07396566691361278
221194,0.033778593861495045
221195,0.9746524195417711
221196,0.9625899345971521
221197,0.08437830934319905
221198,0.2589343744460756
221199,0.7057280895914482
221200,0.729830334377173
221201,0.22900995814035935
221202,0.5488067048145405
221203,0.3536571509083224
221204,0.08802341594665963
221205,0.0980360965544198
221206,0.4409351834597607
221207,0.8954872489444189
221208,0.24621740652028673
221209,0.3824862172247194
221210,0.4435213002395226
221211,0.8175492339367607
221212,0.9437508237850023
221213,0.6226860163348045
221214,0.10970770971861776
221215,0.7199903645561107
221216,0.18230532540075722
221217,0.5026520195799492
221218,0.7963694374627877
221219,0.7760759200258157
221220,0.6229087223492303
221221,0.9041046081964903
221222,0.8570181937178724
221223,0.4576290445002977
221224,0.6663091250380646
221225,0.5202185245953796
221226,0.5004613196013108
221227,0.2497716127096959
221228,0.8755300630394371
221229,0.22487398930102126
221230,0.10647619999909098
221231,0.20715749860240615
221232,0.059562496307170684
221233,0.22287418019189079
221234,0.9093995573149836
221235,0.4297726126142504
221236,0.48103590111852956
221237,0.059385240499770474
221238,0.01162616295717227
221239,0.32675971839051726
221240,0.22316506151685522
221241,0.5320764836083829
221242,0.2695197276623595
221243,0.4701596665772812
221244,0.7537189631898774
221245,0.5034519432236014
221246,0.9492366637730035
221247,0.16591143572658976
221248,0.6226769262933993
221249,0.5098922375591421
221250,0.4755273360270156
221251,0.7150544720731203
221252,0.9358561228246396
221253,0.9786065875530063
221254,0.9420282609387286
221255,0.7696628958144904
221256,0.3042982260784198
221257,0.8369110221297058
221258,0.304180055540153
221259,0.05736270628712714
221260,0.6923566386844893
221261,0.3815135827943696
221262,0.05748542184609651
221263,0.5013203285140965
221264,0.4911485721817463
221265,0.85784538748574
221266,0.036082919357697675
221267,0.22009262752191835
221268,0.08635084832811413
221269,0.4036205634916667
221270,0.10556265083787456
221271,0.006917521509310474
221272,0.9857877202630658
221273,0.5725135327991419
221274,0.8340976543148154
221275,0.49423918625949337
221276,0.9296976197726581
221277,0.08610996223087795
221278,0.48256302807459284
221279,0.9902054803859632
221280,0.6487517100640393
221281,0.08525095331809235
221282,0.1664068429831698
221283,0.09653169470186937
221284,0.9540725658005372
221285,0.2230787061235064
221286,0.909881329509456
221287,0.9346471473177561
221288,0.2017761940905641
221289,0.9127855977383977
221290,0.22283327500556765
221291,0.8109498638766299
221292,0.22981897182541666
221293,0.8674126560646485
221294,0.3842815004022343
221295,0.5592829775339626
221296,0.5338763118066003
221297,0.42543211784329676
221298,0.609087314392717
221299,0.5110830329832152
221300,0.9009730889324201
221301,0.09110948500370418
221302,0.13089205121329328
221303,0.3178423877720763
221304,0.08211488903331954
221305,0.5632235104830903
221306,0.2053576704041887
221307,0.568818430967953
221308,0.8973461624117699
221309,0.31357915835306627
221310,0.9348016780216434
221311,0.5074470164211597
221312,0.05525836170183755
221313,0.10846691906681634
221314,0.10537175996836666
221315,0.18628221851550536
221316,0.739993000668118
221317,0.04257320892096664
221318,0.941328327750533
221319,0.17916471609528184
221320,0.5405211320737566
221321,0.24029978956554146
221322,0.7531599256434612
221323,0.47739533953577157
221324,0.04720913003758732
221325,0.38667672631248834
221326,0.6438521777466697
221327,0.6319305884438303
221328,0.9864149331200204
221329,0.4263320319424055
221330,0.021007085687275308
221331,0.18440966998604677
221332,0.414855854668418
221333,0.6768353929852151
221334,0.45965612373364356
221335,0.16105280859554316
221336,0.28192763418037364
221337,0.2203244235777494
221338,0.16545238863563025
221339,0.07968330295744497
221340,0.7186904886351757
221341,0.5640507042509578
221342,0.4031751514628149
221343,0.7398339249435282
221344,0.5757723126428841
221345,0.7596274901032174
221346,0.2686743538116816
221347,0.10128124133605428
221348,0.441353325364397
221349,0.30316651592348
221350,0.6856209180032815
221351,0.2483626562918994
221352,0.9124174510614896
221353,0.9132810049949778
221354,0.8853745778812023
221355,0.35138009553633515
221356,0.045122965535108014
221357,0.10451729607628361
221358,0.11986583098886015
221359,0.8273846587371206
221360,0.6863708464192054
221361,0.4785815899391421
221362,0.1847959967457652
221363,0.2593752414542248
221364,0.2144158966644093
221365,0.7806800259975184
221366,0.10481272242195062
221367,0.5520927547824981
221368,0.6582189881874912
221369,0.8206625731180206
221370,0.4441803282413951
221371,0.42449129855786494
221372,0.004190509087768894
221373,0.8188263847541826
221374,0.830661618663673
221375,0.5626099326882434
221376,0.7328573181650843
221377,0.6473245735634326
221378,0.32136932383727
221379,0.4415169461096895
221380,0.8788115679866922
221381,0.9972957126819713
221382,0.29722162884451936
221383,0.00047268215306720717
221384,0.5157689493275642
221385,0.17039282613932308
221386,0.9611173478895196
221387,0.2880270519632217
221388,0.07697901563941624
221389,0.04079156080555947
221390,0.9818971825416665
221391,0.47405020429868056
221392,0.2918403243326773
221393,0.09266842710468545
221394,0.6614686779898283
221395,0.34664418396425795
221396,0.1283877448061776
221397,0.1447043691284014
221398,0.9648306298035187
221399,0.004790451820508042
221400,0.7611137118729575
221401,0.40431595165915973
221402,0.5495884483753825
221403,0.6839528954054386
221404,0.6501833915853487
221405,0.7119638579953732
221406,0.17379250162484491
221407,0.37935924298135176
221408,0.44784361492766595
221409,0.3510210389008322
221410,0.09283659287068052
221411,0.10468546184227868
221412,0.2458901650297017
221413,0.22099708664172968
221414,0.7176405888528822
221415,0.28198671944950704
221416,0.14988114770862782
221417,0.9274478345248862
221418,0.3043391312647429
221419,0.3455942841819644
221420,0.9523590929956686
221421,0.27424200417232897
221422,0.5469659714299998
221423,0.21778375700501315
221424,0.5042973170742793
221425,0.8376427704628194
221426,0.19494957299530502
221427,0.3344544384399671
221428,0.28858608950963766
221429,0.7668177128546821
221430,0.9022229696256266
221431,0.44478027097413425
221432,0.056703678285254584
221433,0.4001845278405243
221434,0.3610155394257821
221435,0.9507819708118771
221436,0.2680380509133219
221437,0.31050217933742685
221438,0.7180541857368161
221439,0.8193990573627064
221440,0.41310147667722624
221441,0.7843160425595739
221442,0.13172379000186346
221443,0.4107380659118902
221444,0.15331263833906764
221445,0.5134782588934693
221446,0.8366246858254439
221447,0.32683698374246095
221448,0.394985024156785
221449,0.9684893714690871
221450,0.30995677685311857
221451,0.687716172547166
221452,0.32129660350602895
221453,0.7232764145240682
221454,0.1297194358720304
221455,0.10253112202926085
221456,0.5122329232209654
221457,0.4176055921934724
221458,0.7877475331900137
221459,0.5679776021379778
221460,0.8510551265561015
221461,0.21566577735761586
221462,0.6662500397689313
221463,0.020661664113880037
221464,0.8109135037110095
221465,0.6790033678603407
221466,0.8400243613109658
221467,0.8158493961939997
221468,0.6949063952986306
221469,0.9172488080683208
221470,0.04755000659028002
221471,0.988223851359643
221472,0.18219624490389555
221473,0.24299953186286763
221474,0.17231082487580732
221475,0.2375091468541639
221476,0.17479240617941016
221477,0.36128824066793624
221478,0.6966335031656069
221479,0.9123129155853306
221480,0.26467019057271807
221481,0.18276891751241928
221482,0.36405615827580096
221483,0.4096472609432736
221484,0.828952690879507
221485,0.9801655296539875
221486,0.6728312297462514
221487,0.3246371937224174
221488,0.6266947245944705
221489,0.5977293076569964
221490,0.07702446584644193
221491,0.14808586453111294
221492,0.5077788029324475
221493,0.5602283418400972
221494,0.34556246903704646
221495,0.6430795242272328
221496,0.38255439253525797
221497,0.15278087091686704
221498,0.993868767072234
221499,0.3764776998559228
221500,0.9560087446198318
221501,0.20268065321037537
221502,0.5476840847010058
221503,0.27620090809513637
221504,0.8988823794092382
221505,0.04106426204771363
221506,0.32666881797646585
221507,0.6288581544488935
221508,0.27855977383976976
221509,0.27922334686234496
221510,0.02493852859499775
221511,0.9725980701842096
221512,0.02424768544820722
221513,0.8938055912844683
221514,0.8984642375046018
221515,0.6566236859208894
221516,0.46381027265579194
221517,0.8655537425972976
221518,0.7363297139818472
221519,0.2667018148267665
221520,0.49707982419859925
221521,0.3541434681234973
221522,0.1776148640357057
221523,0.1639207166588644
221524,0.18172356275082832
221525,0.7879702392044396
221526,0.9447825434844855
221527,0.565536926020698
221528,0.3390130942046441
221529,0.5208048322660109
221530,0.7626408388290209
221531,0.13451897773394358
221532,0.1339099449597993
221533,0.4050295199094631
221534,0.12472445811990672
221535,0.06857072733966303
221536,0.6053058571681795
221537,0.19376786761263698
221538,0.9706709814063202
221539,0.7381886274491981
221540,0.8525095331809236
221541,0.658568954781589
221542,0.5549697528872245
221543,0.595274996477609
221544,0.7252171383640653
221545,0.6987469377923017
221546,0.6382299871375914
221547,0.6731312011126211
221548,0.6655046563737098
221549,0.8072047668177129
221550,0.8230305289040591
221551,0.11418910013135108
221552,0.0510314924484481
221553,0.04436849209848151
221554,0.046441021538853114
221555,0.3876584507842433
221556,0.041186977606683
221557,0.4803905081787647
221558,0.40307061598665583
221559,0.3966894069202485
221560,0.40710204934983474
221561,0.0874643784002436
221562,0.15850759700210434
221563,0.5608055594693234
221564,0.8121406593007031
221565,0.07994236913749142
221566,0.11280286881706746
221567,0.6301171251835052
221568,0.8506006244858446
221569,0.7963921625663005
221570,0.13801409865421937
221571,0.13375541425591195
221572,0.49489821426136593
221573,0.05820353511710246
221574,0.9396193999663669
221575,0.6126324305407211
221576,0.4866080964998795
221577,0.03930988405652188
221578,0.8723440035269361
221579,0.4408806432113298
221580,0.1817144727094232
221581,0.5702910176755855
221582,0.6085373668877062
221583,0.8488417014739502
221584,0.3699783202512487
221585,0.5880938637675495
221586,0.24298589680075994
221587,0.056971834506706176
221588,0.4286363574386081
221589,0.8823430490725885
221590,0.15773494348266756
221591,0.36252448629903505
221592,0.5697319801291696
221593,0.8536321532944583
221594,0.8523868176219542
221595,0.5455888301571215
221596,0.14554065293767415
221597,0.4693461078715213
221598,0.3167606728448648
221599,0.6455565605101331
221600,0.688243394948664
221601,0.4826493834679417
221602,0.8468055321991992
221603,0.2729284931892864
221604,0.990850873325728
221605,0.13686875343717192
221606,0.14599515500793106
221607,0.9372423541389231
221608,0.8973507074324724
221609,0.5375577785756814
221610,0.8897968830248022
221611,0.07835161189159216
221612,0.9778657491784875
221613,0.3343953531708337
221614,0.8626494743683557
221615,0.9695756314170012
221616,0.19032728694079204
221617,0.770880961362779
221618,0.8379109266842711
221619,0.19475868212579708
221620,0.8509187759350244
221621,0.8095272723967257
221622,0.8674990114579972
221623,0.1761786374936938
221624,0.8888924239049909
221625,0.190718158721213
221626,0.4020252612250649
221627,0.8943328136859664
221628,0.3088114316360711
221629,0.8392744328950419
221630,0.12760600124533567
221631,0.2458901650297017
221632,0.6776534967116775
221633,0.5564014344085337
221634,0.6677998918285073
221635,0.2714377263988437
221636,0.7626135687048055
221637,0.9289749614809496
221638,0.20245794719594948
221639,0.8789933688147951
221640,0.9156126006153958
221641,0.5254998386517651
221642,0.733789047409111
221643,0.10912594706868889
221644,0.765963248962599
221645,0.4561837279168806
221646,0.8845201139891193
221647,0.8670945046154684
221648,0.4934392626158412
221649,0.8801841642388681
221650,0.579676485426391
221651,0.9723889992318915
221652,0.18245076606323943
221653,0.8696533512710151
221654,0.03432854136650592
221655,0.7507101594847765
221656,0.5376123188241123
221657,0.505842624113153
221658,0.5981247244581199
221659,0.4100744928893151
221660,0.8675353716236177
221661,0.8248030869780613
221662,0.16363892537530508
221663,0.5445571104576382
221664,0.906967971239109
221665,0.1082351230109853
221666,0.20505769903781912
221667,0.5467478104362765
221668,0.6364892442085074
221669,0.5331854686598098
221670,0.9328609541816463
221671,0.45853804864081155
221672,0.8012689697801574
221673,0.5212411542534576
221674,0.2545984246958245
221675,0.038596315806218494
221676,0.08196944837083732
221677,0.28579090177755756
221678,0.06727085141872821
221679,0.45826989241935995
221680,0.9389603719644943
221681,0.2973034392171656
221682,0.47486376300444044
221683,0.7470105126328851
221684,0.23064162057258172
221685,0.6119461324146332
221686,0.9199212802414315
221687,0.8185854986569464
221688,0.7078687943423583
221689,0.7872384908713259
221690,0.38180446411933405
221691,0.5421391594438713
221692,0.5895210002681562
221693,0.03407402020716204
221694,0.41516037105549014
221695,0.7742942719104086
221696,0.3511437544598015
221697,0.40330695706318936
221698,0.6679771476359075
221699,0.9820198981006358
221700,0.9072179473777503
221701,0.6869480640484317
221702,0.4000799923643652
221703,0.31743333590884504
221704,0.03267869885147327
221705,0.8057639952549984
221706,0.6359211166206863
221707,0.3080660482408497
221708,0.7442971352734512
221709,0.4044113970939137
221710,0.6531012948763982
221711,0.988982869816972
221712,0.6730812058848927
221713,0.9933460896914386
221714,0.559501138527686
221715,0.617677403520573
221716,0.5968384835992928
221717,0.9688120679389695
221718,0.09694983660650573
221719,0.25580740020270787
221720,0.9825289404193236
221721,0.46900523131882865
221722,0.9703391948950327
221723,0.8666945427936424
221724,0.20544857081824008
221725,0.45866530922048343
221726,0.7022420587125774
221727,0.6380390962680835
221728,0.16100735838851746
221729,0.5082060348784889
221730,0.2528576817667404
221731,0.2630930683889265
221732,0.086900795833125
221733,0.3624381309056863
221734,0.7703491939405784
221735,0.18435967475831855
221736,0.3416128460465137
221737,0.8640538857654497
221738,0.07716536148822158
221739,0.8786434022206971
221740,0.6816031197022103
221741,0.753859858831657
221742,0.9237390976315897
221743,0.6666227314665418
221744,0.09844514841765103
221745,0.5479522409224574
221746,0.7438835383895175
221747,0.8527776894023753
221748,0.5008749164852446
221749,0.4592379818290072
221750,0.6209634534885307
221751,0.7763758913921852
221752,0.49029410828966324
221753,0.3941396503061071
221754,0.7586730357556779
221755,0.6236222905995337
221756,0.46303307411565253
221757,0.7144954345267043
221758,0.24849446189227392
221759,0.4504024615832125
221760,0.6488335204366856
221761,0.1640979724662646
221762,0.6600597215720317
221763,0.8650401552579072
221764,0.763040800650847
221765,0.14976297717036102
221766,0.630753428081865
221767,0.829943505392667
221768,0.5535744315315357
221769,0.8223942260056994
221770,0.8511142118252348
221771,0.2348775798673763
221772,0.9944414396807577
221773,0.24687643452215924
221774,0.49841151526445204
221775,0.20009453643061345
221776,0.5975520518495961
221777,0.21854732048304482
221778,0.033174106108053325
221779,0.6554328904968163
221780,0.5981792647065507
221781,0.3546616004835902
221782,0.5529517636952836
221783,0.7614864035705683
221784,0.5545516109825881
221785,0.5444162148158584
221786,0.7096322623749552
221787,0.511919316792488
221788,0.007899245981065443
221789,0.11745242499579585
221790,0.5799900918548684
221791,0.20252157748578545
221792,0.6801396230359829
221793,0.6725676185455025
221794,0.32766417751032856
221795,0.3047481831279741
221796,0.158353066298217
221797,0.38883561114620874
221798,0.2316778852927675
221799,0.3520254884761
221800,0.36771944496207176
221801,0.928315933479077
221802,0.49503001986174044
221803,0.9517273351180114
221804,0.6969516546147868
221805,0.8441466950881962
221806,0.37340981088168856
221807,0.549170306470746
221808,0.13310547629544453
221809,0.3603292412996941
221810,0.5595965839624399
221811,0.6536785125056245
221812,0.1762059076179092
221813,0.5762586298580591
221814,0.726085237318256
221815,0.8657219083632925
221816,0.9414055931024766
221817,0.25969339290340465
221818,0.25772539893919216
221819,0.6020834374900578
221820,0.2929174942391862
221821,0.9587403020620758
221822,0.9305520836647411
221823,0.8941510128578637
221824,0.919789474641057
221825,0.28311842960444683
221826,0.44105789901873
221827,0.5648778980188255
221828,0.05819444507569732
221829,0.745819717208812
221830,0.12937401429863513
221831,0.0015044018525504383
221832,0.3032392362547211
221833,0.2537575958658491
221834,0.4240867917153362
221835,0.4099972275373714
221836,0.06652092300280427
221837,0.926016153003577
221838,0.6873889310565809
221839,0.39698937828661807
221840,0.27229219029092677
221841,0.22896450793333362
221842,0.5731907408838247
221843,0.7641225155780584
221844,0.15079469686984426
221845,0.0265156507787893
221846,0.4092791142663655
221847,0.8583726098872381
221848,0.02546575099649579
221849,0.48788070229659897
221850,0.5818490053222193
221851,0.0599306429840788
221852,0.9319110448548094
221853,0.5208730075765495
221854,0.7643088614268638
221855,0.22011535262543122
221856,0.12385635916571598
221857,0.5600783561569124
221858,0.8975461433226828
221859,0.2894541884638285
221860,0.5112466537285077
221861,0.7566505015430345
221862,0.12496079919644033
221863,0.13849132582798915
221864,0.23992255284722822
221865,0.23060526040696117
221866,0.7821707927879612
221867,0.8716667954422532
221868,0.05387213038755392
221869,0.6057967194040569
221870,0.47998600133623603
221871,0.7327346026061149
221872,0.8964417032919586
221873,0.29187213947759527
221874,0.4202007990146395
221875,0.10560810104490025
221876,0.7677812572436268
221877,0.11897955195185914
221878,0.7400702660200618
221879,0.6247130955681502
221880,0.8690034133105476
221881,0.9283659287068052
221882,0.6559192077119912
221883,0.24304498206989333
221884,0.32439176260447866
221885,0.1895864485662732
221886,0.9384558746665091
221887,0.53040846101054
221888,0.9890828602724285
221889,0.3179878284345585
221890,0.698869653351271
221891,0.7730625713000123
221892,0.41914635421164337
221893,0.648756255084742
221894,0.6086918975915935
221895,0.6544784361492767
221896,0.6833847678176175
221897,0.2964262502215697
221898,0.26200226342030986
221899,0.9103949168488462
221900,0.34774407897427967
221901,0.7102594752319097
221902,0.860663300321333
221903,0.9799382786188591
221904,0.16709314110925777
221905,0.617868294390081
221906,0.3810499906827075
221907,0.09254571154571609
221908,0.4024979433781321
221909,0.7109594084201054
221910,0.17919198621949722
221911,0.08077410792606159
221912,0.239808927329664
221913,0.7452197744760728
221914,0.7189041046081965
221915,0.7515100831284287
221916,0.3062753100840374
221917,0.6155730589352835
221918,0.03723735461615028
221919,0.9916371619072726
221920,0.6278491598529231
221921,0.046577372159930186
221922,0.4236913749142127
221923,0.6847664541111985
221924,0.7666768172129024
221925,0.5369260206980243
221926,0.7808391017221084
221927,0.47904063703010163
221928,0.38967643997618406
221929,0.451452361365506
221930,0.7065507383386133
221931,0.511623890446821
221932,0.9291840324332677
221933,0.9004458665309221
221934,0.7194631421546125
221935,0.738611314374537
221936,0.891655796492153
221937,0.05369487458015371
221938,0.7500738565864168
221939,0.5341762831729698
221940,0.657609955413347
221941,0.14585425936615143
221942,0.025552106389844606
221943,0.8707805164052522
221944,0.08772798960099262
221945,0.26945155235182094
221946,0.16565236954654328
221947,0.8200217251989583
221948,0.5938478599770022
221949,0.7258943464487481
221950,0.3291640343421764
221951,0.9118175083287505
221952,0.02859272523986347
221953,0.5977429427191041
221954,0.3518482326686998
221955,0.09314565427845524
221956,0.9695756314170012
221957,0.7389158307616092
221958,0.40851555078833385
221959,0.06318033278641583
221960,0.1609300930365738
221961,0.03360133805409484
221962,0.9181259970639167
221963,0.6782125342580936
221964,0.5143327227855523
221965,0.3639107176133187
221966,0.4092882043077706
221967,0.12493807409292748
221968,0.9786474927393294
221969,0.3310184027888247
221970,0.21232973216193002
221971,0.6287808890969498
221972,0.23337772303552845
221973,0.23415946659637035
221974,0.9218529140400236
221975,0.7122592843410401
221976,0.25742088255212
221977,0.6568691170388282
221978,0.06980242795005931
221979,0.983896991650797
221980,0.6515605328582272
221981,0.1559851105121784
221982,0.7150272019489049
221983,0.84226051149663
221984,0.45491112212016127
221985,0.9304975434163103
221986,0.9054408442830457
221987,0.5993927852341369
221988,0.9821062534939847
221989,0.5184186963971622
221990,0.21098895105467205
221991,0.7934651692338459
221992,0.23560932820048994
221993,0.3439080815013112
221994,0.6410160848282663
221995,0.4605742179155626
221996,0.10321287513464623
221997,0.7979829198121998
221998,0.5403756914112744
221999,0.015571240927002421
222000,0.779630126215225
222001,0.5994200553583522
222002,0.5159007549279386
222003,0.7623681375868667
222004,0.7072324914439986
222005,0.9020275337354162
222006,0.6611005313129201
222007,0.7778302980170075
222008,0.6641366051422365
222009,0.6950472909404102
222010,0.7311438453602156
222011,0.9135446161957268
222012,0.22754191645342944
222013,0.27640543402675194
222014,0.07755623326864253
222015,0.1585439571677249
222016,0.8272255830125307
222017,0.13806409388194762
222018,0.5788674717413338
222019,0.579867376295899
222020,0.9643397675676414
222021,0.11897955195185914
222022,0.8219715390803606
222023,0.017480149622081533
222024,0.024820358056730947
222025,0.4305634462164975
222026,0.19995818580953637
222027,0.7666768172129024
222028,0.5291222201517127
222029,0.3205921252971307
222030,0.1415092195744952
222031,0.48904877261715923
222032,0.5262134069020685
222033,0.6359620218070093
222034,0.22762827184677828
222035,0.326214315906209
222036,0.26056603687829794
222037,0.06672090391371732
222038,0.7294121924725367
222039,0.5810990769062954
222040,0.22500579490139577
222041,0.9910372191745334
222042,0.9192031669704256
222043,0.09633625881165889
222044,0.789138309525
222045,0.30775244181237243
222046,0.1124119970366465
222047,0.9605492203016985
222048,0.8898423332318278
222049,0.878634312179292
222050,0.31452452265920067
222051,0.5051881411319828
222052,0.8280755018839111
222053,0.18493234736684228
222054,0.5571059126174319
222055,0.8864881079533318
222056,0.0938910376736766
222057,0.5930297562505398
222058,0.7706582553483532
222059,0.07515646233768594
222060,0.6488880606851164
222061,0.0406097599774567
222062,0.5553106294399172
222063,0.347435017566505
222064,0.21626572009035502
222065,0.05610373555251544
222066,0.518736847846342
222067,0.9900236795578604
222068,0.9813881402229787
222069,0.34654873852950396
222070,0.055149281204975885
222071,0.2595343171788147
222072,0.9277159907463378
222073,0.2810277200812649
222074,0.06281218610950771
222075,0.9113311911135755
222076,0.09539089450552446
222077,0.4019434508524186
222078,0.8839292612977852
222079,0.6739402147976784
222080,0.3344726185227773
222081,0.9360106535285269
222082,0.1654751137391431
222083,0.2859408874607423
222084,0.8397743851723245
222085,0.46211497993373357
222086,0.6872889406011244
222087,0.13109657714490888
222088,0.4900895823580476
222089,0.05493566523195514
222090,0.985669549724799
222091,0.17056553692602072
222092,0.8674217461060535
222093,0.770353738961281
222094,0.6125006249403467
222095,0.7052235922934629
222096,0.5790538175901391
222097,0.9842969534726231
222098,0.06712086573554342
222099,0.17726489744160787
222100,0.6550965589648261
222101,0.5208639175351444
222102,0.7551188295662686
222103,0.501947541371051
222104,0.10988496552601797
222105,0.2404588652901314
222106,0.13033301366687727
222107,0.7201585303221056
222108,0.8147040509769522
222109,0.5997109366833167
222110,0.4300998541048354
222111,0.5420618940919276
222112,0.4034069475186459
222113,0.45859258888924237
222114,0.08785979520136714
222115,0.30675708227850973
222116,0.04392308006962972
222117,0.19339972093572885
222118,0.5009158216715678
222119,0.48754437076460877
222120,0.13252371364551566
222121,0.28031869685166416
222122,0.4959117538780389
222123,0.6507560641938724
222124,0.41142436403797816
222125,0.6712586525831626
222126,0.39770294653692145
222127,0.40364328859517956
222128,0.35260725112602886
222129,0.6143686284491026
222130,0.4250367010421732
222131,0.2293690147758623
222132,0.29428100044995703
222133,0.607928334113562
222134,0.2193017939196713
222135,0.6090009589993683
222136,0.6821121620208981
222137,0.0801832552347276
222138,0.8636084737365979
222139,0.4761727289667804
222140,0.9744160784652375
222141,0.6914749046681908
222142,0.305888983324319
222143,0.5115648051776877
222144,0.7614545884256504
222145,0.5375305084514661
222146,0.809736343349044
222147,0.013789592811595256
222148,0.11039400784470572
222149,0.40364328859517956
222150,0.8676944473482077
222151,0.8101863003985984
222152,0.049186214043204966
222153,0.19663123065525565
222154,0.7589775521427501
222155,0.18415060380600035
222156,0.5173687966148686
222157,0.25987973875221
222158,0.2515805309493184
222159,0.7460242431404276
222160,0.33301821189795516
222161,0.7945423391403548
222162,0.005963067161770921
222163,0.44383490666799985
222164,0.5527063325773449
222165,0.16675680957726763
222166,0.6330713886401753
222167,0.40830647983601565
222168,0.5019884465573742
222169,0.9215802127978694
222170,0.5889710527631454
222171,0.5208048322660109
222172,0.015289449643443125
222173,0.7699674122015626
222174,0.2557619499956822
222175,0.8771344553474442
222176,0.4059521591120847
222177,0.08873243917626045
222178,0.40139350334740775
222179,0.15171733607246582
222180,0.7591411728880425
222181,0.1823507756077829
222182,0.7285031883320229
222183,0.22179701028538185
222184,0.8173674331086578
222185,0.6589325564377947
222186,0.34738956735947935
222187,0.9856559146626913
222188,0.3211511628435467
222189,0.916898841474223
222190,0.6612277918925921
222191,0.25532562800823555
222192,0.5387076688134315
222193,0.13099658668945238
222194,0.42791824416760216
222195,0.34635330263929354
222196,0.10097672494898213
222197,0.5892392089845969
222198,0.7591275378259348
222199,0.5153644424850355
222200,0.6372891678521595
222201,0.9680530494816404
222202,0.08630085310038588
222203,0.76569963776185
222204,0.21758832111480267
222205,0.7884929165852351
222206,0.3732689152399089
222207,0.4064112062030442
222208,0.6270401461678659
222209,0.32020125351670975
222210,0.7962921721108439
222211,0.31818326432476896
222212,0.7425518473236645
222213,0.6354711595711319
222214,0.2566255039291704
222215,0.6406842983169788
222216,0.9692256648229033
222217,0.2710559446598279
222218,0.723003713281914
222219,0.6034014934938029
222220,0.29863058526231584
222221,0.4617695583603383
222222,0.9712845592011673
222223,0.35841124256320983
222224,0.29243117702401134
222225,0.26703814635875667
222226,0.8247939969366561
222227,0.8560319242254149
222228,0.7551642797732944
222229,0.20163529844878444
222230,0.46306034423986797
222231,0.9010639893464716
222232,0.4039705300857645
222233,0.2782507124319951
222234,0.4981388140222978
222235,0.9991637161907273
222236,0.8556637775485068
222237,0.7577276714495436
222238,0.7748942146431478
222239,0.24898986914885396
222240,0.04175510519450416
222241,0.2895178187536644
222242,0.667254489344199
222243,0.627376477699856
222244,0.41265606464837445
222245,0.3149199394603242
222246,0.644724821721563
222247,0.30822966898614224
222248,0.9943823544116244
222249,0.5698047004604107
222250,0.886369937415065
222251,0.4630058039914372
222252,0.9842878634312179
222253,0.6961653660332423
222254,0.852527713263734
222255,0.12245649278932465
222256,0.594620513496439
222257,0.44975706864344767
222258,0.20734384445121148
222259,0.3525572558983006
222260,0.8402061621390685
222261,0.5822080619577222
222262,0.6870389644624831
222263,0.5536426068420742
222264,0.18020098081546762
222265,0.08516914294544611
222266,0.40432504170056494
222267,0.17732398271074126
222268,0.6362665381940815
222269,0.7605228591816235
222270,0.9909735888846973
222271,0.6756900477681677
222272,0.21997900200435413
222273,0.5288131587439381
222274,0.08670081492221196
222275,0.3294049204394126
222276,0.6074011117120638
222277,0.1512037487330755
222278,0.716377073097568
222279,0.26235677503511023
222280,0.5648006326668817
222281,0.12097027101958449
222282,0.8674126560646485
222283,0.951204657737216
222284,0.5168324841719655
222285,0.6420432595070471
222286,0.3658014462255875
222287,0.1277378068457102
222288,0.9412283372950765
222289,0.9690711341190159
222290,0.5662913994573245
222291,0.15417619227255583
222292,0.9285386394935029
222293,0.41641025174869667
222294,0.9991500811286196
222295,0.11583894264638374
222296,0.47612727875975475
222297,0.36893751051036033
222298,0.4236322896450793
222299,0.41554215279450596
222300,0.4806313942760009
222301,0.7469696074465619
222302,0.1156389617354707
222303,0.3063662104980888
222304,0.6891523990891779
222305,0.9350334740774745
222306,0.3563023529572177
222307,0.5507883338408607
222308,0.5486021788829248
222309,0.46676453611246194
222310,0.6292172110843965
222311,0.5072015853032211
222312,0.14935392530712976
222313,0.6721949268478918
222314,0.8173856131914681
222315,0.5150235659323429
222316,0.41972357184086967
222317,0.7589820971634526
222318,0.4745319764931529
222319,0.10802605205866712
222320,0.5257361797282988
222321,0.010876234541248335
222322,0.7327346026061149
222323,0.6962153612609705
222324,0.09895419073633879
222325,0.4225096695315447
222326,0.2801187159407511
222327,0.381045445662005
222328,0.9153717145181597
222329,0.07660177892110298
222330,0.33595884029251755
222331,0.8975870485090061
222332,0.07202039805291312
222333,0.009394557792210743
222334,0.6908976870389645
222335,0.18975461433226828
222336,0.4507706082601206
222337,0.11677976193181559
222338,0.4925620736202453
222339,0.22820548947600455
222340,0.9971366369573813
222341,0.9723026438385427
222342,0.7404384126969699
222343,0.7956467791710791
222344,0.2730648438103635
222345,0.16947927697810664
222346,0.4172874407442925
222347,0.9214574972389
222348,0.8199171897227993
222349,0.7198403788729258
222350,0.7937515055381077
222351,0.14143195422255148
222352,0.2431495175460524
222353,0.26583371587257576
222354,0.565273314819949
222355,0.11469359742933628
222356,0.9994864126606098
222357,0.510505815353989
222358,0.9426054785679548
222359,0.035992018943646294
222360,0.7168770253748507
222361,0.714213643243145
222362,0.9145808809159126
222363,0.6842255966475927
222364,0.16221633389540088
222365,0.7882156703223783
222366,0.4665963703464669
222367,0.7139091268560729
222368,0.6662000445412029
222369,0.09480458683489303
222370,0.5253134928029597
222371,0.8499915917117002
222372,0.1073488439739843
222373,0.8254939301248517
222374,0.02006626640184346
222375,0.27257398157448604
222376,0.8983869721526582
222377,0.29531272014944027
222378,0.5624326768808432
222379,0.282800278155267
222380,0.7298030642529577
222381,0.45611100758563955
222382,0.27827343753550793
222383,0.3020984360583762
222384,0.18596406706632548
222385,0.22996895750860147
222386,0.24900350421096168
222387,0.8737665950068403
222388,0.6367255852850411
222389,0.8100181346326033
222390,0.030887960694660963
222391,0.28030051676885387
222392,0.6654228460010636
222393,0.6787579367424019
222394,0.02424314042750465
222395,0.9351834597606592
222396,0.166225042155067
222397,0.44016252994032384
222398,0.7823662286781716
222399,0.7590775425982066
222400,0.46925520745746996
222401,0.48573090750428366
222402,0.215970293744688
222403,0.5518427786438568
222404,0.4390535448888969
222405,0.5853214011389822
222406,0.7011557987646634
222407,0.6532149203939625
222408,0.15503974620604397
222409,0.606882979351971
222410,0.4684961890001409
222411,0.9241117893292005
222412,0.096999831834234
222413,0.25977065825534834
222414,0.34219460869644264
222415,0.17976920384872352
222416,0.7007331118393244
222417,0.7289667804436849
222418,0.6376027742806368
222419,0.692442994077838
222420,0.9344562564482481
222421,0.09969502911085759
222422,0.5081560396507606
222423,0.32379636489244207
222424,0.312611068943419
222425,0.8360247430927048
222426,0.7344935256180092
222427,0.3780502770190118
222428,0.6830302562028171
222429,0.4200008181037264
222430,0.10763518027824616
222431,0.8246076510878508
222432,0.31419273614791315
222433,0.6721676567236764
222434,0.8105953522618297
222435,0.5589148308570546
222436,0.6278355247908155
222437,0.8778162084528296
222438,0.6234359447507284
222439,0.1535853395812218
222440,0.5475795492248468
222441,0.986851255107467
222442,0.7318346885070062
222443,0.3962167247671813
222444,0.024593107021602483
222445,0.5817353798046551
222446,0.6099235982019898
222447,0.7128410469909691
222448,0.7692856590961773
222449,0.335795219547225
222450,0.28936328804977707
222451,0.6150185664095701
222452,0.05855804673190286
222453,0.18531867412656064
222454,0.5369169306566192
222455,0.8876698133359998
222456,0.018302798369246573
222457,0.26480654119379515
222458,0.7333481804009618
222459,0.29714890851327824
222460,0.08402834274910122
222461,0.5868712531985583
222462,0.025115784402397954
222463,0.7002240695206366
222464,0.45764722458310797
222465,0.8392244376673137
222466,0.13299639579858286
222467,0.9112402906995242
222468,0.4330132123751823
222469,0.3651560532858227
222470,0.7784075156462338
222471,0.27530099399602764
222472,0.6841892364819722
222473,0.9271433181378141
222474,0.4898577863022166
222475,0.8474009299112357
222476,0.5318583226146596
222477,0.15071743151790057
222478,0.35312992850682434
222479,0.656691861231428
222480,0.257093641061535
222481,0.8270392371637253
222482,0.6089100585853169
222483,0.19657669040682482
222484,0.8664309315928934
222485,0.7241808736438795
222486,0.5470614168647538
222487,0.6660364237959104
222488,0.517037010103581
222489,0.5126465201048991
222490,0.6031242472309462
222491,0.20456229178123905
222492,0.5027247399111903
222493,0.6287445289313293
222494,0.939796655773767
222495,0.8626949245753814
222496,0.7195676776307716
222497,0.6264356584144241
222498,0.1738379518318706
222499,0.3610064493843769
222500,0.7608682807550189
222501,0.24508569636534694
222502,0.31232473263915717
222503,0.24079519682212153
222504,0.31595620418051
222505,0.592952490898596
222506,0.10123124610832601
222507,0.6703814635875667
222508,0.7419382695288177
222509,0.24089973229828063
222510,0.594293272005854
222511,0.43755823307775166
222512,0.22091527626908342
222513,0.45316583417037465
222514,0.9682030351648252
222515,0.2821594302362047
222516,0.010539903009258205
222517,0.45353852586798526
222518,0.7056553692602071
222519,0.22056530967498558
222520,0.4377082187609364
222521,0.085096422614205
222522,0.7865476477245353
222523,0.6836711041218793
222524,0.14657691765785993
222525,0.10041314238186354
222526,0.17731489266933612
222527,0.028765436026561102
222528,0.015639416237540966
222529,0.7985737725035338
222530,0.1995400439049
222531,0.5993564250685162
222532,0.6808577363069889
222533,0.15518973188922874
222534,0.222987805709455
222535,0.9006413024211325
222536,0.9885647279123357
222537,0.5933888128860427
222538,0.7358888469736979
222539,0.5174097018011917
222540,0.9234073111203022
222541,0.6215770312833776
222542,0.8478917921471133
222543,0.7292849318928648
222544,0.3066480017816481
222545,0.8380063721190251
222546,0.4161875457342708
222547,0.5015566695906299
222548,0.6078601588030234
222549,0.14936756036923748
222550,0.4521795646779171
222551,0.25815263088523366
222552,0.27546006972061754
222553,0.41166979515591695
222554,0.9996545784266048
222555,0.4519250435185732
222556,0.22285145508837792
222557,0.7503101976629504
222558,0.7915289904145514
222559,0.6432385999518229
222560,0.4364810631712427
222561,0.9926052513169198
222562,0.0405052245012976
222563,0.8209170942773645
222564,0.8290026861072352
222565,0.9732298280618669
222566,0.7753169015684866
222567,0.8608451011494358
222568,0.6380709114130014
222569,0.5106603460578764
222570,0.34302634748501276
222571,0.8419696301716655
222572,0.5133782684380128
222573,0.8832020579853741
222574,0.24281773103476487
222575,0.4145513382813458
222576,0.8423695919934915
222577,0.34816676589961865
222578,0.4041750560173802
222579,0.6764581562669019
222580,0.4042159612037033
222581,0.8551274651056036
222582,0.9742570027406475
222583,0.1679021547943151
222584,0.2024897623408675
222585,0.7733579976456793
222586,0.5613100567673086
222587,0.13190559082996622
222588,0.45037519145899707
222589,0.27935969748342204
222590,0.8252530440276156
222591,0.3061071443180423
222592,0.19114993568795707
222593,0.1891183114339086
222594,0.11371641797828388
222595,0.03702373864312952
222596,0.5404620468046232
222597,0.8620222615114013
222598,0.8426104780907276
222599,0.9087541643752187
222600,0.6880025088514278
222601,0.20771653614882216
222602,0.18236895569059317
222603,0.08940055721953813
222604,0.5266315488067049
222605,0.1292149385740452
222606,0.31084760091082214
222607,0.8675353716236177
222608,0.6809168215761223
222609,0.522936446975516
222610,0.1566214134105381
222611,0.34849400739020364
222612,0.279686938974007
222613,0.40249339835742953
222614,0.28713168288481555
222615,0.4199053726689725
222616,0.42268238031824235
222617,0.48195854032115115
222618,0.7079642397771122
222619,0.8911558442148704
222620,0.06636184727821434
222621,0.6393162470855055
222622,0.9775066925429846
222623,0.37983192513441894
222624,0.7290304107335209
222625,0.3618200080901368
222626,0.561864549293022
222627,0.8571000040905187
222628,0.26742447311847506
222629,0.3353134473527527
222630,0.4105017248353566
222631,0.8481508583271596
222632,0.41910999404602284
222633,0.7935015293994664
222634,0.39740752019125447
222635,0.7827616454792952
222636,0.6862844910258566
222637,0.09738615859395239
222638,0.5484794633239555
222639,0.21147981329054955
222640,0.1794919575858668
222641,0.05686729903054709
222642,0.5143827180132805
222643,0.42347775894119194
222644,0.8201808009235483
222645,0.58468055321992
222646,0.2863817544688916
222647,0.33490894051022396
222648,0.8981279059726118
222649,0.287358933919944
222650,0.15105376304989068
222651,0.6959290249567087
222652,0.7618545502474764
222653,0.7152453629426282
222654,0.054290272292190286
222655,0.9110539448507188
222656,0.9458233532253739
222657,0.8718576863117612
222658,0.2451038764481572
222659,0.5694410988042051
222660,0.3169651987764804
222661,0.4376264083882902
222662,0.4473254825675731
222663,0.9389876420887098
222664,0.22047895428163677
222665,0.6656773671604075
222666,0.5236636502879272
222667,0.6601369869239755
222668,0.4057158180355512
222669,0.21617027465560104
222670,0.6082783007076598
222671,0.2954218006463019
222672,0.6323396403070617
222673,0.5700501315783494
222674,0.22732375545970612
222675,0.7187450288836066
222676,0.5903436490153213
222677,0.2737238718122361
222678,0.7039328064139333
222679,0.9910508542366411
222680,0.10888960599215529
222681,0.22206971152753602
222682,0.17093368360292882
222683,0.8606087600729021
222684,0.3840497043464033
222685,0.4187645724726276
222686,0.0990587262124979
222687,0.0906186227678267
222688,0.23551842778643856
222689,0.27827343753550793
222690,0.11536171547261397
222691,0.3521436590143668
222692,0.6089918689579632
222693,0.6371528172310825
222694,0.7980465501020357
222695,0.266960881006813
222696,0.28938146813258736
222697,0.5111739333972666
222698,0.4126833347725899
222699,0.8652037760031998
222700,0.14343630835238455
222701,0.5251089668713441
222702,0.8884561019175443
222703,0.6145595193186105
222704,0.906608914603606
222705,0.8481554033478623
222706,0.5637143727189678
222707,0.7274351084669191
222708,0.6881115893482895
222709,0.20012180655482886
222710,0.5476977197631135
222711,0.7798846473745688
222712,0.5353216283900174
222713,0.5696592597979284
222714,0.49729344017161997
222715,0.8078319796746675
222716,0.48080865008340107
222717,0.6585280495952659
222718,0.8687398021097986
222719,0.3362042714104562
222720,0.6096281718563228
222721,0.7329891237654588
222722,0.5733452715877122
222723,0.3501120347603183
222724,0.40874734684416486
222725,0.1599483685648188
222726,0.49437553688057045
222727,0.5519336790579081
222728,0.28151403729643987
222729,0.3974575154189827
222730,0.4781770830966135
222731,0.3081524036341985
222732,0.38157266806350304
222733,0.4562200880825012
222734,0.8943646288308843
222735,0.6208043777639407
222736,0.08148767617636497
222737,0.6200453593066116
222738,0.35409347289576903
222739,0.5657914471800419
222740,0.07860158803023347
222741,0.7601456224633103
222742,0.246562828093682
222743,0.7561369142036443
222744,0.4552429086314488
222745,0.9375877757123183
222746,0.0058448966235041195
222747,0.3479849650715159
222748,0.3322228332750055
222749,0.7802437040100718
222750,0.3017484694642784
222751,0.3804954981569941
222752,0.6898886924429941
222753,0.8343385404120516
222754,0.5792401634389445
222755,0.3397857477240808
222756,0.6676499061453225
222757,0.9109175942296417
222758,0.21753378086637185
222759,0.9942550938319524
222760,0.8407833797682949
222761,0.7994736866026425
222762,0.5582785279586949
222763,0.583635198458329
222764,0.7180632757782213
222765,0.3244599379150172
222766,0.09144127151499173
222767,0.16615232182382592
222768,0.09768612996032197
222769,0.4838765390576354
222770,0.8146495107285214
222771,0.8190400007272033
222772,0.007122047440926094
222773,0.9565814172283555
222774,0.9732434631239745
222775,0.04345039791656251
222776,0.37470514178192077
222777,0.8468827975511429
222778,0.18253712145658824
222779,0.3692238468146222
222780,0.1794919575858668
222781,0.32447357297712487
222782,0.46918248712622884
222783,0.464210234477618
222784,0.5366396843937624
222785,0.19989910054040297
222786,0.7875611873412084
222787,0.7485194595061381
222788,0.5846305579921918
222789,0.5454252094118288
222790,0.5356443248598998
222791,0.3928624994886852
222792,0.792874316542512
222793,0.16037105549015776
222794,0.44328495916298893
222795,0.18053731234745773
222796,0.6382527122411042
222797,0.27195131373823406
222798,0.8689670531449272
222799,0.1142481854004845
222800,0.7509737706855254
222801,0.3609382740738384
222802,0.8726894251003313
222803,0.5814217733761777
222804,0.743042709559542
222805,0.3389585539562132
222806,0.016530240295244546
222807,0.7247308211488903
222808,0.42095072743056344
222809,0.5638416332986397
222810,0.9047909063225784
222811,0.4399580040087082
222812,0.27905518109634986
222813,0.8512596524877172
222814,0.2617613773230737
222815,0.8681943996254904
222816,0.4164966071420455
222817,0.5496520786652183
222818,0.3408901877548052
222819,0.4177692129387649
222820,0.698996913930943
222821,0.915662595843124
222822,0.7180041905090877
222823,0.15235363897082552
222824,0.39418055549243025
222825,0.1396821212520623
222826,0.8438785388667445
222827,0.04177328527731444
222828,0.2040850646074693
222829,0.06822985078697033
222830,0.5638961735470706
222831,0.15576694951845504
222832,0.4718231441544216
222833,0.053603974166102325
222834,0.16265720090355013
222835,0.6624685825443936
222836,0.0121397502965626
222837,0.6934292635702956
222838,0.593502438403607
222839,0.7842433222283328
222840,0.43644924802632473
222841,0.6157275896391708
222842,0.4566791351734607
222843,0.15570786424932165
222844,0.5100967634907577
222845,0.5049927052417724
222846,0.11279832379636488
222847,0.7731171115484431
222848,0.1423773185286859
222849,0.9259479776930384
222850,0.7162225423936807
222851,0.2335458888015235
222852,0.08206943882629385
222853,0.45669277023556837
222854,0.6880479590584535
222855,0.4550111125756177
222856,0.3405765813263279
222857,0.5118102362956263
222858,0.9562723558205809
222859,0.16762945355216094
222860,0.528317751487358
222861,0.1340917457879021
222862,0.5219638125451662
222863,0.4638239077178996
222864,0.67420837101913
222865,0.4285272769417464
222866,0.26307943332681877
222867,0.47060507860613304
222868,0.5608010144486208
222869,0.0002499761386413115
222870,0.5808036505606283
222871,0.28900423141427406
222872,0.9695892664791088
222873,0.2977352161839097
222874,0.39350789242845
222875,0.7514737229628081
222876,0.9073679330609351
222877,0.5160461955904209
222878,0.7630953408992778
222879,0.34575790492725694
222880,0.007803800546311489
222881,0.8549502092982034
222882,0.4999977274896487
222883,0.5498793297003468
222884,0.2863226691997582
222885,0.4755682412133387
222886,0.5094331904681827
222887,0.03656469155217002
222888,0.7436790124579018
222889,0.6201044445757451
222890,0.21593393357906746
222891,0.9187077597138456
222892,0.4219279068816158
222893,0.6300716749764795
222894,0.7877157180450957
222895,0.4894987296667136
222896,0.5711000313606428
222897,0.36344712550165664
222898,0.8302389317383342
222899,0.4195963112611978
222900,0.0749701164888806
222901,0.627608273755687
222902,0.25423027801891634
222903,0.3552342730921139
222904,0.38529958503960987
222905,0.06281218610950771
222906,0.4106926157048645
222907,0.6775898664218415
222908,0.5359715663504848
222909,0.8111407547461379
222910,0.3692420268974325
222911,0.4502752010035405
222912,0.3832634157648588
222913,0.10074947391385368
222914,0.5047381840824285
222915,0.7946241495130011
222916,0.09190486362665382
222917,0.806463928443194
222918,0.5989837333709056
222919,0.9821380686389026
222920,0.00428140950182028
222921,0.5344126242495034
222922,0.7937696856209181
222923,0.7415292176655865
222924,0.6369437462787644
222925,0.29947595911299374
222926,0.5133191831688794
222927,0.3046527376932202
222928,0.13095568150312925
222929,0.0526313397357525
222930,0.2120206707541553
222931,0.11512537439608038
222932,0.05710818512778326
222933,0.7903972802596116
222934,0.6099190531812873
222935,0.46538739483958347
222936,0.5308947782257148
222937,0.13209648169947413
222938,0.4155694229187214
222939,0.18585498656946384
222940,0.7655860122442858
222941,0.2693470168756618
222942,0.43699010548993045
222943,0.7668904331859232
222944,0.18505051790510907
222945,0.6538648583544298
222946,0.9206257584503298
222947,0.9460142440948819
222948,0.4203280595943114
222949,0.6451156935019839
222950,0.7115229909872239
222951,0.5939342153703511
222952,0.5139963912535621
222953,0.3950986496743492
222954,0.3668786161320965
222955,0.9578131178387519
222956,0.09188668354384354
222957,0.8132541893728326
222958,0.46102417496511694
222959,0.5289267842615023
222960,0.827043782184428
222961,0.8969552906313488
222962,0.9907736079737843
222963,0.11006222133341816
222964,0.40578853836679224
222965,0.7138045913799138
222966,0.4363447125501656
222967,0.013126019789020138
222968,0.4210734429895328
222969,0.2647838160902823
222970,0.1631662432222379
222971,0.29504456392798867
222972,0.4435394803223328
222973,0.5254362083619292
222974,0.1962676289990501
222975,0.9126265220138078
222976,0.74749682984806
222977,0.8087182587116685
222978,0.15467614454983844
222979,0.7681494039205349
222980,0.26161593666059146
222981,0.3866812713331909
222982,0.6102462946718723
222983,0.948514005481295
222984,0.3884901895728135
222985,0.36045195685866344
222986,0.7750532903677377
222987,0.41644661191431726
222988,0.4032115116284355
222989,0.047172769871966766
222990,0.5337126910613079
222991,0.15138554956117825
222992,0.8794933210920777
222993,0.6096327168770254
222994,0.05678548865790084
222995,0.8159493866494562
222996,0.4904804541384686
222997,0.21479767840342515
222998,0.4776816758400334
222999,0.37661859549770244
223000,0.39595765858713483
223001,0.6798441966903159
223002,0.1548306752537258
223003,0.3637016466610005
223004,0.3656332804595925
223005,0.08958690306834347
223006,0.032219651760513765
223007,0.2508669626990151
223008,0.6946018789115584
223009,0.622099708664173
223010,0.9900554947027783
223011,0.9360015634871217
223012,0.8471509537725944
223013,0.11891592166202317
223014,0.33733143654469344
223015,0.21721562941719202
223016,0.5537835024838539
223017,0.18865017430154396
223018,0.9464369310202208
223019,0.12575617781938997
223020,0.3774912394725958
223021,0.22875998200171802
223022,0.2612432449629808
223023,0.1954813404175056
223024,0.9537816844755729
223025,0.848687170770063
223026,0.5295494520977543
223027,0.5649824334949846
223028,0.2837320073992937
223029,0.23007349298476054
223030,0.5653005849441645
223031,0.9554815222183337
223032,0.26351121029356284
223033,0.6611414364992433
223034,0.35761131891955766
223035,0.9711345735179824
223036,0.9892737511419365
223037,0.24289045136600598
223038,0.9853968484826449
223039,0.8138041368778435
223040,0.28943600838101813
223041,0.10906231677885292
223042,0.7739488503370133
223043,0.1396230359829289
223044,0.43700828557274074
223045,0.3975529608537367
223046,0.4159239345335218
223047,0.3765686002699742
223048,0.535598874652874
223049,0.9835652051395094
223050,0.643479486049059
223051,0.5303221056171911
223052,0.9108448738984006
223053,0.23244599379150174
223054,0.8765526926975152
223055,0.3102749283022984
223056,0.16965198776480428
223057,0.2478763390767245
223058,0.6631457906290764
223059,0.710668527095141
223060,0.4352584526022516
223061,0.397971102758373
223062,0.37299166897705216
223063,0.7280395962203607
223064,0.009903600110898504
223065,0.635512064757455
223066,0.35428436376527694
223067,0.40689297839751654
223068,0.13057389976411343
223069,0.9788292935674322
223070,0.7887928879516046
223071,0.9056453702146613
223072,0.5089468732530077
223073,0.11202567027692811
223074,0.22203335136191546
223075,0.2323187332118298
223076,0.45356125097149813
223077,0.6174092472991215
223078,0.5046563737097823
223079,0.2174065202866999
223080,0.043486758082183066
223081,0.4036614686779898
223082,0.1284604651374187
223083,0.8072593070661437
223084,0.43288140677480785
223085,0.6242904086428114
223086,0.2538348612177928
223087,0.7999690938592225
223088,0.8945736997832026
223089,0.8177446698269711
223090,0.8227351025583921
223091,0.43946714177283075
223092,0.038159993818771845
223093,0.2963489848696261
223094,0.7539189441007904
223095,0.8894469164307043
223096,0.6478018007372024
223097,0.3203739643034074
223098,0.9812699696847119
223099,0.6612050667890792
223100,0.17998736484244685
223101,0.9810018134632603
223102,0.6341621936087919
223103,0.9515864394762319
223104,0.8020916185273224
223105,0.7302802914267275
223106,0.4782498034278546
223107,0.21046172865317403
223108,0.7723626381118166
223109,0.6404752273646607
223110,0.6182091709427736
223111,0.702278418878198
223112,0.30343012712422907
223113,0.5832806868435286
223114,0.2387862976715859
223115,0.6442385045063881
223116,0.13748687625272132
223117,0.6884797360251976
223118,0.8980642756827758
223119,0.4017207448379927
223120,0.895128192308916
223121,0.7701537580503679
223122,0.02287054417532872
223123,0.4678780661845915
223124,0.8988732893678331
223125,0.9658714395444071
223126,0.5123738188627449
223127,0.928547729534908
223128,0.774680598670127
223129,0.22446039241708746
223130,0.8513778230259839
223131,0.5537062371319101
223132,0.3038300889460551
223133,0.20149894782770736
223134,0.042718649583448856
223135,0.44728457738124994
223136,0.01883002077074461
223137,0.38330886597188446
223138,0.27436471973129833
223139,0.5761540943819
223140,0.4026842892269374
223141,0.8673717508783253
223142,0.6638229987137592
223143,0.3467532644611196
223144,0.5512746510560357
223145,0.9726753355361534
223146,0.5498566045968339
223147,0.7069597902018444
223148,0.12946945973338908
223149,0.8930874780134624
223150,0.20458501688475192
223151,0.3994255093831952
223152,0.21620208980051905
223153,0.6171547261397775
223154,0.6851618709123221
223155,0.2444403034255821
223156,0.5683730189391013
223157,0.054612968762072715
223158,0.513132837320074
223159,0.30522995532244646
223160,0.2669699710482181
223161,0.8746074238368157
223162,0.32816867480831374
223163,0.27026056603687826
223164,0.2111889319655851
223165,0.9240617941014722
223166,0.34918939555769674
223167,0.19253616700224072
223168,0.12821048899877738
223169,0.26164320678480685
223170,0.8633494075565514
223171,0.41663750278382516
223172,0.05621736107007968
223173,0.5237818208261938
223174,0.7481740379327427
223175,0.9011139845741998
223176,0.9070770517359706
223177,0.7564914258184445
223178,0.14611332554619788
223179,0.17146545102512945
223180,0.9042818640038905
223181,0.7085505474477436
223182,0.6884206507560642
223183,0.30027588275664596
223184,0.7408247394566883
223185,0.9764295226364756
223186,0.3357043191331736
223187,0.37799119174987844
223188,0.4103426491107667
223189,0.4801996173092568
223190,0.3180423686829893
223191,0.8422286963517119
223192,0.4870262384045159
223193,0.9499047818162811
223194,0.34431713336454245
223195,0.791142663654833
223196,0.9041364233414083
223197,0.3996573054390262
223198,0.33013666877252623
223199,0.8829384467846252
223200,0.7947650451547807
223201,0.3929443098613314
223202,0.5134873489348744
223203,0.6391753514437258
223204,0.8199035546606914
223205,0.8555183368860245
223206,0.3503801909817699
223207,0.8349430281654934
223208,0.5675458251712338
223209,0.02760645574740593
223210,0.6106962517214266
223211,0.697192540712023
223212,0.9883556569600175
223213,0.2983260688752437
223214,0.31550170211025313
223215,0.934838038187264
223216,0.8099635943841724
223217,0.966812258829839
223218,0.520941182887088
223219,0.01422591479904191
223220,0.5077606228496371
223221,0.26808350112034757
223222,0.0017452879497866114
223223,0.19176805850350648
223224,0.45274769226573824
223225,0.0165666004608651
223226,0.167174951481904
223227,0.6196272174019753
223228,0.8884288317933289
223229,0.7308302389317384
223230,0.49979320155803303
223231,0.366355938751301
223232,0.11636162002717922
223233,0.12378363883447488
223234,0.612582435312993
223235,0.7837842751373733
223236,0.3201921634753046
223237,0.8743847178223897
223238,0.20126715177187632
223239,0.24829902600206344
223240,0.4989660077901654
223241,0.9603401493493804
223242,0.022597842933174562
223243,0.031010676253630336
223244,0.6381163616200272
223245,0.6499515955295176
223246,0.31267924425395754
223247,0.22418314615423074
223248,0.34733502711104847
223249,0.7815935751587348
223250,0.9641943269051592
223251,0.8133314547247763
223252,0.4195508610541721
223253,0.37662314051840506
223254,0.8496461701383049
223255,0.5625053972120844
223256,0.3661650478817931
223257,0.4393398811931588
223258,0.4988978324796269
223259,0.550974679689666
223260,0.0496543511755696
223261,0.49529363106248947
223262,0.7786211316192546
223263,0.19018639129901238
223264,0.6283582021716109
223265,0.9797610228114589
223266,0.7377523054617513
223267,0.5700228614541339
223268,0.597111184841447
223269,0.0038859927006967515
223270,0.46727357843114975
223271,0.3514891760331968
223272,0.530481181341781
223273,0.37740033905854437
223274,0.402920630303471
223275,0.5290540448411742
223276,0.3368860245158416
223277,0.6007108412378819
223278,0.4878125269860604
223279,0.846987333027302
223280,0.3238645402029806
223281,0.10083128428649993
223282,0.7902518395971294
223283,0.15206275764586108
223284,0.9809472732148294
223285,0.9426100235886575
223286,0.9116902477490786
223287,0.1964130696615323
223288,0.32511442089618714
223289,0.30603896900750377
223290,0.2662291326736993
223291,0.725135327991419
223292,0.8838883561114621
223293,0.6187454833856769
223294,0.24486753537162362
223295,0.43673558433058657
223296,0.05156325987064871
223297,0.16022561482767553
223298,0.6791169933779049
223299,0.016475700046813715
223300,0.2023943169061135
223301,0.8587089414192282
223302,0.5199094631876048
223303,0.4538975825034883
223304,0.13085569104767272
223305,0.11098486053603973
223306,0.15638507233400448
223307,0.45791992582526214
223308,0.606460292426632
223309,0.07931515628053686
223310,0.8445557469514273
223311,0.9959549315747134
223312,0.8940828375473251
223313,0.29249480731384725
223314,0.48149949323019164
223315,0.6644774816949292
223316,0.5731861958631222
223317,0.2829911690247749
223318,0.5224728548638539
223319,0.9266479108812341
223320,0.9488685170960954
223321,0.7122365592375273
223322,0.45856077374432436
223323,0.5581558123997256
223324,0.20928911331191113
223325,0.5325128055958296
223326,0.9394830493452898
223327,0.6891523990891779
223328,0.1432045122965535
223329,0.9271614982206244
223330,0.14327268760709205
223331,0.701392139841197
223332,0.3807909245026611
223333,0.24652192290735886
223334,0.7600365419664487
223335,0.3106158048549911
223336,0.7593775139645761
223337,0.4833765867803528
223338,0.9246890069584267
223339,0.6189454642965898
223340,0.2832502352048213
223341,0.8999004640466137
223342,0.40680662300416776
223343,0.39292612977852115
223344,0.3086841710563991
223345,0.7056099190531814
223346,0.9553133564523387
223347,0.4680462319505865
223348,0.34929393103385586
223349,0.2139704846355575
223350,0.0802559755659687
223351,0.026161139163988892
223352,0.7952195472250376
223353,0.3283277505329037
223354,0.2423677739852105
223355,0.11946586916703404
223356,0.31611982492580254
223357,0.37637770940046633
223358,0.52975397802937
223359,0.25628008235577515
223360,0.05608101044900259
223361,0.8571409092768418
223362,0.32221469768794797
223363,0.6508378745665186
223364,0.3626290217751942
223365,0.8686079965094241
223366,0.8486099054181192
223367,0.31194749592084386
223368,0.6348939419419056
223369,0.3494166465928252
223370,0.6615595784038797
223371,0.15083560205616736
223372,0.6181455406529377
223373,0.7688993323364589
223374,0.8571590893596521
223375,0.6746219679030637
223376,0.026129324019070907
223377,0.7011148935783403
223378,0.7369932870044223
223379,0.08477372614432258
223380,0.31598347430472545
223381,0.7539689393285187
223382,0.732057394521432
223383,0.3559342062803096
223384,0.4750228387290304
223385,0.5617463787547553
223386,0.9951595529517637
223387,0.2047940878370701
223388,0.014103199240072539
223389,0.7426291126756083
223390,0.617341071988583
223391,0.09644079428781797
223392,0.9062271328645902
223393,0.09737706855254726
223394,0.7486239949822971
223395,0.35570695524518114
223396,0.4930574808768253
223397,0.05241772376273174
223398,0.9231255198367428
223399,0.027910972134478074
223400,0.01578940192072575
223401,0.4261229609900873
223402,0.46555556060557857
223403,0.0708386926702451
223404,0.6072874861944996
223405,0.5143645379304703
223406,0.9858422605114966
223407,0.3185559560223797
223408,0.17094731866503654
223409,0.2545166143231782
223410,0.5469705164507025
223411,0.7411565259679758
223412,0.258011735243454
223413,0.5175733225464842
223414,0.466996332168293
223415,0.7061371414546793
223416,0.7001740742929085
223417,0.2651565077878929
223418,0.39980274610150845
223419,0.6423250507906064
223420,0.31824234959390235
223421,0.33340908367837613
223422,0.03174242458674399
223423,0.4824175874121106
223424,0.8588407470196027
223425,0.9886329032228742
223426,0.6926566100508588
223427,0.8837383704282774
223428,0.22493307457015466
223429,0.01584394216915658
223430,0.13637334618059185
223431,0.031160661936815125
223432,0.7310529449461642
223433,0.33290004135968837
223434,0.12713331909226847
223435,0.577040373418901
223436,0.17531053853950304
223437,0.48650810604442296
223438,0.3606564827902791
223439,0.5937842296871663
223440,0.8926738811295285
223441,0.07444743910808513
223442,0.33806318487780707
223443,0.26846528285936344
223444,0.9356152367274033
223445,0.5562878088909695
223446,0.44485753632607794
223447,0.9138627676449066
223448,0.25525290767699443
223449,0.7374841492402998
223450,0.003226964698824203
223451,0.4486571736334259
223452,0.4794315088105226
223453,0.3229646261038719
223454,0.0921002995168643
223455,0.30668890696797124
223456,0.4741047445471114
223457,0.25190322741920085
223458,0.1201385322310143
223459,0.028365474204735005
223460,0.16627958240349786
223461,0.3588793796955745
223462,0.5797582957990375
223463,0.9174715140827467
223464,0.19934915303539208
223465,0.5098149722071984
223466,0.6495516337076916
223467,0.3279096086282673
223468,0.7978511142118253
223469,0.9657759941096532
223470,0.10992132569163852
223471,0.15359442962262693
223472,0.5401848005417665
223473,0.08272392180746382
223474,0.9863194876852664
223475,0.9988273846587372
223476,0.13024665827352844
223477,0.23806363937987737
223478,0.861485949068498
223479,0.5582785279586949
223480,0.639511682975716
223481,0.40128442285054605
223482,0.18394607787438472
223483,0.7828979961003723
223484,0.1673703873721145
223485,0.1865867349025775
223486,0.140382054440258
223487,0.792387999327337
223488,0.4750591988946509
223489,0.09843605837624589
223490,0.6946018789115584
223491,0.9683484758273074
223492,0.3622063348498552
223493,0.06207134773498894
223494,0.15104467300848556
223495,0.251321464769272
223496,0.0007044782088982416
223497,0.1428318205989428
223498,0.7161407320210343
223499,0.22169247480922277
223500,0.2718558683034801
223501,0.7894155557878566
223502,0.2768781161798192
223503,0.8950918321432955
223504,0.4699096904386399
223505,0.15749860240613398
223506,0.08497370705523563
223507,0.4359674758318524
223508,0.33931306557101365
223509,0.1351234654873853
223510,0.5934569881965813
223511,0.04489571449997955
223512,0.33804045977429426
223513,0.6452747692265738
223514,0.2219288158857564
223515,0.9375650506088055
223516,0.8602451584166966
223517,0.8577044918439604
223518,0.7177269442462311
223519,0.11598438330886596
223520,0.18260529676712678
223521,0.030378918375973205
223522,0.5642461401411684
223523,0.22319233164107063
223524,0.3192922493761959
223525,0.7375705046336486
223526,0.09975865940069356
223527,0.45304766363210786
223528,0.3680285063698465
223529,0.48041323328227753
223530,0.9848241758741212
223531,0.4569745615191277
223532,0.788356565964158
223533,0.6457838115452617
223534,0.743329045863804
223535,0.3149926597915653
223536,0.3289685984519659
223537,0.03421946086964426
223538,0.8853064025706637
223539,0.03316501606664818
223540,0.7582276237268262
223541,0.5630917048827159
223542,0.32176474063839355
223543,0.41335145281586755
223544,0.7047736352439086
223545,0.42859999727298753
223546,0.07809254571154571
223547,0.998091091304921
223548,0.8338931283831998
223549,0.9482367592184382
223550,0.8473100294971844
223551,0.9235618418241895
223552,0.3643424945800628
223553,0.30668890696797124
223554,0.7259079815108558
223555,0.49121220247158226
223556,0.887656178273892
223557,0.7106048968053049
223558,0.36501061262334045
223559,0.8325296221724291
223560,0.826566555010658
223561,0.8154267092686607
223562,0.5201776194090565
223563,0.5040200708114226
223564,0.3935942478217988
223565,0.6607732898223352
223566,0.9484321951086488
223567,0.5257043645833808
223568,0.5126783352498171
223569,0.9750841965085152
223570,0.18929102222060623
223571,0.8355247908154222
223572,0.16883842905904436
223573,0.5549061225973885
223574,0.9063543934442622
223575,0.755168824793997
223576,0.04410488089773249
223577,0.7958831202476128
223578,0.27712809231846053
223579,0.9392148931238382
223580,0.5900982178973825
223581,0.15301266697269808
223582,0.9316110734884397
223583,0.15214456801850731
223584,0.3714372718967735
223585,0.14469982410769883
223586,0.8217851932315552
223587,0.09305929888510642
223588,0.7085414574063384
223589,0.7520463955713318
223590,0.9486185409574541
223591,0.625085787265761
223592,0.5569286568100318
223593,0.7943832634157649
223594,0.674799223710464
223595,0.12097936106098962
223596,0.8854972934401717
223597,0.389212847864522
223598,0.9164034342176429
223599,0.4736138823112339
223600,0.22498306979788293
223601,0.43574931483812906
223602,0.336417887383477
223603,0.17871021402502488
223604,0.09488185218683672
223605,0.060294244640284336
223606,0.5570513723690012
223607,0.943691738515869
223608,0.5125692547529553
223609,0.5398302889269662
223610,0.4062475854577517
223611,0.6411433454079384
223612,0.5811081669477005
223613,0.10129033137745942
223614,0.4103971893591975
223615,0.7206221224337678
223616,0.5140463864812905
223617,0.45347489557814935
223618,0.03197422064257503
223619,0.8603815090377737
223620,0.4106517105185414
223621,0.5897937015103104
223622,0.7677994373264371
223623,0.7170406461201431
223624,0.505947159589312
223625,0.2566800441776012
223626,0.8096545329763978
223627,0.5816172092663883
223628,0.8826112052940401
223629,0.4061021447952695
223630,0.22632385090514087
223631,0.33051390549083953
223632,0.2664972888951509
223633,0.7935106194408716
223634,0.5281632207834708
223635,0.8936465155598784
223636,0.3802364319769476
223637,0.06556646865526472
223638,0.9615309447734535
223639,0.3543161789101949
223640,0.4253230373464351
223641,0.864503842815004
223642,0.610228114589062
223643,0.643911263015803
223644,0.7171724517205176
223645,0.5042791369914691
223646,0.3986119506774353
223647,0.9939278523413674
223648,0.46548738529504
223649,0.14117288804250505
223650,0.8809477277168998
223651,0.49843424036796485
223652,0.1535989746433295
223653,0.7195449525272587
223654,0.8388335658868926
223655,0.45686093600156347
223656,0.8690670436003837
223657,0.25283495666322753
223658,0.013875948204944073
223659,0.32942310052222284
223660,0.6995059562496307
223661,0.015434890305925342
223662,0.7028556365074242
223663,0.7712127478740666
223664,0.010689888692442993
223665,0.8061185068697989
223666,0.8966325941614665
223667,0.024224960344694374
223668,0.7322710104944529
223669,0.8603905990791788
223670,0.9944187145772448
223671,0.527231491539444
223672,0.2326686998059276
223673,0.42040532494625515
223674,0.0410824421305239
223675,0.05280405052245013
223676,0.7008603724189963
223677,0.2771190022770553
223678,0.1696292626612914
223679,0.0950591079942369
223680,0.04094609150944683
223681,0.736447884520114
223682,0.14738593134291728
223683,0.1589711891137664
223684,0.8651219656305534
223685,0.8858290799514592
223686,0.3822044259411601
223687,0.5486885342762736
223688,0.08922330141213793
223689,0.6705950795605874
223690,0.8755436981015449
223691,0.14759500229523545
223692,0.9414828584544203
223693,0.7135500702205698
223694,0.5477522600115444
223695,0.6004881352234559
223696,0.19983092522986443
223697,0.7643724917166997
223698,0.9650896959835653
223699,0.8545956976834029
223700,0.5180050995132283
223701,0.3319728571363642
223702,0.8416332986396753
223703,0.17342889996863936
223704,0.5055608328295936
223705,0.9631489721435681
223706,0.4440576126824258
223707,0.3786274946482381
223708,0.983642470491453
223709,0.7284168329386741
223710,0.2352457265442844
223711,0.09909963139882101
223712,0.8570136486971699
223713,0.09894510069493366
223714,0.06992059848832612
223715,0.8189900054994751
223716,0.20801650751519174
223717,0.4379718299616855
223718,0.5418619131810146
223719,0.13911399366424115
223720,0.9944732548256757
223721,0.22807822889633264
223722,0.6002745192504352
223723,0.5068925238954464
223724,0.6216088464282955
223725,0.0032451447816344804
223726,0.8638857199994546
223727,0.9224574017934652
223728,0.4757000468137132
223729,0.716281627662814
223730,0.4691143118156903
223731,0.7233218647310939
223732,0.4133060026088418
223733,0.48240395235000294
223734,0.20055358352157296
223735,0.4020388962871726
223736,0.49292113025574824
223737,0.543334499888647
223738,0.19966275946386938
223739,0.878857018193718
223740,0.7549097586139505
223741,0.3728507733352725
223742,0.2698696942564573
223743,0.37515055381077256
223744,0.1385867712627431
223745,0.8734348084955527
223746,0.07752441812372456
223747,0.6045104785452298
223748,0.6022152430904323
223749,0.8418332795505884
223750,0.8590225478477055
223751,0.6711041218792752
223752,0.00876734493525618
223753,0.491689429645352
223754,0.4212052485899073
223755,0.8226442021443408
223756,0.32610978043004984
223757,0.06752991759877466
223758,0.2132387363024439
223759,0.45903800091809416
223760,0.11535717045191139
223761,0.09533635425709364
223762,0.4547747714990842
223763,0.5149508456011018
223764,0.6401388958326706
223765,0.8013916853391267
223766,0.4020798014734957
223767,0.39289431463360314
223768,0.6211770694615514
223769,0.43209511819326335
223770,0.9372468991596257
223771,0.5578694760954637
223772,0.5014566791351736
223773,0.21147526826984697
223774,0.11485267315392621
223775,0.14863126701542126
223776,0.8604360492862045
223777,0.7617909199576404
223778,0.9556087827980057
223779,0.7699219619945369
223780,0.2542575481431318
223781,0.052104117334254456
223782,0.24561746378754756
223783,0.31145663368496646
223784,0.5525199867285396
223785,0.10072674881034083
223786,0.9712618340976544
223787,0.3197922016534785
223788,0.9246617368342113
223789,0.9385604101426682
223790,0.47985874075656415
223791,0.3536389708255121
223792,0.7953968030324378
223793,0.06208043777639407
223794,0.9678076183637017
223795,0.4698687852523168
223796,0.39831197931106577
223797,0.8560637393703329
223798,0.48518095999927274
223799,0.34760772835320264
223800,0.7067552642702288
223801,0.44198508324205416
223802,0.8713395539516683
223803,0.9478822476036378
223804,0.25914799041909636
223805,0.7869612446084693
223806,0.26971970857327254
223807,0.981829007231128
223808,0.86653092204835
223809,0.5885710909413192
223810,0.29358561228246394
223811,0.37745033428627267
223812,0.9356879570586445
223813,0.2779689211484358
223814,0.3376723130973861
223815,0.3144063521209339
223816,0.47071870412369726
223817,0.991600801741652
223818,0.1899273251189659
223819,0.6375118738665855
223820,0.2715922571027311
223821,0.14108198762845367
223822,0.6131278377973012
223823,0.4099835924752637
223824,0.3806454838401789
223825,0.2647929061316874
223826,0.2154248912603797
223827,0.2691515809854514
223828,0.05330854782043532
223829,0.4694188282027625
223830,0.2830729793974211
223831,0.8368383017984647
223832,0.4288545184323314
223833,0.4044886624458574
223834,0.8105044518477782
223835,0.43692193017939196
223836,0.00830829784429668
223837,0.6966971334554429
223838,0.011735243454033933
223839,0.5795492248467192
223840,0.30827057417246534
223841,0.3426082055803764
223842,0.7654133014575881
223843,0.8418287345298857
223844,0.0014634966662273147
223845,0.8351339190350012
223846,0.3192058939828471
223847,0.2748101317601502
223848,0.9101585757723126
223849,0.5556424159512047
223850,0.2674971934497162
223851,0.07097958831202475
223852,0.39953004485935434
223853,0.2827230128033233
223854,0.10421732470991404
223855,0.9132628249121675
223856,0.4935347080505952
223857,0.6575326900614032
223858,0.7492921130255749
223859,0.29714890851327824
223860,0.8706941610119034
223861,0.8751482813004213
223862,0.7606819349062135
223863,0.19774021570668254
223864,0.9144808904604561
223865,0.684307407020239
223866,0.2254330268474373
223867,0.051363278959735664
223868,0.9499047818162811
223869,0.07915153553524436
223870,0.14943573567977603
223871,0.6139141263788457
223872,0.5596829393557888
223873,0.15458524413578706
223874,0.3668058958008554
223875,0.9301657569050227
223876,0.5255589239208985
223877,0.8761345507928788
223878,0.9985910435822036
223879,0.6558328523186423
223880,0.43821271605892165
223881,0.7070461455951932
223882,0.8222169701982993
223883,0.1601756195999473
223884,0.6733039118993187
223885,0.4410715340808377
223886,0.6799850923320956
223887,0.7730034860308789
223888,0.4144013525981611
223889,0.16448884424668553
223890,0.7823025983883357
223891,0.3020438958099454
223892,0.8916421614300454
223893,0.04293226555646961
223894,0.6873616609323656
223895,0.4062839456233723
223896,0.3472123115520791
223897,0.14473163925261678
223898,0.7858613495984474
223899,0.3665786447657269
223900,0.3617836479245162
223901,0.659359788383836
223902,0.17500147713172834
223903,0.7837842751373733
223904,0.26350666527286026
223905,0.9695938114998114
223906,0.2689606901159435
223907,0.5179051090577718
223908,0.20738929465823716
223909,0.7740988360201981
223910,0.15700774017025648
223911,0.06910249476186363
223912,0.48707623363224417
223913,0.681257698128815
223914,0.7628544548020416
223915,0.6495289086041788
223916,0.1716154367083142
223917,0.4866580917276078
223918,0.3374677871657705
223919,0.9485185505019975
223920,0.1799055544698006
223921,0.8233032301462133
223922,0.7867976238631766
223923,0.7193767867612638
223924,0.0468273482985715
223925,0.6995650415187642
223926,0.9596902113889129
223927,0.7574186100417687
223928,0.41849187123047343
223929,0.6218270074220189
223930,0.554710686707178
223931,0.2397225719363152
223932,0.04184600560855555
223933,0.6871707700628576
223934,0.3497393430627076
223935,0.27994600515405343
223936,0.12107480649574358
223937,0.42995895846305576
223938,0.11180296426250222
223939,0.43639016275719134
223940,0.24721731107485195
223941,0.44068066230041675
223942,0.5245726544284409
223943,0.05660368782979806
223944,0.4883397493875585
223945,0.5903527390567265
223946,0.8267801709836788
223947,0.5879529681257698
223948,0.198326523377314
223949,0.5759495684502842
223950,0.6537921380231887
223951,0.24694915485340035
223952,0.06009426372937129
223953,0.4880034178555683
223954,0.9846014698596952
223955,0.5645370214661328
223956,0.7551142845455662
223957,0.963994345994246
223958,0.5641006994786862
223959,0.707691538534958
223960,0.6420932547347753
223961,0.16388890151394642
223962,0.19362697197085735
223963,0.6510923957258626
223964,0.26682907540643847
223965,0.6027061053263097
223966,0.20360329241299696
223967,0.1349007594729594
223968,0.8025733907217948
223969,0.23694556428704533
223970,0.5719408601906182
223971,0.6542466400934457
223972,0.57599501865731
223973,0.7176133187286668
223974,0.7482103980983634
223975,0.08039232618704578
223976,0.7123183696101737
223977,0.9417055644688462
223978,0.7164179782838911
223979,0.8378154812495171
223980,0.9981410865326492
223981,0.0952818140086628
223982,0.9166488653355817
223983,0.7805391303557389
223984,0.35116647956331437
223985,0.37832297826116595
223986,0.8008417378341158
223987,0.4158103090159575
223988,0.7068007144772546
223989,0.7106639820744384
223990,0.8340885642734103
223991,0.9557860386054059
223992,0.27120138532231014
223993,0.27520100354057114
223994,0.6556283263870267
223995,0.2632839592584344
223996,0.38929465823716825
223997,0.5159007549279386
223998,0.19330427550097493
223999,0.7083960167438562
224000,0.622595115920753
224001,0.1389412828775435
224002,0.97572958944828
224003,0.43177242172338093
224004,0.8943328136859664
224005,0.9141854641147891
224006,0.67682630294381
224007,0.5020975270542357
224008,0.8659173442535032
224009,0.7612636975561424
224010,0.8719122265601921
224011,0.6812713331909227
224012,0.2580071902227514
224013,0.15734407170224662
224014,0.2445448389017412
224015,0.9186532194654147
224016,0.6081555851486904
224017,0.3553524436303807
224018,0.06945246135596146
224019,0.8069684257411793
224020,0.8130723885447299
224021,0.8071729516727949
224022,0.9086314488162495
224023,0.5784720549402103
224024,0.5767585821353417
224025,0.6740083901082169
224026,0.20603033346816896
224027,0.616095736316079
224028,0.321137527781439
224029,0.5559105721726563
224030,0.9507319755841489
224031,0.4511614800405416
224032,0.2930265747360479
224033,0.7496738947645907
224034,0.4519523136427886
224035,0.3989255571059126
224036,0.1493630153485349
224037,0.42122342867271756
224038,0.17993282459401602
224039,0.1023584112425632
224040,0.3176924020888915
224041,0.04319587675721863
224042,0.28215034019479956
224043,0.5477749851150573
224044,0.003408765526926975
224045,0.2657337254171192
224046,0.166879525136237
224047,0.18783207057508147
224048,0.08984142422768736
224049,0.5787856613686876
224050,0.6882024897623409
224051,0.8497916108007872
224052,0.09008685534562609
224053,0.5114148194945027
224054,0.0785379577403975
224055,0.05745360670117853
224056,0.5288222487853432
224057,0.6434567609455462
224058,0.6660909640443413
224059,0.25680730475727315
224060,0.7280805014066839
224061,0.4069111584803269
224062,0.2556346894160103
224063,0.7908745074333814
224064,0.28063684830084396
224065,0.8421468859790657
224066,0.5655005658550775
224067,0.6769581085441845
224068,0.8294208280118716
224069,0.12195654051204202
224070,0.20811649797064827
224071,0.1125892528440467
224072,0.28598633766776804
224073,0.49724798996459424
224074,0.9599129174033388
224075,0.6594643238599952
224076,0.5882438494507344
224077,0.9652942219151809
224078,0.5639007185677731
224079,0.7712445630189846
224080,0.42755009749069406
224081,0.9136218815476704
224082,0.1026856527331482
224083,0.9965548743074525
224084,0.9635262088618815
224085,0.3337635952931765
224086,0.055167461287786164
224087,0.865644643011349
224088,0.05272678517050645
224089,0.5257452697697038
224090,0.5554878852473173
224091,0.11687066234586697
224092,0.4772726239768022
224093,0.08375564150694706
224094,0.9482413042391409
224095,0.875943659923371
224096,0.6003290594988661
224097,0.8502097527054235
224098,0.024588562000899917
224099,0.5524245412937856
224100,0.4316406161230064
224101,0.29753069025229406
224102,0.33844496661682294
224103,0.6296217179269252
224104,0.6111053035846579
224105,0.9862467673540253
224106,0.8536821485221866
224107,0.9368151221928815
224108,0.42297326164320675
224109,0.2535712500170438
224110,0.8198762845364761
224111,0.731371096395344
224112,0.766576826757446
224113,0.5915753496257177
224114,0.8291026765626918
224115,0.4990523631835143
224116,0.678798841928725
224117,0.5933569977411247
224118,0.23411401638934465
224119,0.39109903145608826
224120,0.24374037023738643
224121,0.8485780902732012
224122,0.06708450556992286
224123,0.7666631821507947
224124,0.04292317551506447
224125,0.12988760163802548
224126,0.7691674885579104
224127,0.8330522995532245
224128,0.7626999240981542
224129,0.49870239658941645
224130,0.7718717758759391
224131,0.43495393621517947
224132,0.512764690643166
224133,0.15809854513887311
224134,0.5570968225760268
224135,0.9313383722462857
224136,0.9174760591034492
224137,0.842796823939533
224138,0.5308129678530686
224139,0.40626576554056204
224140,0.6532194654146649
224141,0.03902354775226002
224142,0.026092963853450356
224143,0.8532685516382528
224144,0.4823221419773567
224145,0.3783093431990583
224146,0.6537966830438913
224147,0.09961776375891392
224148,0.3377541234700324
224149,0.8922966444112154
224150,0.39896191727153313
224151,0.02761554578881107
224152,0.9781202703378314
224153,0.07704264592925221
224154,0.5060244249412557
224155,0.3510255839215347
224156,0.6247130955681502
224157,0.198294708232396
224158,0.6772989850968771
224159,0.28367746715086284
224160,0.07828343658105362
224161,0.3038164538839474
224162,0.6260584216961108
224163,0.3585294131014767
224164,0.015166734084473754
224165,0.32120115807127503
224166,0.5768494825493931
224167,0.05422209698165175
224168,0.4681598574681507
224169,0.766617731943769
224170,0.6862981260879644
224171,0.6693861040537039
224172,0.7288440648847155
224173,0.46576463155789677
224174,0.055212911494811855
224175,0.9973502529304021
224176,0.6347712263829361
224177,0.006435749314838129
224178,0.4612105208139223
224179,0.7571459087996146
224180,0.6691906681634935
224181,0.863785729543998
224182,0.3163107157953104
224183,0.6100417687402567
224184,0.007826525649824334
224185,0.16109825880256884
224186,0.11354370719158625
224187,0.8137950468364383
224188,0.3699919553133564
224189,0.15139009458188082
224190,0.16672499443234964
224191,0.7619590857236355
224192,0.48718076910840324
224193,0.42873180287336204
224194,0.9370196481244972
224195,0.030565264224778545
224196,0.09844514841765103
224197,0.5328809522727376
224198,0.7164225233045937
224199,0.3164061612300644
224200,0.9167579458324433
224201,0.3823362315415347
224202,0.561959994727776
224203,0.36936928747710446
224204,0.4054658418969098
224205,0.3722735557060462
224206,0.5828852700424051
224207,0.7163543479940552
224208,0.9948277664404761
224209,0.7800164529749434
224210,0.6545738815840306
224211,0.49081224064975615
224212,0.5494066475472796
224213,0.4131923770912776
224214,0.8026142959081178
224215,0.657378159357516
224216,0.6512287463469396
224217,0.34893032937765034
224218,0.33229555360624663
224219,0.4952754509796792
224220,0.8735120738474964
224221,0.7954286181773558
224222,0.7505601738015917
224223,0.5890664981978992
224224,0.11813417810118124
224225,0.6445248408106499
224226,0.9624581289967775
224227,0.8484462846728268
224228,0.596034014934938
224229,0.03556478699760477
224230,0.8133269097040737
224231,0.14253639425327583
224232,0.6076601778921102
224233,0.7049463460306062
224234,0.8225942069166126
224235,0.14087291667613547
224236,0.9420600760836466
224237,0.02981988082955718
224238,0.36086100872189475
224239,0.3786002245240227
224240,0.2490444093972848
224241,0.12254284818267347
224242,0.4439621672476718
224243,0.0054040296153548975
224244,0.11956585962249057
224245,0.9275114648147222
224246,0.6744492571163662
224247,0.10825330309379558
224248,0.4866171865412847
224249,0.2592388908331477
224250,0.6016834756682318
224251,0.8935692502079347
224252,0.46907795165006977
224253,0.9586539466687272
224254,0.3612473354816131
224255,0.371864503842815
224256,0.16174819676303626
224257,0.23852723149153945
224258,0.45881983992437086
224259,0.3588521095713591
224260,0.40118897741579207
224261,0.18845928343203602
224262,0.5132510078583409
224263,0.3491621254334813
224264,0.5176187727535099
224265,0.9308656900932184
224266,0.8504506388026597
224267,0.9130582989805518
224268,0.9533635425709365
224269,0.23392312551983674
224270,0.7390794515069017
224271,0.19243163152608161
224272,0.4731366551374641
224273,0.32410542630021677
224274,0.4592788870153304
224275,0.3444943891719427
224276,0.8214624967616728
224277,0.8558273982937993
224278,0.554192554347085
224279,0.8986278582498944
224280,0.8842519577676676
224281,0.7130273928397743
224282,0.9942005535835216
224283,0.16384799632762329
224284,0.938542230059858
224285,0.2778098454238459
224286,0.39916189818244624
224287,0.46504651828689075
224288,0.2514759954731594
224289,0.5479795110466729
224290,0.6648319933097295
224291,0.7803664195690412
224292,0.006885706364392489
224293,0.27906427113775506
224294,0.006131232927765986
224295,0.2844001254425713
224296,0.22661927725080788
224297,0.4146785988610178
224298,0.41986446748264933
224299,0.3715418073729326
224300,0.3203239690756791
224301,0.18014189554633422
224302,0.848559910190391
224303,0.42796369437462783
224304,0.9458369882874816
224305,0.12611523445489295
224306,0.2589480095081833
224307,0.14275455524699915
224308,0.8166856800032725
224309,0.16314351811872502
224310,0.24408579181078172
224311,0.18188263847541825
224312,0.8610814422259694
224313,0.17490148667627184
224314,0.30200753564432486
224315,0.17925107148863062
224316,0.5539971184568746
224317,0.2985215047654542
224318,0.9247753623517756
224319,0.04690915867121775
224320,0.20940728385017796
224321,0.6982560755564241
224322,0.8505733543616291
224323,0.7168179401057172
224324,0.9253116747946787
224325,0.4402216152094573
224326,0.6208134678053459
224327,0.19276796305807173
224328,0.3019575404165966
224329,0.8214670417823753
224330,0.8176128642265965
224331,0.30378463873902944
224332,0.10078583407947422
224333,0.7146181500856738
224334,0.005058608041959631
224335,0.5188413833225011
224336,0.6974152467264488
224337,0.9262297689765977
224338,0.48008144677099
224339,0.40327968693897404
224340,0.22974625149417555
224341,0.4924211779784657
224342,0.6494925484385582
224343,0.4088746074238368
224344,0.8395062289508728
224345,0.809513637334618
224346,0.038150903777366706
224347,0.7103049254389354
224348,0.782161702746556
224349,0.27957785847714534
224350,0.8724939892101209
224351,0.9936596961199158
224352,0.4262365865076515
224353,0.9555587875702775
224354,0.9391194476890843
224355,0.5914389990046406
224356,0.3263370314651783
224357,0.8658082637566414
224358,0.7380250067039056
224359,0.4330859327064234
224360,0.2172338095000023
224361,0.8283845632916859
224362,0.011689793247008239
224363,0.8169811063489394
224364,0.04560473772958036
224365,0.6345894255548334
224366,0.9717254262093163
224367,0.04839992546166048
224368,0.9774112471082306
224369,0.018220987996600324
224370,0.18815022202426132
224371,0.8674444712095664
224372,0.7089277841660568
224373,0.5563741642843184
224374,0.2418041914180919
224375,0.8513278277982557
224376,0.3063071252289554
224377,0.38255893755596054
224378,0.2076529058589862
224379,0.3931897409792701
224380,0.9170261020538949
224381,0.1768740256611869
224382,0.9219619945368851
224383,0.4196054013026029
224384,0.33357724944437117
224385,0.5654914758136723
224386,0.05915344444393944
224387,0.22505124510842148
224388,0.4026342939992092
224389,0.5536835120283973
224390,0.47749532999122807
224391,0.6172547165952341
224392,0.5035428436376528
224393,0.08762799914553611
224394,0.8374336995105014
224395,0.35782038987187587
224396,0.1276332713695511
224397,0.6470336922384681
224398,0.15575785947704993
224399,0.15305357215902118
224400,0.2360456501879366
224401,0.7994555065198323
224402,0.2979670122397407
224403,0.6724676280900459
224404,0.10344467119047727
224405,0.03646924611741607
224406,0.2921357506783443
224407,0.5012294281000451
224408,0.852959490230478
224409,0.018802750646529195
224410,0.36257902654746593
224411,0.18145086150867418
224412,0.39034910304016435
224413,0.423909535907936
224414,0.08613723235509337
224415,0.9854468437103732
224416,0.12624704005526746
224417,0.5335717954195281
224418,0.0032496898023370497
224419,0.7013875948204944
224420,0.5571331827416475
224421,0.6171047309120493
224422,0.7784302407497466
224423,0.24082246694633694
224424,0.579867376295899
224425,0.36647410928956775
224426,0.45686093600156347
224427,0.9490957681312239
224428,0.5339808472827594
224429,0.7273987483012986
224430,0.9932597342980898
224431,0.9607219310883961
224432,0.11782057167270396
224433,0.4830766154139832
224434,0.406720267610819
224435,0.9389285568195763
224436,0.20133987210311743
224437,0.4127106048968053
224438,0.7648997141181979
224439,0.08211943405402211
224440,0.13551888228850884
224441,0.7859340699296885
224442,0.02560210161757287
224443,0.5323764549747525
224444,0.8612087028056413
224445,0.7327482376682226
224446,0.971211838869926
224447,0.11748424014071383
224448,0.23360497407065692
224449,0.5600510860326969
224450,0.4544111698428786
224451,0.5366533194558701
224452,0.7975784129696711
224453,0.894991841687839
224454,0.04954527067870794
224455,0.9121992900677663
224456,0.65354670690525
224457,0.3768867517191541
224458,0.28011417092004853
224459,0.6983515209911781
224460,0.7766894978206625
224461,0.022052440448866246
224462,0.9713800046359211
224463,0.46073783866085505
224464,0.9517455152008217
224465,0.3790001863458488
224466,0.6756218724576291
224467,0.575276905386304
224468,0.4778725667095413
224469,0.08132860045177505
224470,0.6114643602201608
224471,0.8272255830125307
224472,0.2395407711082124
224473,0.19159534771680883
224474,0.29432645065698276
224475,0.977238536321533
224476,0.24199962730830238
224477,0.4325678003463306
224478,0.5333172742601843
224479,0.6144777089459643
224480,0.9744615286722631
224481,0.8280391417182905
224482,0.7069461551397367
224483,0.5555833306820713
224484,0.7078369791974403
224485,0.007481104076429068
224486,0.31422000627212854
224487,0.14980388235668415
224488,0.46510560355602415
224489,0.679421509764977
224490,0.1323555478795206
224491,0.7091459451597802
224492,0.7205993973302549
224493,0.571627253762141
224494,0.7969421100713114
224495,0.4262911267560824
224496,0.025224864899259618
224497,0.30791606255766496
224498,0.07321119347698628
224499,0.535198912831048
224500,0.5112602887906155
224501,0.4372855318355975
224502,0.17292440267065418
224503,0.6818849109857696
224504,0.7970739156716858
224505,0.051554169829243573
224506,0.3793137927743261
224507,0.27881884001981627
224508,0.8321160252884952
224509,0.6526422477854388
224510,0.3461487767076779
224511,0.331763786184046
224512,0.5211184386944883
224513,0.09102767463105793
224514,0.45022975079651484
224515,0.01941178342067348
224516,0.5342308234214007
224517,0.5407938333159108
224518,0.10493089296021742
224519,0.25283495666322753
224520,0.6648047231855141
224521,0.6627821889728708
224522,0.7145999700028633
224523,0.8891242199608219
224524,0.5172142659109812
224525,0.7349662077710765
224526,0.8560182891633071
224527,0.8533140018452784
224528,0.9490594079656033
224529,0.3512573799773658
224530,0.20543039073542982
224531,0.5866076419978093
224532,0.6612005217683767
224533,0.7261215974838766
224534,0.39435326627912787
224535,0.026911067579912826
224536,0.16647047327300576
224537,0.454143013621427
224538,0.21290240477045375
224539,0.5063971166388663
224540,0.563405311311193
224541,0.5470750519268616
224542,0.22983715190822696
224543,0.7421427954604334
224544,0.14812676971743607
224545,0.8866426386572192
224546,0.27201494402807
224547,0.26811986128596815
224548,0.8544184418760028
224549,0.7770712795596785
224550,0.5339672122206517
224551,0.651024220415324
224552,0.522577390340013
224553,0.060376055012930585
224554,0.6865435572059031
224555,0.6236222905995337
224556,0.33627699174169734
224557,0.05492657519055
224558,0.4793133382722558
224559,0.8203898718758664
224560,0.8393698783297958
224561,0.7653860313333728
224562,0.6219497229809883
224563,0.12435631144299861
224564,0.11899318701396684
224565,0.7034555792401634
224566,0.8670990496361711
224567,0.332809140945637
224568,0.5539425782084437
224569,0.7188404743183605
224570,0.8247440017089278
224571,0.2952263647560915
224572,0.16812031578803843
224573,0.7361933633607701
224574,0.34891669431554256
224575,0.5605283132064667
224576,0.45581103621927
224577,0.7183768822066985
224578,0.7725262588571091
224579,0.3254098472418542
224580,0.18671399548224943
224581,0.8200399052817685
224582,0.9743978983824271
224583,0.1593893310184028
224584,0.13642334140832013
224585,0.8411151662795825
224586,0.10582626203862358
224587,0.9415510337649589
224588,0.9269160671026856
224589,0.6291444907531555
224590,0.6990469091586712
224591,0.4785952250012499
224592,0.48505369941960086
224593,0.30855691047672723
224594,0.14301362142704563
224595,0.5317037919107721
224596,0.9493548343112703
224597,0.9968821157980375
224598,0.08609632716877025
224599,0.8006053967575822
224600,0.6505697183450672
224601,0.26289308747801343
224602,0.17153817135637053
224603,0.37766395025929345
224604,0.4633375905027247
224605,0.8377518509596812
224606,0.7854023025074879
224607,0.39807109321382955
224608,0.8199808200126352
224609,0.5607101140345694
224610,0.20588034778498418
224611,0.2647838160902823
224612,0.11860686025424845
224613,0.37389612809686346
224614,0.6186773080751383
224615,0.16044832084210145
224616,0.11943859904281863
224617,0.13927761440953365
224618,0.8716849755250636
224619,0.797337526872435
224620,0.612391544443485
224621,0.24874443803091525
224622,0.9251162389044683
224623,0.7390021861549579
224624,0.7055326537012376
224625,0.9137945923343681
224626,0.25939796655773767
224627,0.6883570204662283
224628,0.7524690824966708
224629,0.6121097531599257
224630,0.37853659423418673
224631,0.556451429636262
224632,0.5560560128351385
224633,0.10175392348912149
224634,0.29848514459983366
224635,0.20645756541421045
224636,0.8089136946018789
224637,0.3651196931202021
224638,0.7946423295958114
224639,0.26097963376223177
224640,0.25930706614368626
224641,0.9824698551501903
224642,0.5555878757027738
224643,0.49857059098904194
224644,0.7069870603260598
224645,0.45097058917103366
224646,0.31134755318810475
224647,0.8585680457774485
224648,0.6743492666609097
224649,0.8899014185009613
224650,0.837088277937106
224651,0.07034328541366505
224652,0.7314210916230725
224653,0.1104849082587571
224654,0.970452820412597
224655,0.6436249267115413
224656,0.0247976329532181
224657,0.23825907527008786
224658,0.9031183387040328
224659,0.5777675767313121
224660,0.9645624735820671
224661,0.7311256652774054
224662,0.782784370582808
224663,0.6357802209789065
224664,0.9278750664709278
224665,0.9114311815690321
224666,0.8140177528508643
224667,0.7695901754832494
224668,0.4130287563459851
224669,0.03314229096313533
224670,0.480799560041996
224671,0.36384708732348275
224672,0.2736920566673181
224673,0.05209048227214675
224674,0.15623963167152227
224675,0.31071579531044763
224676,0.004467755350625622
224677,0.6411342553665332
224678,0.48048140859281613
224679,0.6316669772430813
224680,0.5235454797496603
224681,0.5378168447557279
224682,0.22426041150617443
224683,0.8963508028779071
224684,0.26297489785065964
224685,0.7529963048981688
224686,0.756582326232496
224687,0.1505674458347158
224688,0.7316437976374982
224689,0.586757627680994
224690,0.03860995086832621
224691,0.5186459474322906
224692,0.6833302275691866
224693,0.3162289054226642
224694,0.612686970789152
224695,0.6369982865271951
224696,0.23375950477454424
224697,0.9048545366124142
224698,0.6171092759327519
224699,0.36301989355561515
224700,0.049981592666154595
224701,0.2579662850364283
224702,0.4540612032487808
224703,0.7230855236545602
224704,0.17576504060975998
224705,0.5377123092795688
224706,0.17180632757782213
224707,0.8412333368178493
224708,0.30077129001322594
224709,0.017157453152199107
224710,0.19486321760195618
224711,0.27649633444080335
224712,0.6222905995336809
224713,0.7144817994645967
224714,0.5083060253339454
224715,0.4403079706028061
224716,0.2392589798246531
224717,0.17038373609791793
224718,0.8097954286181773
224719,0.9230300744019889
224720,0.9019320883006622
224721,0.8387108503279233
224722,0.31257925379850104
224723,0.8665809172760782
224724,0.5521291149481187
224725,0.6572736238813568
224726,0.7500374964207962
224727,0.29933960849191665
224728,0.09879511501174887
224729,0.6411978856563691
224730,0.5004794996841211
224731,0.14440894278273436
224732,0.07375205094059203
224733,0.5691456724585381
224734,0.2042305052699515
224735,0.4705687184405125
224736,0.2996123097340708
224737,0.8835611146208772
224738,0.46531467450834235
224739,0.4080474136559692
224740,0.6732175565059699
224741,0.4375309629535363
224742,0.7992600706296217
224743,0.3061435044836629
224744,0.5996882115798038
224745,0.9284840992450721
224746,0.9049590720885733
224747,0.1704791815326719
224748,0.2316369801064444
224749,0.04576835847487286
224750,0.9473550252021398
224751,0.6067057235445708
224752,0.8047140954727049
224753,0.6358029460824194
224754,0.4922893723780912
224755,0.46544648010871686
224756,0.03763277141727381
224757,0.36217906472563977
224758,0.09002322505579012
224759,0.03458760754655237
224760,0.15290813149653898
224761,0.7878338885833626
224762,0.33321364778816565
224763,0.4989296476245449
224764,0.42553665331945584
224765,0.16998377427609182
224766,0.9109085041882367
224767,0.4311997491148572
224768,0.12734239004458667
224769,0.5363260779652851
224770,0.49346653274005664
224771,0.7466832711423002
224772,0.6817122001990719
224773,0.23693647424564018
224774,0.9127537825934797
224775,0.6081237700037724
224776,0.5533108203307866
224777,0.629908054231187
224778,0.04344585289585994
224779,0.2488535185277769
224780,0.5706228041868731
224781,0.874234732139205
224782,0.28608178310252197
224783,0.6975425073061208
224784,0.6173274369264753
224785,0.5906572554437987
224786,0.9140582035351171
224787,0.6288672444902986
224788,0.6970925502565665
224789,0.33753596247630907
224790,0.6016607505647189
224791,0.6792078937919562
224792,0.99425054881125
224793,0.3954804314133651
224794,0.604496843483122
224795,0.3194649601628935
224796,0.5586466746356029
224797,0.09055499247799073
224798,0.7949241208793707
224799,0.847387294849128
224800,0.23610473545707
224801,0.8444239413510529
224802,0.9280795924025435
224803,0.15515791674431076
224804,0.737397793846951
224805,0.35018475509155944
224806,0.5080196890296835
224807,0.07527008785525018
224808,0.3202103435581149
224809,0.35050745156144186
224810,0.182128069593357
224811,0.6096463519391332
224812,0.3098476963562569
224813,0.6184546020607125
224814,0.6727812345185232
224815,0.6582144431667886
224816,0.9311611164388854
224817,0.6694224642193246
224818,0.5819262706741629
224819,0.45051154208007416
224820,0.7832252375909573
224821,0.15858031733334546
224822,0.7858477145363397
224823,0.9027638270892324
224824,0.8214034114925394
224825,0.19739479413328728
224826,0.0047768167584003336
224827,0.5448070865962795
224828,0.4864308406924793
224829,0.32122388317478784
224830,0.5744997068461647
224831,0.4861672294917303
224832,0.2637748214943119
224833,0.43029074497434333
224834,0.4695233636789215
224835,0.4232505079060635
224836,0.37699128719531316
224837,0.003449670713250099
224838,0.22102890178664764
224839,0.25941160161984533
224840,0.5804127787802074
224841,0.07532917312438359
224842,0.35827034692143017
224843,0.19253162198153814
224844,0.7927925061698656
224845,0.8532140113898219
224846,0.0515950750155667
224847,0.650496998013826
224848,0.9985092332095572
224849,0.2716740674753773
224850,0.8840792469809701
224851,0.44083064798360155
224852,0.4407851977765758
224853,0.8376654955663323
224854,0.8736302443857632
224855,0.1518355066107326
224856,0.27037419155444253
224857,0.9424009526363393
224858,0.9959231164297954
224859,0.20810286290854055
224860,0.4404943164516114
224861,0.850891505810809
224862,0.7316028924511752
224863,0.04882715740770199
224864,0.04356856845482931
224865,0.3670740520223069
224866,0.9065952795414983
224867,0.5210775335081651
224868,0.15826671090486819
224869,0.26930156666863614
224870,0.6003835997472968
224871,0.3001577122183791
224872,0.46925975247817253
224873,0.036578326614277734
224874,0.042782279873284826
224875,0.5192049849787066
224876,0.8984006072147659
224877,0.0630530722067439
224878,0.4521159343880811
224879,0.8551092850227934
224880,0.5085605464932893
224881,0.36390617259261615
224882,0.7796664863808455
224883,0.833015939387604
224884,0.8630857963558025
224885,0.6021516128005964
224886,0.4551929134037205
224887,0.840265247408202
224888,0.028801796192181654
224889,0.06306216224814903
224890,0.699851377823026
224891,0.6417023829543544
224892,0.7149453915762587
224893,0.6218224624013162
224894,0.2856681862185882
224895,0.9272160384690553
224896,0.7827889156035106
224897,0.784102426586553
224898,0.008803705100876734
224899,0.4589198303798273
224900,0.8295753587157589
224901,0.5457569959231166
224902,0.9808654628421832
224903,0.33716327077869834
224904,0.5926525195322265
224905,0.2416087555278814
224906,0.014257729943959895
224907,0.8689125128964963
224908,0.11002586116779761
224909,0.02557483149335745
224910,0.11741606483017529
224911,0.15543970802787008
224912,0.8060594216006653
224913,0.3476895387258489
224914,0.6672681244063067
224915,0.7122592843410401
224916,0.34500797651133297
224917,0.7558187627544644
224918,0.15705319037728216
224919,0.1445407483831089
224920,0.6722994623240509
224921,0.6106871616800215
224922,0.22759191168115772
224923,0.033401357143181785
224924,0.6250948773071662
224925,0.5853941214702233
224926,0.654664781998082
224927,0.797178451147845
224928,0.4729912144749819
224929,0.8590725430754337
224930,0.5380213706873436
224931,0.5201957994918668
224932,0.06813895037291895
224933,0.501293058389881
224934,0.6435567514010027
224935,0.5155053381268152
224936,0.3119929461278696
224937,0.8749710254930212
224938,0.9444643920353057
224939,0.6575372350821059
224940,0.5974247912699243
224941,0.8089091495811763
224942,0.8263074888306117
224943,0.42279600583580657
224944,0.5195413165106968
224945,0.3508665081969448
224946,0.9641352416360257
224947,0.9752069120674846
224948,0.23941351052854046
224949,0.8723894537339618
224950,0.9851605074061113
224951,0.6859890646801897
224952,0.5241317874202918
224953,0.6106144413487804
224954,0.6370346466928157
224955,0.9620127169679258
224956,0.3128474100199526
224957,0.615704864535658
224958,0.5241863276687226
224959,0.23314138195899484
224960,0.3597974738774935
224961,0.6513196467609911
224962,0.35562968989323746
224963,0.4705914435440253
224964,0.052944946164229775
224965,0.4453756686861708
224966,0.3505438117270624
224967,0.4631194295090014
224968,0.10117670585989517
224969,0.22394226005699455
224970,0.7087187132137387
224971,0.9241708745983338
224972,0.04200962635384804
224973,0.1029356288717895
224974,0.10164484299225983
224975,0.7953013575976839
224976,0.24159512046577375
224977,0.12142931811054399
224978,0.9687302575663232
224979,0.0894778225714818
224980,0.11884320133078206
224981,0.25218956372346274
224982,0.7515418982733467
224983,0.7692947491375823
224984,0.8951872775780494
224985,0.5030201662568574
224986,0.7954422532394635
224987,0.5586921248426286
224988,0.642529576722222
224989,0.5832397816572055
224990,0.3122065621008904
224991,0.14286818076456337
224992,0.9204212325187141
224993,0.43474486526286127
224994,0.5122556483244782
224995,0.4994614150467455
224996,0.002631566986787625
224997,0.9283341135618873
224998,0.839019911735698
224999,0.12417451061489584
225000,0.853118565955068
225001,0.3190513632789597
225002,0.8995686775353262
225003,0.601869821517037
225004,0.47778166629548996
225005,0.7056599142809096
225006,0.7384658737120547
225007,0.6372709877693493
225008,0.5060107898791479
225009,0.8782934356265993
225010,0.6603142427313757
225011,0.9154580699115085
225012,0.41284695551788236
225013,0.0773971575440526
225014,0.26427022875089196
225015,0.33739052181382684
225016,0.6436294717322437
225017,0.2945400666300035
225018,0.9834152194563246
225019,0.400134532612796
225020,0.047236400161802736
225021,0.3646697360706478
225022,0.35676594506887976
225023,0.7257443607655634
225024,0.588711986583099
225025,0.026329304929983956
225026,0.5361033719508593
225027,0.6966380481863096
225028,0.8800387235763859
225029,0.10237204630467091
225030,0.2843683102976534
225031,0.4005390394553247
225032,0.8685943614473164
225033,0.19561314601788013
225034,0.41221519764022524
225035,0.7258988914694506
225036,0.7887338026824712
225037,0.9543952622704197
225038,0.37781848096318077
225039,0.790224569472914
225040,0.36966016880206887
225041,0.7111684793724236
225042,0.7378613859586131
225043,0.9376468609814519
225044,0.8900377691220385
225045,0.2684198326523377
225046,0.5667504465482841
225047,0.31795146826893794
225048,0.9826698360611033
225049,0.5564105244499389
225050,0.32925038973552523
225051,0.832034214915849
225052,0.43434944846173773
225053,0.4726776080465046
225054,0.695220001727108
225055,0.6867162679926008
225056,0.2767690356829575
225057,0.006290308652355911
225058,0.5697183450670618
225059,0.23964076156366892
225060,0.22346957790392735
225061,0.6522604660464228
225062,0.5719590402734285
225063,0.15700774017025648
225064,0.49562541757377704
225065,0.5621963358043097
225066,0.035451161480040544
225067,0.9115993473350272
225068,0.1885092786597643
225069,0.5845714727230582
225070,0.45234318542320956
225071,0.8761800009999046
225072,0.49602992441630567
225073,0.7682675744588017
225074,0.8437558233077752
225075,0.15480340512951038
225076,0.6478836111098487
225077,0.8651810508996869
225078,0.8731757423155062
225079,0.9338654037569142
225080,0.6414115016293899
225081,0.38464964707914245
225082,0.10978043004985888
225083,0.4996523059162534
225084,0.5617327436926476
225085,0.7222537848659901
225086,0.9912326550647438
225087,0.7056053740324787
225088,0.016107553369905603
225089,0.1103531026583826
225090,0.18993641516037107
225091,0.6356302352957218
225092,0.5450706977970285
225093,0.19920371237290985
225094,0.29183123429127217
225095,0.6956608687352571
225096,0.45311129392194377
225097,0.5654187554824313
225098,0.9509274114743593
225099,0.403216056649138
225100,0.4221960631030674
225101,0.8834656691861231
225102,0.11100758563955258
225103,0.8354157103185604
225104,0.13944123515482612
225105,0.980097354343449
225106,0.6687543461760469
225107,0.7288576999468233
225108,0.5611964312497444
225109,0.8298889651442363
225110,0.13242826821076173
225111,0.8598042914085474
225112,0.21248880788651994
225113,0.17470605078606136
225114,0.29636716495243637
225115,0.40073447534553513
225116,0.5995200458138087
225117,0.3804909531362915
225118,0.6203226055694684
225119,0.181569032046941
225120,0.3071797692038487
225121,0.003963258052640429
225122,0.50942864544748
225123,0.4040296153548979
225124,0.1640525222592389
225125,0.4812767872157657
225126,0.34501252153203554
225127,0.0749246662818549
225128,0.20961180978179356
225129,0.5364351584621468
225130,0.8071093213829589
225131,0.38277709854968384
225132,0.11954767953968029
225133,0.3869085223683194
225134,0.17582412587889337
225135,0.6365937796846665
225136,0.1316919748569455
225137,0.8370746428749983
225138,0.950941046536467
225139,0.23488666990878143
225140,0.5788811068034415
225141,0.8244622104253686
225142,0.9367742170065585
225143,0.9947641361506402
225144,0.43802637021011626
225145,0.3107067052690425
225146,0.425123056435522
225147,0.3375495975384168
225148,0.7557733125474386
225149,0.5796901204884989
225150,0.16837029192667974
225151,0.6322851000586308
225152,0.7650951500084083
225153,0.6246267401748016
225154,0.39171715427163767
225155,0.051976856754582516
225156,0.1819826289308748
225157,0.16432522350139306
225158,0.5958522141068353
225159,0.6864844719367696
225160,0.2988851064216597
225161,0.7814844946618732
225162,0.44287590729975773
225163,0.06437567323119156
225164,0.6882479399693666
225165,0.49901600301789373
225166,0.11912953763504393
225167,0.6653092204834994
225168,0.9621536126097056
225169,0.1575804127787802
225170,0.29628535457979005
225171,0.5801082623931353
225172,0.6532376454974753
225173,0.901195794946846
225174,0.5836806486653547
225175,0.4534476254539339
225176,0.9267206312124752
225177,0.6403161516400708
225178,0.3058208080137805
225179,0.16802032533258188
225180,0.9371514537248717
225181,0.7974284272864863
225182,0.8756073283913809
225183,0.3711509355925116
225184,0.6698542411860686
225185,0.44322132887315296
225186,0.1375686866253676
225187,0.6073374814222279
225188,0.023179605583103433
225189,0.06817076551783692
225190,0.3477758941191977
225191,0.43591293558342153
225192,0.5566695906299853
225193,0.19150444730275745
225194,0.7907745169779248
225195,0.3398721031174297
225196,0.699978638402698
225197,0.3299821380686389
225198,0.6048513550979224
225199,0.3207512010217206
225200,0.3146835983837906
225201,0.11718426877434425
225202,0.8718349612082483
225203,0.5918435058471692
225204,0.894146467837161
225205,0.3086250857872658
225206,0.925170779152899
225207,0.32316006199408237
225208,0.7864294771862687
225209,0.2633612246103781
225210,0.8669127037873657
225211,0.24867171769967414
225212,0.4920303061980447
225213,0.7068825248499008
225214,0.9266933610882598
225215,0.5753678058003554
225216,0.07921516582508033
225217,0.5484249230755246
225218,0.5905754450711523
225219,0.5915662595843124
225220,0.18149631171569988
225221,0.7619999909099586
225222,0.7050554265274679
225223,0.7320528495007295
225224,0.3147245035701137
225225,0.11477086278127996
225226,0.8318024188600179
225227,0.35233909490457727
225228,0.19960821921543853
225229,0.7018330068493462
225230,0.8825612100663119
225231,0.4053658514414533
225232,0.7481013176015017
225233,0.6480290517723308
225234,0.3768503915535335
225235,0.3093431990582717
225236,0.8441785102331142
225237,0.5854577517600593
225238,0.4262411315283541
225239,0.5406665727362389
225240,0.579276523604565
225241,0.7211402547938606
225242,0.2932356456883661
225243,0.3060344239868012
225244,0.7602501579394694
225245,0.9130901141254698
225246,0.09372287190768153
225247,0.853550342921812
225248,0.5496748037687311
225249,0.030424368582998896
225250,0.37825025792992484
225251,0.5245272042214153
225252,0.317201539853014
225253,0.9492548438558138
225254,0.9899509592266194
225255,0.6629367196767582
225256,0.43166788624722185
225257,0.18103726462474037
225258,0.13409629080860463
225259,0.3786729448552638
225260,0.36998741029265386
225261,0.8406788442921358
225262,0.020825284859172535
225263,0.31349734798042006
225264,0.6236132005581285
225265,0.9566995877666222
225266,0.842924084519205
225267,0.3180150985587739
225268,0.48601724380854555
225269,0.08062866726357938
225270,0.3800909913144654
225271,0.2381181796283082
225272,0.515359897464333
225273,0.45579285613645965
225274,0.7577413065116512
225275,0.02570663709373196
225276,0.49467096322623744
225277,0.9600265429209031
225278,0.3488848791706246
225279,0.3693238372700788
225280,0.4588698351520991
225281,0.8620313515528064
225282,0.3704873625699365
225283,0.3500847646361029
225284,0.7825662095890847
225285,0.6423250507906064
225286,0.1603619654487526
225287,0.6993786956699588
225288,0.30364828811795236
225289,0.2757327709627717
225290,0.34264002072529437
225291,0.5444980251885048
225292,0.6409433644970253
225293,0.8024688552456357
225294,0.23468214397716583
225295,0.6383117975102377
225296,0.21507492466628186
225297,0.0506769808336477
225298,0.7895519064089337
225299,0.09985410483544753
225300,0.04652737693220193
225301,0.2795414983115248
225302,0.8810840783379769
225303,0.16364347039600766
225304,0.6787215765767813
225305,0.7530508451465997
225306,0.05175415074015662
225307,0.31366551374641505
225308,0.09854059385240499
225309,0.24041796010380828
225310,0.7908336022470583
225311,0.10886688088864244
225312,0.13382813458715306
225313,0.587443925807082
225314,0.7411747060507862
225315,0.307525190777244
225316,0.31928315933479073
225317,0.06753446261947722
225318,0.49742524577199443
225319,0.8138677671676795
225320,0.47763168061230515
225321,0.2775462342230969
225322,0.8909422282418497
225323,0.23596383981529037
225324,0.8809068225305767
225325,0.3982119888556092
225326,0.44577563050799696
225327,0.4050113398266529
225328,0.8316842483217511
225329,0.5000659028001873
225330,0.49520727566914063
225331,0.23402766099599584
225332,0.017116547965875986
225333,0.2349957504056431
225334,0.6791215383986074
225335,0.6405070425095786
225336,0.7236809213665969
225337,0.18462328595906755
225338,0.205280405052245
225339,0.8084637375523246
225340,0.3418082819367242
225341,0.8279391512628341
225342,0.17576504060975998
225343,0.32600524495389077
225344,0.13078297071643163
225345,0.9015912117479695
225346,0.7147090504997251
225347,0.3310320378509324
225348,0.07638816294808222
225349,0.4136832393271551
225350,0.7336345167052236
225351,0.8183309774976025
225352,0.6669817881020448
225353,0.24816722040168893
225354,0.9678712486535376
225355,0.5974111562078166
225356,0.8617586503106522
225357,0.3289322382863453
225358,0.003513301003086069
225359,0.5033383177060372
225360,0.8537094186464019
225361,0.7421382504397308
225362,0.5213638698124271
225363,0.3022029715345353
225364,0.11370732793687874
225365,0.9830107126137959
225366,0.40988814704050974
225367,0.4247867249035319
225368,0.6072329459460689
225369,0.1692656610050859
225370,0.5436162911722063
225371,0.7360933729053136
225372,0.703260143349953
225373,0.995791310829421
225374,0.10200389962776281
225375,0.2393635153008122
225376,0.6579235618418242
225377,0.057035464796542146
225378,0.19116357075006477
225379,0.48952145477022646
225380,0.06640275246453747
225381,0.45743815363078977
225382,0.5533608155585149
225383,0.0180619122720104
225384,0.46639184441485126
225385,0.8357429518091455
225386,0.19131810145395212
225387,0.865812808777344
225388,0.45546106962517213
225389,0.9857877202630658
225390,0.3336499697756123
225391,0.4463892083028438
225392,0.8766572281736744
225393,0.14829948050413372
225394,0.9645033883129338
225395,0.025561196431249746
225396,0.45062971261834095
225397,0.6473518436876481
225398,0.7828843610382645
225399,0.8653764867898974
225400,0.2453038573590703
225401,0.1931724699006004
225402,0.0038587225764813355
225403,0.4396534876216361
225404,0.7799846378300254
225405,0.7440198890105945
225406,0.29362197244808447
225407,0.3206512105662641
225408,0.6392844319405876
225409,0.5953249917053373
225410,0.35459342517305165
225411,0.5035110284927349
225412,0.08945509746796897
225413,0.03461487767076779
225414,0.4335677049008958
225415,0.6871298648765345
225416,0.8455511064852901
225417,0.1651615073106658
225418,0.9358515778039369
225419,0.02247967239490776
225420,0.3479076997195722
225421,0.15438526322487398
225422,0.9962049077133547
225423,0.5745906072602162
225424,0.4337176905840806
225425,0.46436931020220795
225426,0.1496766217770122
225427,0.6407570186482199
225428,0.03620563491666704
225429,0.5002431586075874
225430,0.848369019320883
225431,0.1643479486049059
225432,0.2913994573245281
225433,0.4324723549115766
225434,0.014162284509205939
225435,0.23681375868667084
225436,0.5285768176674045
225437,0.38693579249253474
225438,0.8157948559455689
225439,0.07491557624044977
225440,0.1222701469405193
225441,0.5407847432745057
225442,0.4022434222187882
225443,0.4929756705041791
225444,0.9664668372564437
225445,0.2948445830170756
225446,0.6400525404393217
225447,0.5721499311429363
225448,0.9252480445048428
225449,0.5177414883124793
225450,0.1277378068457102
225451,0.3424218597315711
225452,0.36601506219860824
225453,0.8000327241490585
225454,0.5835806582098981
225455,0.7782120797560234
225456,0.23413674149285751
225457,0.6251357824934893
225458,0.40868371655432884
225459,0.3832179655578331
225460,0.003935987928425013
225461,0.6611414364992433
225462,0.8555228819067271
225463,0.6965653278550684
225464,0.43323137336890566
225465,0.7585003249689803
225466,0.34754409806336667
225467,0.993214284091064
225468,0.9650578808386473
225469,0.2905949886601733
225470,0.458797114820858
225471,0.036932838229078134
225472,0.9109721344780726
225473,0.6328577726671545
225474,0.8749483003895083
225475,0.9887556187818436
225476,0.2933220010817149
225477,0.8515641688747893
225478,0.9461960449229846
225479,0.15228546366028697
225480,0.4637966375936842
225481,0.3568568454829312
225482,0.34639420782561664
225483,0.7614500434049477
225484,0.33390903595565874
225485,0.9199212802414315
225486,0.9768249394375992
225487,0.08095136373346179
225488,0.3309911326646093
225489,0.7746896887115321
225490,0.8194490525904345
225491,0.6769535635234818
225492,0.04129605810354466
225493,0.3360497407065689
225494,0.03761459133446353
225495,0.5780130078492508
225496,0.9690847691811236
225497,0.7992737056917294
225498,0.696610778062094
225499,0.08888242485944524
225500,0.2006035787493012
225501,0.8679807836524696
225502,0.8377882111253018
225503,0.3735597965648733
225504,0.6338576772217198
225505,0.4082973897946105
225506,0.8485735452524987
225507,0.2895905390849055
225508,0.7076551783693374
225509,0.31908317842387773
225510,0.03324228141859186
225511,0.6944655282904814
225512,0.3199421873366633
225513,0.2130842055985565
225514,0.246794624149513
225515,0.32036032924129965
225516,0.8309161398230169
225517,0.47270033315001747
225518,0.025997518418696398
225519,0.7533553615336719
225520,0.15383077069916054
225521,0.5431481540398416
225522,0.818421877911654
225523,0.7242490489544181
225524,0.98360156530513
225525,0.7936651501447589
225526,0.2224242231423364
225527,0.8996823030528904
225528,0.7236491062216789
225529,0.7978465691911227
225530,0.5130737520509406
225531,0.2539712118388699
225532,0.49619809018230077
225533,0.41915544425304857
225534,0.2630294380990905
225535,0.01207612000672663
225536,0.08709168670263293
225537,0.09847696356256902
225538,0.3266824530385736
225539,0.6925248044504844
225540,0.32318278709759524
225541,0.3026983787911154
225542,0.40278427968239394
225543,0.8155994200553583
225544,0.6066193681512219
225545,0.4004981342690016
225546,0.7704855445616555
225547,0.06826621095259088
225548,0.4910803968712077
225549,0.8200399052817685
225550,0.7945786993059754
225551,0.5207275669140673
225552,0.597574776953109
225553,0.37320073992937036
225554,0.47791801691656705
225555,0.7765076969925598
225556,0.5873166652274102
225557,0.8210443548570364
225558,0.17473332091027674
225559,0.5524745365215139
225560,0.556451429636262
225561,0.49747524099972273
225562,0.6233995845851078
225563,0.294376445884711
225564,0.61075533699056
225565,0.8401425318492326
225566,0.11722517396066738
225567,0.2702151158298526
225568,0.9250207934697142
225569,0.46244222142431857
225570,0.7646815531244745
225571,0.2013625972066303
225572,0.3104340040268883
225573,0.0843555842396862
225574,0.7794665054699325
225575,0.41106076238177264
225576,0.42147340481135886
225577,0.7348071320464865
225578,0.38850836965562374
225579,0.07099776839483503
225580,0.6198090182300782
225581,0.7706900704932712
225582,0.8758982097163454
225583,0.6159003004258685
225584,0.18440512496534422
225585,0.7033192286190864
225586,0.5035382986169502
225587,0.11091214020479863
225588,0.881029538089546
225589,0.2964307952422723
225590,0.3014075929115857
225591,0.4550202026170229
225592,0.04923620927093323
225593,0.8900014089564178
225594,0.7125592557074097
225595,0.5374305179960095
225596,0.47753169015684865
225597,0.4371310011317101
225598,0.7099685939069452
225599,0.22643293140200255
225600,0.9981865367396748
225601,0.39348516732493716
225602,0.9581812645156599
225603,0.6077919834924849
225604,0.31017493784684186
225605,0.1457088187036692
225606,0.7236763763458943
225607,0.3505619918098727
225608,0.31228382745283406
225609,0.013076024561291876
225610,0.10220842555937841
225611,0.17681494039205348
225612,0.25286677180814554
225613,0.21214338631312465
225614,0.2822912358365792
225615,0.014444075792765234
225616,0.2613205103149244
225617,0.9793928761345508
225618,0.680730475727317
225619,0.44003981438135453
225620,0.42874543793546976
225621,0.009767249489821425
225622,0.8381199976365893
225623,0.9629989864603833
225624,0.35187095777221267
225625,0.4632830502542939
225626,0.36304261865912796
225627,0.6494925484385582
225628,0.10693979211075307
225629,0.12854682053076752
225630,0.7891110394007845
225631,0.7028010962589936
225632,0.5620827102867454
225633,0.5718726848800797
225634,0.4081201339872103
225635,0.22636930111216658
225636,0.1990537266897251
225637,0.4181828098226987
225638,0.7630907958785753
225639,0.5351443725826172
225640,0.4630512541984629
225641,0.674894669145218
225642,0.7466969062044078
225643,0.6739038546320578
225644,0.5991246290126852
225645,0.4016298444239413
225646,0.5100922184700551
225647,0.2931402002536121
225648,0.7117956922293782
225649,0.32383727007876517
225650,0.20888915149008505
225651,0.026751991855322902
225652,0.5932660973270734
225653,0.690829511728426
225654,0.7770712795596785
225655,0.07859249798882834
225656,0.2917630589807336
225657,0.3198512869226119
225658,0.6713222828729984
225659,0.5197276623595021
225660,0.5449661623208695
225661,0.48024506751628254
225662,0.8681534944391672
225663,0.7026147504101882
225664,0.3194649601628935
225665,0.2512214743138155
225666,0.29124947164134335
225667,0.10581262697651588
225668,0.8616541148344931
225669,0.7759122992805233
225670,0.04670008771889956
225671,0.9416055740133896
225672,0.6525922525577105
225673,0.6008699169624718
225674,0.45095240908822337
225675,0.6553919853104931
225676,0.3401311692974761
225677,0.778384790542721
225678,0.20538948554910666
225679,0.4434985751360097
225680,0.2733875402802459
225681,0.12167474922848273
225682,0.25948432195108645
225683,0.2530031224292226
225684,0.44814358629403556
225685,0.9848923511846597
225686,0.6100235886574463
225687,0.9897055281086805
225688,0.5393530617531963
225689,0.1273514800859918
225690,0.09565450570627348
225691,0.9752796323987256
225692,0.8794705959885648
225693,0.7303439217165635
225694,0.9176396798487417
225695,0.2538894014662237
225696,0.2951900045904709
225697,0.7288531549261207
225698,0.7161407320210343
225699,0.594947754987024
225700,0.5879484231050673
225701,0.1259152535439799
225702,0.945800628121861
225703,0.260829648079047
225704,0.2561073715690775
225705,0.39096722585571375
225706,0.893482894814586
225707,0.5524836265629189
225708,0.03915535335263452
225709,0.027920062175883213
225710,0.0772062666745447
225711,0.5980520041268788
225712,0.02224333131837416
225713,0.16835665686457202
225714,0.3914944482572118
225715,0.22214243185877713
225716,0.41617845569286566
225717,0.25439389876420887
225718,0.3303593747869521
225719,0.4079701483040255
225720,0.4460165166052331
225721,0.425282132160112
225722,0.8737211447998146
225723,0.26765626917430607
225724,0.6633366814985842
225725,0.31806509378650216
225726,0.7494148285845442
225727,0.15630780698206082
225728,0.4676144549838424
225729,0.3762549938414969
225730,0.7606092145749724
225731,0.7486012698787843
225732,0.058489871421364324
225733,0.1289649624354039
225734,0.48207216583871537
225735,0.058053549433917676
225736,0.8672535803400585
225737,0.28683171151844594
225738,0.3865767358570318
225739,0.1512037487330755
225740,0.47978602042532303
225741,0.05057699037819117
225742,0.8460192436176547
225743,0.07803800546311487
225744,0.019302702923811817
225745,0.5733543616291172
225746,0.5595920389417375
225747,0.19313156471427728
225748,0.8815976656773672
225749,0.25652551347371383
225750,0.7679948732166476
225751,0.9255980110989406
225752,0.12840137986828531
225753,0.010621713381904456
225754,0.39474413805954883
225755,0.076569963776185
225756,0.3760186527649633
225757,0.9483003895082742
225758,0.26354757045918337
225759,0.5990019134537158
225760,0.1451588711986583
225761,0.1628844519386786
225762,0.6431976947654997
225763,0.2548074956481427
225764,0.38759482049440735
225765,0.8995914026388391
225766,0.4393716963380768
225767,0.16687498011553445
225768,0.967762168156676
225769,0.9235209366378664
225770,0.13331000222706016
225771,0.8832975034201281
225772,0.0655119284068339
225773,0.006953881674931029
225774,0.9745251589620991
225775,0.24344039887101687
225776,0.022270601442589574
225777,0.14909940414778589
225778,0.4314497252534985
225779,0.12661973175287813
225780,0.8273528435922026
225781,0.8197308438739939
225782,0.6758218533685421
225783,0.20037178269347017
225784,0.6772444448484464
225785,0.12688334295362716
225786,0.7488739711209385
225787,0.33929034046750084
225788,0.014994023297776122
225789,0.2475809127310575
225790,0.20006272128569547
225791,0.5936933292731149
225792,0.1164979706482563
225793,0.9341335599783657
225794,0.23347771349098495
225795,0.6490698615132192
225796,0.40461592302552934
225797,0.5455888301571215
225798,0.8346339667577185
225799,0.7389703710100399
225800,0.4403761459133446
225801,0.15929388558364882
225802,0.3868130769335654
225803,0.21722471945859714
225804,0.5139100358602134
225805,0.7552506351666433
225806,0.15083560205616736
225807,0.9867694447348208
225808,0.11915680775925934
225809,0.5945387031237928
225810,0.13108748710350376
225811,0.881906727085142
225812,0.9468096227178314
225813,0.3368996595779494
225814,0.40588852882224874
225815,0.07402929720344875
225816,0.47097322528304114
225817,0.5372805323128247
225818,0.128774071565896
225819,0.9639079906008972
225820,0.9834515796219452
225821,0.12942855454706595
225822,0.47728171401820735
225823,0.13318274164738822
225824,0.966516832484172
225825,0.34858490780425505
225826,0.1746515105376305
225827,0.2863590293653787
225828,0.1775239636216543
225829,0.5821717017921018
225830,0.45059789747342294
225831,0.9732480081446772
225832,0.7082051258743485
225833,0.5714000027270124
225834,0.8807159316610688
225835,0.7111548443103158
225836,0.12676971743606294
225837,0.541066534558065
225838,0.22503306502561118
225839,0.06815258543502664
225840,0.34271728607723806
225841,0.2168929329473096
225842,0.8852609523636381
225843,0.9509001413501439
225844,0.9433372269010686
225845,0.024988523822726014
225846,0.7715945296130824
225847,0.7529054044841175
225848,0.6094327359661124
225849,0.30553901673022116
225850,0.36251539625762996
225851,0.17238354520704843
225852,0.3904854536612414
225853,0.9726753355361534
225854,0.6771944496207181
225855,0.654928393198831
225856,0.48493552888133407
225857,0.9496229905327219
225858,0.07912426541102893
225859,0.39410783516118914
225860,0.9669895146372391
225861,0.9894510069493367
225862,0.3427536462428586
225863,0.7608319205893984
225864,0.30536630594352354
225865,0.6131323828180038
225866,0.40959726571554533
225867,0.9962730830238932
225868,0.8604496843483123
225869,0.6043650378827475
225870,0.45990155485158235
225871,0.6186727630544357
225872,0.47049145308856877
225873,0.14779043818544593
225874,0.19171806327577823
225875,0.29470368737529595
225876,0.1710064039341699
225877,0.22153794410533542
225878,0.540252975852305
225879,0.7064689279659668
225880,0.29743978983824265
225881,0.824721276605415
225882,0.9242481399502775
225883,0.7884656464610197
225884,0.7662677653496711
225885,0.5930661164161602
225886,0.8839338063184878
225887,0.3951531899227801
225888,0.17477877111730244
225889,0.6033651333281823
225890,0.8723894537339618
225891,0.1896955290631349
225892,0.5069470641438771
225893,0.04480026906522559
225894,0.1641706927975057
225895,0.39046727357843114
225896,0.705918980460956
225897,0.3266733629971684
225898,0.83603383313411
225899,0.36960562855363804
225900,0.5858213534162648
225901,0.7515282632112389
225902,0.0756064193872403
225903,0.4371082760281973
225904,0.14362265420118991
225905,0.9927325118965917
225906,0.23426400207252943
225907,0.682334868035324
225908,0.04609559996545785
225909,0.7398475600056358
225910,0.6997013921398412
225911,0.16452065939160354
225912,0.6664682007626546
225913,0.13965030610714432
225914,0.01044445757450425
225915,0.23377313983665196
225916,0.028424559473868405
225917,0.16364801541671023
225918,0.9473822953263552
225919,0.6741538307706991
225920,0.0531494720958454
225921,0.8324296317169725
225922,0.9735116193454262
225923,0.978261165979611
225924,0.2766008699169625
225925,0.264079337881384
225926,0.8998731939223984
225927,0.3916535239818017
225928,0.8713077388067503
225929,0.5186595824943983
225930,0.8348566727721445
225931,0.19232255102921994
225932,0.8226987423927716
225933,0.815244908440558
225934,0.8962371773603429
225935,0.8506869798791934
225936,0.4404215961203703
225937,0.47782711650251564
225938,0.7213220556219634
225939,0.6007290213206922
225940,0.6300034996659409
225941,0.45095695410892594
225942,0.10929865785538652
225943,0.27366478654310267
225944,0.3631244290317742
225945,0.4458801659841561
225946,0.9171442725921617
225947,0.8743483576567692
225948,0.2877634407624726
225949,0.23160061994082384
225950,0.1988446557374069
225951,0.8572045395666777
225952,0.3423400493589248
225953,0.5337490512269284
225954,0.35639779839197167
225955,0.6463428490916777
225956,0.8524004526840621
225957,0.13440535221637936
225958,0.052999486412660606
225959,0.538680398689216
225960,0.5547515918935011
225961,0.29168579362879
225962,0.17405156780489137
225963,0.33109112312006583
225964,0.6126097054372083
225965,0.9773112566527741
225966,0.4667281759468414
225967,0.3808000145440662
225968,0.15620327150590171
225969,0.8635721135709774
225970,0.027570095581785376
225971,0.7306166229587177
225972,0.4780998177446698
225973,0.6095236363801637
225974,0.8285118238713578
225975,0.07606092145749722
225976,0.5021747924061795
225977,0.07357025011248926
225978,0.2922584662373137
225979,0.2363456215543062
225980,0.49366196863026707
225981,0.4406397571140936
225982,0.36286536285172777
225983,0.4197553869857877
225984,0.3055799219165443
225985,0.7350571081851278
225986,0.7296258084455575
225987,0.3424627649178942
225988,0.5783629744433486
225989,0.10434458528958598
225990,0.6686225405756724
225991,0.8481781284513752
225992,0.9621081624026798
225993,0.47541371050945136
225994,0.8277482603933262
225995,0.38229078133450894
225996,0.4632557801300785
225997,0.3882038532685516
225998,0.4330223024165875
225999,0.5299357788574727
226000,0.8844155785129602
226001,0.06038969007503829
226002,0.8606814804041432
226003,0.12594706868889788
226004,0.01649388012962399
226005,0.0412460628758164
226006,0.5184641466041878
226007,0.7814799496411706
226008,0.33262734011753425
226009,0.6568463919353154
226010,0.034792133478167994
226011,0.2051485994518705
226012,0.3964394307816072
226013,0.8356565964157967
226014,0.7827571004585927
226015,0.8700396780307335
226016,0.7160225614827677
226017,0.7761759104812723
226018,0.9592266192772508
226019,0.2697333436353802
226020,0.04758182173519801
226021,0.0035905663550297473
226022,0.026083873812045216
226023,0.6325714363628927
226024,0.41283332045577464
226025,0.88423832270556
226026,0.5163370769153854
226027,0.13953668058958008
226028,0.34291272196744854
226029,0.7740033905854441
226030,0.6065011976129552
226031,0.45693820135350716
226032,0.2723012803323319
226033,0.6739402147976784
226034,0.7933015484885534
226035,0.25989337381431765
226036,0.9605810354466165
226037,0.7242990441821463
226038,0.39399875466432743
226039,0.8952463628471827
226040,0.7383704282773008
226041,0.7080415051290558
226042,0.8239213529617627
226043,0.4949027592820685
226044,0.7671040491589439
226045,0.07723808181946269
226046,0.27993691511264834
226047,0.4893214738593134
226048,0.7269033410447185
226049,0.8244803905081788
226050,0.6876161820917094
226051,0.6688770617350162
226052,0.29249026229314473
226053,0.48619449961594574
226054,0.11870685070970496
226055,0.1710245840169802
226056,0.6077965285131873
226057,0.2302916539784839
226058,0.007422018807295667
226059,0.13507801528035962
226060,0.9307884247412747
226061,0.10957135909754069
226062,0.6012426086600825
226063,0.13833225010339922
226064,0.5206457565414211
226065,0.9457415428527277
226066,0.7638589043773095
226067,0.7827071052308643
226068,0.06908431467905335
226069,0.17513782775280543
226070,0.5092832047849978
226071,0.7401566214134107
226072,0.5896891660341513
226073,0.8722167429472641
226074,0.6208316478881561
226075,0.7337708673263007
226076,0.7757941287422564
226077,0.2062848546275128
226078,0.3573886129051318
226079,0.7875111921134801
226080,0.13309184123333684
226081,0.11572986214952208
226082,0.1652933129110403
226083,0.48414924029978956
226084,0.1932770053767595
226085,0.028156403252416813
226086,0.17089732343730826
226087,0.025774812404270504
226088,0.1003722371955404
226089,0.10119488594270545
226090,0.44325768903877355
226091,0.3031574258820749
226092,0.03468305298130633
226093,0.18492780234613967
226094,0.29258116270719614
226095,0.7955922389226484
226096,0.6304943619018185
226097,0.8800796287627091
226098,0.5792174383354317
226099,0.3639107176133187
226100,0.4072202198881016
226101,0.03668286209043682
226102,0.030865235591148118
226103,0.409315474431986
226104,0.5460933274551065
226105,0.7646133778139359
226106,0.7300575854123016
226107,0.6185273223919535
226108,0.5261634116743402
226109,0.3950895596329441
226110,0.9094768226669272
226111,0.6001972538984915
226112,0.5541380140986543
226113,0.477158998459238
226114,0.1483858358974825
226115,0.7623817726489744
226116,0.4072429449916144
226117,0.48165402393407897
226118,0.9037728216852028
226119,0.6794669599720027
226120,0.18523231873321183
226121,0.748287663450307
226122,0.3897309802246149
226123,0.5735225273951123
226124,0.06768444830266201
226125,0.1120120352148204
226126,0.39694847310029496
226127,0.09770431004313225
226128,0.5346535103467397
226129,0.128774071565896
226130,0.6701314874489254
226131,0.8889787792983397
226132,0.2693470168756618
226133,0.6287218038278164
226134,0.47567732171020033
226135,0.10229023593202467
226136,0.9057271805873076
226137,0.5624599470050586
226138,0.7459378877470787
226139,0.21340690206843893
226140,0.7077597138454965
226141,0.22039259888828794
226142,0.962812640611578
226143,0.7622499670485999
226144,0.06765717817844659
226145,0.09840424323132792
226146,0.45515655323809995
226147,0.5440071629526273
226148,0.2930220297153453
226149,0.30138032278737026
226150,0.7301666659091632
226151,0.5860122442857728
226152,0.6560010180846374
226153,0.16785670458728938
226154,0.6379891010403552
226155,0.5843124065430119
226156,0.2543484485571832
226157,0.2120479408783707
226158,0.8778889287840707
226159,0.8136541511946588
226160,0.6202453402175248
226161,0.4044659373423446
226162,0.27778257529963046
226163,0.31486994423259596
226164,0.7446561919089542
226165,0.37071006858436234
226166,0.35707955149735704
226167,0.9370878234350357
226168,0.8130087582548939
226169,0.9059726117052463
226170,0.9894828220942546
226171,0.8915830761609119
226172,0.15947114139104904
226173,0.9823516846119233
226174,0.03622381499947732
226175,0.37989555542425496
226176,0.4698051549624808
226177,0.07309756795942204
226178,0.6012698787842978
226179,0.4596879388785616
226180,0.20358965735088924
226181,0.49177578503870084
226182,0.24680825921162072
226183,0.25192140750201114
226184,0.47514555428799976
226185,0.372159930188482
226186,0.5094968207580186
226187,0.5949613900491316
226188,0.34103108339658483
226189,0.246794624149513
226190,0.7960649210757155
226191,0.4210416278446148
226192,0.7402429768067593
226193,0.9060226069329745
226194,0.4939846651001495
226195,0.7834979388331114
226196,0.2100072265829171
226197,0.20281700383145246
226198,0.49675712772871683
226199,0.9524863535753405
226200,0.8766390480908641
226201,0.914808131951041
226202,0.5939342153703511
226203,0.06861163252598615
226204,0.3003258779843742
226205,0.37568686625367576
226206,0.21701564850627894
226207,0.07974693324728094
226208,0.5621099804109608
226209,0.5297039828016418
226210,0.7650815149463006
226211,0.8515096286263584
226212,0.6479381513582795
226213,0.9519273160289246
226214,0.7475240999722754
226215,0.2755827852795869
226216,0.5654096654410261
226217,0.9812654246640093
226218,0.878897923380041
226219,0.7758713940942001
226220,0.5382849818880925
226221,0.39616672953945303
226222,0.1337463242145068
226223,0.34375355079742387
226224,0.6610323560023816
226225,0.41880093263824814
226226,0.2751828234577608
226227,0.12046577372159929
226228,0.3894991841687839
226229,0.877716217997373
226230,0.45650642438676303
226231,0.8564909713163744
226232,0.9728389562814459
226233,0.5460706023515937
226234,0.7785575013294186
226235,0.5230228023688648
226236,0.5938887651633253
226237,0.20403052435903848
226238,0.5148735802491581
226239,0.002349775703228328
226240,0.8300662209516364
226241,0.16009380922730104
226242,0.44301225792083476
226243,0.7095413619609038
226244,0.9944959799291886
226245,0.4754637057371796
226246,0.8390835420255339
226247,0.2710150394735048
226248,0.8119679485140056
226249,0.373078024370401
226250,0.15124465391939862
226251,0.03167879429690803
226252,0.13578249348925786
226253,0.07207493830134395
226254,0.9753159925643461
226255,0.2847955422436949
226256,0.9825289404193236
226257,0.8514414533158199
226258,0.8047277305348126
226259,0.41087441653296725
226260,0.6374073383904264
226261,0.8017734670781426
226262,0.16811577076733586
226263,0.4521841096986196
226264,0.8505688093409266
226265,0.3977938469509728
226266,0.3320228523640925
226267,0.5431708791433545
226268,0.21004358674853763
226269,0.8732166475018294
226270,0.0408006508469646
226271,0.546902341140164
226272,0.4516887024420396
226273,0.5848805341308331
226274,0.25827080142350045
226275,0.46272855772858046
226276,0.052122297417064735
226277,0.3824134968934783
226278,0.18604587743897175
226279,0.7632862317687857
226280,0.5973975211457089
226281,0.0985996791215384
226282,0.32043759459324334
226283,0.9802064348403108
226284,0.30486180864553836
226285,0.11320283063889355
226286,0.7863522118343249
226287,0.9702801096258994
226288,0.4803950531994673
226289,0.8196717586048605
226290,0.598388335658869
226291,0.32661427772803503
226292,0.6264538384972343
226293,0.8361338235895664
226294,0.8703850996041287
226295,0.36971925407120226
226296,0.5983837906381665
226297,0.9594856854572973
226298,0.354684325587103
226299,0.9160080174165194
226300,0.4145740633848587
226301,0.7651815054017571
226302,0.7959149353925308
226303,0.5425891164934257
226304,0.8968643902172975
226305,0.8432013307820618
226306,0.24026342939992093
226307,0.09724526295217273
226308,0.027651905954431625
226309,0.9054135741588304
226310,0.7803755096104463
226311,0.7961876366346848
226312,0.12679698756027832
226313,0.019734479890555903
226314,0.5848714440894278
226315,0.39778930193027023
226316,0.7052235922934629
226317,0.4233550433822226
226318,0.21491584894169194
226319,0.546775080560492
226320,0.6480108716895207
226321,0.769044772998941
226322,0.41891910317651493
226323,0.10180846373755233
226324,0.14598151994582334
226325,0.7080460501497585
226326,0.17353343544479846
226327,0.03127428745437935
226328,0.8604224142240968
226329,0.25098967825798446
226330,0.4580290063221238
226331,0.7547643179514683
226332,0.44003981438135453
226333,0.7237763668013508
226334,0.34329904872716693
226335,0.8530003954168012
226336,0.6950972861681386
226337,0.35388440194345083
226338,0.04214597697492512
226339,0.757109548633994
226340,0.17021102531122032
226341,0.14383627017421063
226342,0.7782302598388335
226343,0.5807536553329
226344,0.0736384254230278
226345,0.9988273846587372
226346,0.18548229487185314
226347,0.5758586680362329
226348,0.14780407324755365
226349,0.6176864935619781
226350,0.10768517550597442
226351,0.4170874598333795
226352,0.5974975116011654
226353,0.8548002236150185
226354,0.6371391821689748
226355,0.2947900427686448
226356,0.02742465491930316
226357,0.4041432408724622
226358,0.29506274401079896
226359,0.24347675903663743
226360,0.37591411728880425
226361,0.06837983647015512
226362,0.5442162339049456
226363,0.17139727571459087
226364,0.13665968248485372
226365,0.30780698206080326
226366,0.22671472268556184
226367,0.9779066543648106
226368,0.41441044263956617
226369,0.6153276278173447
226370,0.5746678726121598
226371,0.6197181178160267
226372,0.7941560123806365
226373,0.046954608878243445
226374,0.841478767935788
226375,0.5617372887133502
226376,0.5475431890592262
226377,0.39347153226282944
226378,0.8266710904868172
226379,0.037860022452402275
226380,0.8956963198967371
226381,0.8556046922793733
226382,0.8873107567004969
226383,0.22081074079292431
226384,0.03443307684266502
226385,0.30169392921584753
226386,0.6068420741656478
226387,0.07770167393112475
226388,0.04397762031806055
226389,0.6600506315306266
226390,0.9761659114357266
226391,0.687261670476909
226392,0.7329164034342177
226393,0.914608151040128
226394,0.3669740615668504
226395,0.5176414978570227
226396,0.0559173897037101
226397,0.8135814308634176
226398,0.9703801000813559
226399,0.7202130705705364
226400,0.5137964103426492
226401,0.9888056140095719
226402,0.021711563896173548
226403,0.4361901818462783
226404,0.7081187704809996
226405,0.09659532499170534
226406,0.47513191922589204
226407,0.8277255352898133
226408,0.8339203985074152
226409,0.2505033610428095
226410,0.3844905713545525
226411,0.8967916698860564
226412,0.4241549670258748
226413,0.0337695038200899
226414,0.5268860699660487
226415,0.017571050036132914
226416,0.3018666400025452
226417,0.596624867626272
226418,0.40637939105812626
226419,0.5644597561141891
226420,0.46699178714759043
226421,0.6063330318469601
226422,0.8108316933383632
226423,0.27740079356061464
226424,0.857118184173329
226425,0.058426241131528354
226426,0.9109403193331546
226427,0.24673099385967703
226428,0.7386658546229679
226429,0.6151321919271343
226430,0.12652883133882675
226431,0.4802905177233082
226432,0.48526277037191906
226433,0.2726421568850246
226434,0.05939887556187819
226435,0.38584498752391816
226436,0.43647651815054017
226437,0.8712350184755092
226438,0.3536935110739429
226439,0.5673958394880488
226440,0.7164861535944297
226441,0.607178405697638
226442,0.8986369482912995
226443,0.7363706191681704
226444,0.7347207766531377
226445,0.7205675821853369
226446,0.19987183041618753
226447,0.16524786270401462
226448,0.18667309029592632
226449,0.39810290835874756
226450,0.6451838688125224
226451,0.9685166415933024
226452,0.6538784934165376
226453,0.8322523759095722
226454,0.2930220297153453
226455,0.24284500115898028
226456,0.21943359952004582
226457,0.21510219479049728
226458,0.18451420546220587
226459,0.5718454147558643
226460,0.9531817417428337
226461,0.40356602324323587
226462,0.5816762945355216
226463,0.6537103276505425
226464,0.49568450284291043
226465,0.0642529576722222
226466,0.5159462051349644
226467,0.8159402966080511
226468,0.8843155880575035
226469,0.4498252439539862
226470,0.2574572427177405
226471,0.11347553188104771
226472,0.18229623535935205
226473,0.9829516273446626
226474,0.9552906313488259
226475,0.2565436935565241
226476,0.7468923420946183
226477,0.09457733579976457
226478,0.7948423105067244
226479,0.5095013657787212
226480,0.13874130196663045
226481,0.5758813931397457
226482,0.11396639411692519
226483,0.14974934210825333
226484,0.024652192290735883
226485,0.8521050263383949
226486,0.9572586253130384
226487,0.8019370878234351
226488,0.24853536707859705
226489,0.48906240767926695
226490,0.3376086828075502
226491,0.2658609859967912
226492,0.4038159993818771
226493,0.9778475690956773
226494,0.9306429840787924
226495,0.10654437530962954
226496,0.9866876343621745
226497,0.4829129946686907
226498,0.7474013844133061
226499,0.5709864058430786
226500,0.09841787829343561
226501,0.5732952763599838
226502,0.3604974070656891
226503,0.39262615841215154
226504,0.9704982706196227
226505,0.8992868862517669
226506,0.8893878311615709
226507,0.2571754514341813
226508,0.7677448970780063
226509,0.6189772794415078
226510,0.7024965798719214
226511,0.4732275555515155
226512,0.15559878375246
226513,0.11967494011935224
226514,0.5559742024624922
226515,0.18771390003681468
226516,0.6259902463855723
226517,0.7132546438749029
226518,0.42282327596002195
226519,0.14263183968802978
226520,0.577440335240727
226521,0.25762086346303303
226522,0.9739661214156831
226523,0.6721040264338404
226524,0.3795455888301571
226525,0.6860981451770513
226526,0.3216329350380191
226527,0.3077024465846442
226528,0.7262215879393331
226529,0.645483840178892
226530,0.15714863581203614
226531,0.8465373759777476
226532,0.9351880047813619
226533,0.7068007144772546
226534,0.6486653546706906
226535,0.2692106662545848
226536,0.7818890015044019
226537,0.06718904104608196
226538,0.5780039178078457
226539,0.35412983306138957
226540,0.8215579421964267
226541,0.15880756836847393
226542,0.8302752919039547
226543,0.941073806591189
226544,0.4316860663300321
226545,0.21803373314365446
226546,0.6443203148790343
226547,0.6587462105889892
226548,0.601278968825703
226549,0.13252371364551566
226550,0.9995818580953636
226551,0.9564132514623604
226552,0.8907604274137468
226553,0.6673953849859787
226554,0.9372468991596257
226555,0.6804168692988397
226556,0.26288854245731086
226557,0.9074451984128789
226558,0.5265997336617869
226559,0.21054353902582026
226560,0.2718695033655878
226561,0.014116834302180246
226562,0.4042886815349444
226563,0.8838565409665441
226564,0.29625808445557467
226565,0.8156585053244918
226566,0.08166493198376518
226567,0.6912840137986829
226568,0.7760395598601952
226569,0.9684166511378459
226570,0.1745924252684971
226571,0.22298326068875246
226572,0.8759163897991555
226573,0.6600915367169498
226574,0.6765354216188455
226575,0.41242426859254344
226576,0.7666768172129024
226577,0.7492193926943338
226578,0.996454883851996
226579,0.27016966562282685
226580,0.5479931461087806
226581,0.6845392030760701
226582,0.9647988146586007
226583,0.5389849150762882
226584,0.49223937715036287
226585,0.25298948736711496
226586,0.4649192577072188
226587,0.7753305366305944
226588,0.022075165552379095
226589,0.22513760050177029
226590,0.8755027929152218
226591,0.5796446702814733
226592,0.17285168233941306
226593,0.12483353861676838
226594,0.6223587748442195
226595,0.48565818717304254
226596,0.06284400125442571
226597,0.19297248898968736
226598,0.028429104494570975
226599,0.17796483062980353
226600,0.14040477954377084
226601,0.5206321214793134
226602,0.9906281673113021
226603,0.819349062134978
226604,0.07799710027679174
226605,0.39079906008971865
226606,0.2740602033442262
226607,0.6267265397393885
226608,0.4832538712213834
226609,0.3221783375223274
226610,0.6335531608346476
226611,0.8984233323182788
226612,0.5186595824943983
226613,0.8878470691434
226614,0.2909176851300557
226615,0.8247939969366561
226616,0.5463069434281274
226617,0.5470296017198358
226618,0.09333654514796315
226619,0.5431617891019495
226620,0.8250666981788102
226621,0.7309484094700052
226622,0.7819708118770481
226623,0.7101140345694275
226624,0.04991341735561605
226625,0.9408056503697374
226626,0.14574517886928975
226627,0.003049708891424
226628,0.805768540275701
226629,0.7059371605437662
226630,0.9203666922702832
226631,0.5803900536766945
226632,0.6663773003486031
226633,0.3438217261079624
226634,0.8425877529872148
226635,0.0813513255552879
226636,0.3119156807759259
226637,0.33055026565646006
226638,0.6244131242017807
226639,0.8582635293903764
226640,0.8939919371332737
226641,0.5617691038582682
226642,0.18630039859831563
226643,0.6156730493907401
226644,0.7980738202262512
226645,0.01747105958067639
226646,0.8605633098658765
226647,0.36031560623758635
226648,0.6127778712032034
226649,0.8875061925907073
226650,0.7090914049113494
226651,0.3853359452052304
226652,0.9706073511164844
226653,0.09663168515732588
226654,0.6773126201589849
226655,0.8399107357934016
226656,0.14197735670685982
226657,0.7187450288836066
226658,0.9508910513087387
226659,0.5235182096254449
226660,0.9916235268451649
226661,0.5322628294571883
226662,0.4452529531272015
226663,0.4061612300644029
226664,0.6591143572658974
226665,0.9680439594402352
226666,0.7910244931165661
226667,0.5557105912617432
226668,0.8649992500715842
226669,0.9579540134805314
226670,0.7951195567695811
226671,0.05286313579158353
226672,0.9604401398048368
226673,0.7363342590025498
226674,0.7955922389226484
226675,0.18800023634107654
226676,0.42303234691234015
226677,0.12247467287213493
226678,0.16832029669895146
226679,0.5914526340667482
226680,0.05820353511710246
226681,0.14576335895210002
226682,0.11922952809050044
226683,0.7427700083173878
226684,0.7866021879729662
226685,0.23339590311833872
226686,0.01019448143586294
226687,0.6528058685307312
226688,0.07280214161375503
226689,0.7672767599456415
226690,0.6944018980006453
226691,0.6602960626485654
226692,0.6331441089714165
226693,0.30267110866689995
226694,0.5993655151099213
226695,0.8003190604533205
226696,0.8389517364251595
226697,0.22238786297671587
226698,0.5608555546970516
226699,0.38738574954208915
226700,0.2709014139559406
226701,0.9938551320101263
226702,0.6947291394912304
226703,0.7010876234541248
226704,0.8667718081455861
226705,0.3529708527822344
226706,0.4029160852827684
226707,0.7942105526290673
226708,0.7622363319864923
226709,0.641716018016462
226710,0.7588457465423755
226711,0.18051004222324235
226712,0.6059421600665391
226713,0.9290794969571087
226714,0.6016925657096369
226715,0.512310188572909
226716,0.9936324259957005
226717,0.5538925829807155
226718,0.9947323210057222
226719,0.9119902191154481
226720,0.006576644956617777
226721,0.19036819212711514
226722,0.22769644715731682
226723,0.5176142277328074
226724,0.04021434317633317
226725,0.5071879502411133
226726,0.8846928247758169
226727,0.6735811581621755
226728,0.14616332077392613
226729,0.29429463551206475
226730,0.3801318965007885
226731,0.8861335963385314
226732,0.8075456433704056
226733,0.4773044391217202
226734,0.5046109235027566
226735,0.8972325368942057
226736,0.6443884901895729
226737,0.034314906304398214
226738,0.43595384076974464
226739,0.16712495625417573
226740,0.3265870076038196
226741,0.8474963753459898
226742,0.08016962017261987
226743,0.771830870689616
226744,0.8416105735361624
226745,0.05575831397912017
226746,0.5606555737861387
226747,0.9138400425413937
226748,0.2883042982260784
226749,0.9110630348921239
226750,0.8143722644656647
226751,0.8906604369582903
226752,0.06697088005235863
226753,0.9918735029838062
226754,0.8454374809677259
226755,0.061721381140891096
226756,0.07255216547511374
226757,0.03055162916267084
226758,0.07441562396316716
226759,0.6392662518577773
226760,0.18179173806136686
226761,0.4050386099508683
226762,0.7534417169270206
226763,0.9674258366246858
226764,0.16194363265324674
226765,0.44663009440007995
226766,0.6804123242781371
226767,0.3851586893978302
226768,0.06482563028074592
226769,0.9936506060785107
226770,0.9064952890860418
226771,0.07368387563005349
226772,0.6945473386631277
226773,0.4731866503651924
226774,0.7392521622935992
226775,0.1028765436026561
226776,0.8883833815863031
226777,0.6210725339853923
226778,0.7242899541407412
226779,0.1778057549052136
226780,0.1661250516996105
226781,0.7941423773185288
226782,0.8841292422086983
226783,0.8933283641106986
226784,0.39633035028474556
226785,0.2844546656910022
226786,0.14809949959322063
226787,0.6924111789329201
226788,0.27183314319996726
226789,0.47261852277737126
226790,0.4014844037614591
226791,0.43217238354520704
226792,0.660627849159853
226793,0.40157984919621303
226794,0.31315647142772735
226795,0.09586812167929425
226796,0.30292108480554125
226797,0.7117456970016499
226798,0.9017321073897492
226799,0.011898864199326427
226800,0.9439462596752128
226801,0.590389099222347
226802,0.07212038850836965
226803,0.5817126547011422
226804,0.7021238881743107
226805,0.699219619945369
226806,0.5693729234936665
226807,0.318510505815354
226808,0.7820117170633712
226809,0.8081910363101704
226810,0.1489494184646011
226811,0.644956617777394
226812,0.5770767335845215
226813,0.5120693024756727
226814,0.08031051581439953
226815,0.2080255975565969
226816,0.7076869935142555
226817,0.8266438203626018
226818,0.9745024338585863
226819,0.23386404025070334
226820,0.9675621872457629
226821,0.8169947414110472
226822,0.5247453652151386
226823,0.3577613046027424
226824,0.9804155057926288
226825,0.9766204135059835
226826,0.5034155830579808
226827,0.08934601697110729
226828,0.928715895300903
226829,0.41269696983469756
226830,0.9290113216465701
226831,0.4920757564050704
226832,0.28638629948959415
226833,0.9716890660436959
226834,0.5265679185168689
226835,0.7934197190268202
226836,0.8263393039755296
226837,0.28826339303975523
226838,0.260861463223965
226839,0.2389044682098527
226840,0.7888110680344149
226841,0.9571177296712586
226842,0.9848923511846597
226843,0.13256007381113621
226844,0.08402379772839864
226845,0.3954804314133651
226846,0.19063634834856674
226847,0.28573636152912674
226848,0.6298626040241614
226849,0.6929702164793361
226850,0.2547984056067375
226851,0.26539284886442654
226852,0.37533689965957795
226853,0.5683957440426142
226854,0.5508474191099941
226855,0.9763795274087473
226856,0.009789974593334272
226857,0.4499297794301453
226858,0.15335808854609334
226859,0.5201594393262461
226860,0.5686820803468761
226861,0.7605455842851364
226862,0.5443843996709404
226863,0.6446748264938347
226864,0.5846896432613251
226865,0.0200162711741152
226866,0.8450238840837919
226867,0.20227614636784672
226868,0.4009299112357457
226869,0.8467282668472556
226870,0.2372500806741175
226871,0.47455470159666574
226872,0.31937405974884214
226873,0.07146590552719967
226874,0.6146549647533646
226875,0.7460106080783198
226876,0.20309879511501178
226877,0.708273301184887
226878,0.547924970798242
226879,0.27614182282600297
226880,0.30859327064234776
226881,0.9680757745851533
226882,0.44974343358133995
226883,0.17849205303130156
226884,0.7555415164916077
226885,0.6723903627381024
226886,0.5983383404311408
226887,0.48354020752564525
226888,0.3572204471391367
226889,0.9927325118965917
226890,0.8205489476004563
226891,0.16028924511751153
226892,0.13315092650247023
226893,0.5523200058176265
226894,0.2936810577172179
226895,0.22141068352566348
226896,0.35544334404443206
226897,0.5895073652060485
226898,0.7635907481558579
226899,0.5279041546034242
226900,0.592288917876021
226901,0.1600710841237882
226902,0.6135687048054504
226903,0.0677298985096877
226904,0.6237086459928826
226905,0.7223537753214466
226906,0.9208439194440532
226907,0.5082287599820017
226908,0.1871775875939115
226909,0.4926347939514864
226910,0.2574254275728226
226911,0.32747328664082065
226912,0.2263056708223306
226913,0.4644193054299362
226914,0.5877211720699388
226915,0.9944687098049733
226916,0.8845610191754424
226917,0.38531322010171754
226918,0.5476068193490622
226919,0.15859395239545315
226920,0.8870471454997478
226921,0.17473332091027674
226922,0.3354770680980452
226923,0.2264238413605974
226924,0.7048872607614728
226925,0.8803841451497811
226926,0.9305748087682539
226927,0.9549088496098099
226928,0.6819712663791184
226929,0.20332604615014022
226930,0.8298889651442363
226931,0.27512373818862745
226932,0.6395253180378238
226933,0.5653823953168107
226934,0.2741965539653033
226935,0.6390435458433513
226936,0.25780720931183837
226937,0.2600433594975025
226938,0.17555142463673923
226939,0.7796892114843583
226940,0.20637575504156425
226941,0.12841501493039303
226942,0.586684907349753
226943,0.06607551097395248
226944,0.4405352216379345
226945,0.46049695256361894
226946,0.6044786634003118
226947,0.4810495361806373
226948,0.25920253066752713
226949,0.9504365492384818
226950,0.09934506251675976
226951,0.5433708600542676
226952,0.5573649787974785
226953,0.9293385631371551
226954,0.46935974293362903
226955,0.5728135041655116
226956,0.6157957649497093
226957,0.3069161580030997
226958,0.6978606587553007
226959,0.3033119565859622
226960,0.7838933556342349
226961,0.10394916848846246
226962,0.842765008794615
226963,0.14837674585607738
226964,0.1347689538725849
226965,0.8620040814285909
226966,0.7054008481008631
226967,0.5593375177823935
226968,0.08206943882629385
226969,0.8995686775353262
226970,0.3569159307520645
226971,0.8739347607728353
226972,0.23997709309565904
226973,0.5238999913644606
226974,0.9896737129637626
226975,0.016993832406906613
226976,0.6895932660973271
226977,0.22045622917812394
226978,0.4433531344735275
226979,0.3110839419873557
226980,0.4936028833611337
226981,0.41236063830270747
226982,0.6246767354025298
226983,0.44917076097281616
226984,0.3291549443007713
226985,0.342908176946746
226986,0.8963962530849329
226987,0.6539512137477786
226988,0.1885819989910054
226989,0.45607464742001896
226990,0.8773617063825726
226991,0.11022584207871067
226992,0.02831093395630417
226993,0.9495729953049936
226994,0.7197676585416847
226995,0.8474918303252871
226996,0.0875689138764027
226997,0.7250171574531522
226998,0.17503329227664632
226999,0.6793987846614642
227000,0.2675608237395521
227001,0.8506188045686548
227002,0.09522727376023198
227003,0.8789979138354975
227004,0.806718449602538
227005,0.8967734898032461
227006,0.47066416387526644
227007,0.9620308970507361
227008,0.606355756950473
227009,0.630098945100695
227010,0.4004526840619759
227011,0.2313233736779671
227012,0.3246917339708482
227013,0.888574272455811
227014,0.06707087050781516
227015,0.7138818567318574
227016,0.08053322182882543
227017,0.5284041068807068
227018,0.2919584948709441
227019,0.9200894460074266
227020,0.20980270065130147
227021,0.10506269856059193
227022,0.8986460383327046
227023,0.15943932624613105
227024,0.9918189627353753
227025,0.09598629221756105
227026,0.08456920021270696
227027,0.9820062630385282
227028,0.46065602828820884
227029,0.05776266810895324
227030,0.44822994168738434
227031,0.5820398961917271
227032,0.7698310615804855
227033,0.42991805327673266
227034,0.448793524254503
227035,0.45530199390058224
227036,0.5536880570491
227037,0.7667404475027384
227038,0.5002567936696952
227039,0.7021284331950132
227040,0.7007558369428373
227041,0.24495389076497243
227042,0.8291708518732303
227043,0.6048104499115994
227044,0.4846673726598824
227045,0.6893841951450088
227046,0.052899495957204085
227047,0.7095095468159858
227048,0.46776898568772973
227049,0.7133546343303594
227050,0.7781893546525105
227051,0.2142113707327937
227052,0.8336613323273688
227053,0.5914662691288559
227054,0.034133105476295444
227055,0.36186545829716255
227056,0.5248817158362157
227057,0.2819094540975634
227058,0.6369301112166567
227059,0.7251898682398499
227060,0.2698196990287291
227061,0.39530317560596484
227062,0.1031128846791897
227063,0.8729757614045933
227064,0.5596511242108708
227065,0.7580912731057491
227066,0.5231455179278343
227067,0.35641597847478196
227068,0.2733693601974357
227069,0.15419891737606867
227070,0.785897709764068
227071,0.2861499584130605
227072,0.7089868694351904
227073,0.830229841696929
227074,0.6382799823653197
227075,0.24483572022670563
227076,0.21711563896173547
227077,0.19811290740429321
227078,0.3806727539643943
227079,0.3054163011712518
227080,0.720776653137655
227081,0.05924434485799083
227082,0.938255893755596
227083,0.5268088046141051
227084,0.4742320051267833
227085,0.877788938328614
227086,0.809704528204126
227087,0.2744465301039446
227088,0.14043204966798623
227089,0.4062066802714286
227090,0.6649547088686989
227091,0.8352293644697552
227092,0.9530272110389463
227093,0.18842746828711807
227094,0.08867335390712704
227095,0.4783497938833111
227096,0.3946805077697129
227097,0.061080533221828825
227098,0.4727094231914226
227099,0.33040027997327526
227100,0.640797923834543
227101,0.939787565732362
227102,0.047272760327423294
227103,0.010830784334222642
227104,0.9355016112098391
227105,0.028056412796960292
227106,0.29510819421782464
227107,0.5312765599647308
227108,0.6280991359915644
227109,0.4731184750546539
227110,0.04829084496479882
227111,0.7374159739297613
227112,0.35859758841201517
227113,0.7139636671045037
227114,0.5632871407729263
227115,0.6113643697647043
227116,0.7356479608764619
227117,0.09682712104753637
227118,0.4086519014094109
227119,0.6089009685439117
227120,0.14393626062966716
227121,0.5297630680707751
227122,0.6669408829157217
227123,0.7966285036428341
227124,0.27382840728839514
227125,0.8385790447275489
227126,0.7167224946709632
227127,0.5766722267419928
227128,0.8277437153726235
227129,0.8282073074842856
227130,0.8045686548102227
227131,0.39350789242845
227132,0.643415855759223
227133,0.27253762140886545
227134,0.3081069534271728
227135,0.1736606960244704
227136,0.6393707873339364
227137,0.513428263665741
227138,0.9188668354384354
227139,0.033842224151331014
227140,0.7458151721881093
227141,0.9110039496229906
227142,0.024543111793874223
227143,0.28914058203535115
227144,0.5136282445766541
227145,0.7363615291267652
227146,0.7289167852159567
227147,0.4032887769803791
227148,0.050386099508683266
227149,0.6422796005835807
227150,0.45934706232586886
227151,0.06402116161639115
227152,0.8039459869739707
227153,0.12553801682566665
227154,0.877948014053204
227155,0.16789306475290994
227156,0.4990614532249194
227157,0.6277718945009795
227158,0.4904213688693352
227159,0.2721058444421214
227160,0.30917503329227664
227161,0.7357070461455952
227162,0.4541066534558065
227163,0.571699974093382
227164,0.35466614550429276
227165,0.7534553519891283
227166,0.7400202707923336
227167,0.7140500224978524
227168,0.8740211161661842
227169,0.15943023620472593
227170,0.5008612814231369
227171,0.9257979920098537
227172,0.9013685057335437
227173,0.8169083860176983
227174,0.0621940632939583
227175,0.4928211398002918
227176,0.5929979411056218
227177,0.2684970980042814
227178,0.7188904695460888
227179,0.5153099022366047
227180,0.4632785052335913
227181,0.47724989887328934
227182,0.8789524636284718
227183,0.4402579753750778
227184,0.10008135587057598
227185,0.4252139568495734
227186,0.9576994923211875
227187,0.44191236291081304
227188,0.09060953272642157
227189,0.7058189900054995
227190,0.39587130319378605
227191,0.6012744238050005
227192,0.4083428400016362
227193,0.8575090559537498
227194,0.8858245349307566
227195,0.6149958413060572
227196,0.054849309838606315
227197,0.7324346312397453
227198,0.9051590529994864
227199,0.09157307711536625
227200,0.6707314301816645
227201,0.03577840297062553
227202,0.651119665850078
227203,0.13559160261974992
227204,0.5829443553115385
227205,0.8646447384567837
227206,0.8367564914258185
227207,0.06310306743447217
227208,0.4418987278487053
227209,0.5811490721340236
227210,0.5919389512819232
227211,0.7633953122656474
227212,0.44407124774453344
227213,0.8604178692033942
227214,0.161402775189641
227215,0.016871116847937247
227216,0.18451420546220587
227217,0.165961430954318
227218,0.5084196508515096
227219,0.5421755196094918
227220,0.9463096704405488
227221,0.6409206393935125
227222,0.7404020525313493
227223,0.22182428040959729
227224,0.48526277037191906
227225,0.38596315806218495
227226,0.7097913380995451
227227,0.44040341603756006
227228,0.294767317665132
227229,0.7004695006385755
227230,0.09512728330477545
227231,0.07850159757477695
227232,0.8188354747955877
227233,0.6590552719967641
227234,0.6679589675530971
227235,0.2018034642147795
227236,0.662136796033106
227237,0.38930374827857334
227238,0.5633462260420596
227239,0.3940760200162712
227240,0.9757432245103876
227241,0.5177414883124793
227242,0.6585962249058045
227243,0.7997736579690121
227244,0.9303339226710178
227245,0.5266360938274074
227246,0.05301312147476832
227247,0.8990369101131256
227248,0.9497366160502861
227249,0.0786243131337463
227250,0.4217415610328105
227251,0.6108144222596934
227252,0.8327795983110704
227253,0.9465596465791901
227254,0.8000963544388945
227255,0.7403929624899442
227256,0.8562182700742202
227257,0.25365306038969004
227258,0.06278946100599488
227259,0.9849014412260648
227260,0.4158330341194704
227261,0.5387894791860778
227262,0.2606751173751596
227263,0.66288672444903
227264,0.2709195940387508
227265,0.9296203544207144
227266,0.8714440894278274
227267,0.662368592088937
227268,0.8342430949772977
227269,0.6309897691583986
227270,0.3028165493293822
227271,0.7464332950036588
227272,0.20783925170779152
227273,0.5772539893919217
227274,0.9249344380763656
227275,0.26394753228100953
227276,0.320546675090105
227277,0.483067525372578
227278,0.5377850296108099
227279,0.7617818299162352
227280,0.802591570804605
227281,0.7717263352134569
227282,0.5303721008449194
227283,0.665195594965935
227284,0.6833165925070789
227285,0.7142363683466578
227286,0.27677812572436267
227287,0.9487867067234492
227288,0.6291672158566683
227289,0.1865276496334441
227290,0.535294358265802
227291,0.8634039478049823
227292,0.7518555047018239
227293,0.677744397125729
227294,0.20662573118020552
227295,0.944609832697788
227296,0.9405238590861782
227297,0.09166852255012022
227298,0.4797269351561896
227299,0.03229691711245745
227300,0.5474068384381491
227301,0.20997995645870168
227302,0.4900759472959399
227303,0.5983519754932485
227304,0.317137909563178
227305,0.4290226841983265
227306,0.3777593956940474
227307,0.6770717340617487
227308,0.49541634662145884
227309,0.4114925393485167
227310,0.023034164920621214
227311,0.45317037919107717
227312,0.570159212075211
227313,0.4121879275160098
227314,0.10249930688434285
227315,0.6150231114302726
227316,0.36138823112339274
227317,0.9995727680539584
227318,0.16808850064312042
227319,0.54188918330523
227320,0.13548706714359082
227321,0.1422136977833934
227322,0.21984719640397965
227323,0.6660636939201259
227324,0.10527176951291012
227325,0.24694915485340035
227326,0.5565650551538263
227327,0.04974070656891842
227328,0.8583453397630226
227329,0.7995827670995042
227330,0.23963621654296635
227331,0.06197135727953241
227332,0.2599979092904768
227333,0.9224664918348704
227334,0.5343080887733443
227335,0.6375345989700983
227336,0.2602342503670104
227337,0.10132669154307997
227338,0.1566941337417792
227339,0.3812181564487026
227340,0.9037137364160694
227341,0.2503033801318965
227342,0.5002067984419669
227343,0.9316792487989783
227344,0.8306343485394576
227345,0.9348244031251562
227346,0.5136736947836797
227347,0.49945687002604294
227348,0.2970171029129038
227349,0.15720772108116954
227350,0.4216733857222719
227351,0.7121911090305016
227352,0.5100922184700551
227353,0.48105408120133986
227354,0.47625453933942663
227355,0.5028747255943752
227356,0.5143645379304703
227357,0.47624090427731897
227358,0.4088246121961085
227359,0.7657814481344962
227360,0.9351152844501207
227361,0.10787606637548233
227362,0.4841810554447076
227363,0.23312774689688712
227364,0.9560541948268574
227365,0.5446116507060691
227366,0.9423327773258007
227367,0.544452574981479
227368,0.7951241017902837
227369,0.25228500915821667
227370,0.557001377141273
227371,0.2750601078987915
227372,0.7555642415951206
227373,0.8957372250830603
227374,0.6748401288967871
227375,0.689752341821917
227376,0.3158016734766227
227377,0.11995218638220896
227378,0.8721576576781307
227379,0.16262538575863214
227380,0.5127828707259762
227381,0.9991228110044041
227382,0.8199262797642043
227383,0.936378800205435
227384,0.9954595243181332
227385,0.24947618636402888
227386,0.6186045877438971
227387,0.26472018580044626
227388,0.8564773362542666
227389,0.24651737788665626
227390,0.5217002013444171
227391,0.9492548438558138
227392,0.8917285168233942
227393,0.12196563055344715
227394,0.768549365742361
227395,0.1979538316797033
227396,0.9846469200667209
227397,0.20794378718395062
227398,0.8113271005949432
227399,0.9657350889233302
227400,0.5511337554142559
227401,0.20956181455406528
227402,0.8284981888092501
227403,0.3838224533112748
227404,0.36485153689875055
227405,0.38654492071211377
227406,0.7413519618581863
227407,0.6492062121342963
227408,0.36306079874193825
227409,0.23255961930906596
227410,0.3491848505369942
227411,0.055840124351766426
227412,0.07570186482199426
227413,0.9250162484490118
227414,0.7243490394098745
227415,0.6207543825362125
227416,0.7172769871966767
227417,0.1630889778702942
227418,0.7088050686070876
227419,0.8919557678585226
227420,0.9740024815813035
227421,0.5248908058776208
227422,0.646306488926057
227423,0.27770530994768683
227424,0.759759295703592
227425,0.904963617109276
227426,0.6180910004045069
227427,0.6525967975784129
227428,0.6488698806023062
227429,0.24738547684084702
227430,0.04468664354766136
227431,0.6016607505647189
227432,0.4138195899482322
227433,0.37414610423550476
227434,0.3571795419528136
227435,0.8858790751791874
227436,0.8438058185355034
227437,0.5093013848678081
227438,0.8422286963517119
227439,0.8924193599701847
227440,0.4445939251253289
227441,0.8767072234014026
227442,0.9022775098740575
227443,0.1840551583712464
227444,0.20223524118152358
227445,0.26964244322132885
227446,0.33200012726057965
227447,0.47781348144040797
227448,0.331595620418051
227449,0.0687070779607401
227450,0.8364247049145309
227451,0.9200758109453189
227452,0.8186082237604593
227453,0.0682343958076729
227454,0.9018548229487187
227455,0.3068570727339663
227456,0.6330850237022829
227457,0.8570590989041955
227458,0.9978138450420642
227459,0.8332295553606247
227460,0.26863799364606106
227461,0.5506701633025939
227462,0.07924243594929574
227463,0.14765408756436887
227464,0.7418382790733612
227465,0.10128124133605428
227466,0.4143968075774585
227467,0.6294944573472532
227468,0.3656560055631053
227469,0.5408983687920699
227470,0.3320273973847951
227471,0.4726866980879098
227472,0.40121170251930494
227473,0.31254743865358303
227474,0.7000968089409647
227475,0.1672794869580631
227476,0.8382018080092355
227477,0.5885074606514833
227478,0.45792901586666723
227479,0.606292126660637
227480,0.2751373732507351
227481,0.7868021688838793
227482,0.7505010885324583
227483,0.6448157221356143
227484,0.8233214102290236
227485,0.30895232727785077
227486,0.42193699692302095
227487,0.19957640407052055
227488,0.6954245276587235
227489,0.7904472754873398
227490,0.051976856754582516
227491,0.5556196908476918
227492,0.02078892469355198
227493,0.8479417873748415
227494,0.5008976415887575
227495,0.5413074206553011
227496,0.16607505647188223
227497,0.9645715636234723
227498,0.6397207539280342
227499,0.7889655987383023
227500,0.936833302275692
227501,0.8209261843187696
227502,0.41629208121042993
227503,0.4206553010848964
227504,0.7580776380436413
227505,0.47491830325287127
227506,0.35076197272078574
227507,0.6339213075115557
227508,0.018902741101985723
227509,0.941041991446271
227510,0.1915135373441626
227511,0.8027551915498976
227512,0.1360142895450889
227513,0.022511487539825743
227514,0.6443839451688703
227515,0.08568273028483644
227516,0.9682848455374715
227517,0.7939833015939388
227518,0.21145254316633413
227519,0.2537712309279569
227520,0.42384136059739747
227521,0.9017275623690466
227522,0.7433790410915322
227523,0.6687088959690212
227524,0.8130223933170015
227525,0.6616595688593362
227526,0.3921898364247049
227527,0.3972529894873671
227528,0.811636162002718
227529,0.009358197626590188
227530,0.5712545620645302
227531,0.5937569595629508
227532,0.9269251571440907
227533,0.07624272228560001
227534,0.690638620858918
227535,0.6993514255457434
227536,0.5722044713913672
227537,0.07167952150022043
227538,0.7422018807295667
227539,0.05016793851495994
227540,0.7034419441780557
227541,0.30852055031110664
227542,0.029851695974475165
227543,0.2700969452915858
227544,0.6133505438117272
227545,0.4670735975202367
227546,0.1541171070034224
227547,0.5254407533826316
227548,0.35890210479908735
227549,0.4922848273573886
227550,0.4711459360697388
227551,0.6344712550165666
227552,0.7342571845414756
227553,0.09899055090195935
227554,0.3978438421787011
227555,0.2669517909654078
227556,0.6057421791556261
227557,0.2393180650937865
227558,0.6226678362519942
227559,0.7726853345816991
227560,0.7831661523218238
227561,0.09546361483676556
227562,0.0924275410074493
227563,0.2737056917294258
227564,0.723162789006504
227565,0.3512801050808786
227566,0.06973425263952077
227567,0.28185945886983516
227568,0.1053353998027461
227569,0.8016734766226861
227570,0.7845205684911895
227571,0.8690261384140605
227572,0.6181046354666145
227573,0.3625381213611428
227574,0.304116425250317
227575,0.28030051676885387
227576,0.46371937224174054
227577,0.5763040800650847
227578,0.05161780011907954
227579,0.39487594365992335
227580,0.6104417305620827
227581,0.8474282000354513
227582,0.29535362533576337
227583,0.5207139318519596
227584,0.8956417796483063
227585,0.09065498293344726
227586,0.7664677462605842
227587,0.5548106771626345
227588,0.8819294521886548
227589,0.365901436681044
227590,0.9398739211257108
227591,0.8540502951990946
227592,0.26588825612100664
227593,0.6799941823735007
227594,0.6338667672631249
227595,0.38818112816503875
227596,0.13027847341844645
227597,0.2581026356575054
227598,0.40064811995218635
227599,0.5177914835402075
227600,0.9613945941523764
227601,0.8960735566150504
227602,0.5181278150721977
227603,0.48235850214297726
227604,0.2247512737420519
227605,0.22498306979788293
227606,0.20317151544625286
227607,0.04965889619627217
227608,0.6159139354879762
227609,0.7414428622722377
227610,0.3527890519541316
227611,0.6710995768585727
227612,0.29880329604901346
227613,0.6219360879188804
227614,0.6903022893269278
227615,0.3511164843355861
227616,0.6011971584530568
227617,0.7265397393885129
227618,0.8511323919080452
227619,0.3187650269746979
227620,0.15769403829634446
227621,0.6951336463337591
227622,0.17664677462605843
227623,0.5588057503601929
227624,0.394035114829948
227625,0.37850023406856614
227626,0.40299335063471214
227627,0.5709500456774581
227628,0.5880029633534981
227629,0.7989282841183342
227630,0.8445148417651043
227631,0.6383345226137506
227632,0.04251866867253581
227633,0.5908799614582244
227634,0.3949395739497593
227635,0.5708046050149759
227636,0.7654405715818036
227637,0.25418482781189067
227638,0.14160466500924912
227639,0.28480463228510006
227640,0.05979883738370428
227641,0.2923220965271497
227642,0.3371769058408061
227643,0.8034233095931752
227644,0.026811077124456302
227645,0.8466782716195274
227646,0.35921116620686205
227647,0.8811522536485153
227648,0.3054890215024929
227649,0.32883679285159145
227650,0.8377064007526555
227651,0.4883215693047481
227652,0.8284481935815218
227653,0.12734239004458667
227654,0.020470773244372128
227655,0.7911790238204536
227656,0.6567736716040742
227657,0.2962217242899541
227658,0.25914799041909636
227659,0.716704314588153
227660,0.20610759882011265
227661,0.6019425418482782
227662,0.49687984328768614
227663,0.2136341531035674
227664,0.09732707332481899
227665,0.39988001145345214
227666,0.569991046309216
227667,0.7284168329386741
227668,0.6337713218283709
227669,0.857454515705319
227670,0.7405702182973444
227671,0.09253207648360838
227672,0.22851909590448186
227673,0.8003190604533205
227674,0.13871857686311762
227675,0.2757327709627717
227676,0.9775748678535231
227677,0.782679835106649
227678,0.25989337381431765
227679,0.3776594052385908
227680,0.9186895796310353
227681,0.22590570900050452
227682,0.3423673194831402
227683,0.38377245808354654
227684,0.7211766149594812
227685,0.4379672849409829
227686,0.14026388390199118
227687,0.8463692102117525
227688,0.9492139386694907
227689,0.01736197908381473
227690,0.49757977647588186
227691,0.8545547924970799
227692,0.011271651342371864
227693,0.7253625790265475
227694,0.48873971120938453
227695,0.419350880143259
227696,0.5332854591152664
227697,0.4575108739620309
227698,0.34029479004276864
227699,0.8084319224074066
227700,0.15166734084473757
227701,0.24827175587784803
227702,0.3531481085896346
227703,0.8081728562273601
227704,0.3394176010471727
227705,0.5394712322914631
227706,0.17456970016498424
227707,0.9678121633844042
227708,0.48195854032115115
227709,0.5440117079733299
227710,0.37412337913199195
227711,0.3796410342649111
227712,0.9212620613486894
227713,0.7242445039337154
227714,0.1552579071997673
227715,0.27956422341503767
227716,0.2797960194708687
227717,0.4427077415337627
227718,0.8882970261929544
227719,0.17348798523777278
227720,0.5841578758391245
227721,0.5254043932170112
227722,0.30339831197931105
227723,0.6303216511151208
227724,0.6560328332295554
227725,0.19206802986987606
227726,0.6030878870653257
227727,0.3391676249085314
227728,0.17932379181987174
227729,0.6357711309375014
227730,0.24444939346698724
227731,0.5587784802359775
227732,0.3557433154108017
227733,0.5336854209370924
227734,0.8118588680171438
227735,0.2070756882297599
227736,0.3871630435276633
227737,0.4945800628121861
227738,0.32027397384795087
227739,0.31005676730857507
227740,0.3577931197476604
227741,0.5549606628458194
227742,0.6433976756764128
227743,0.9448688988778344
227744,0.7471014130469364
227745,0.4707459742479127
227746,0.7612955127010603
227747,0.054008481008630996
227748,0.18613223283232058
227749,0.05012248830793425
227750,0.9984092427541008
227751,0.5565605101331237
227752,0.18997732034669418
227753,0.5863985710454912
227754,0.931829234482163
227755,0.911917498784207
227756,0.9284704641829644
227757,0.06540284790997222
227758,0.6673772049031683
227759,0.6117506965244227
227760,0.32428722712831953
227761,0.5616145731543807
227762,0.24807177496693497
227763,0.32963217147454105
227764,0.2506897068916149
227765,0.45558378518414144
227766,0.4660327877793483
227767,0.6716040741565578
227768,0.3575249635262088
227769,0.6835483885629099
227770,0.6712404725003522
227771,0.9587675721862914
227772,0.6747174133378178
227773,0.8416287536189728
227774,0.5321901091259471
227775,0.5026474745592466
227776,0.8867471741333782
227777,0.9370060130623895
227778,0.04915439889828698
227779,0.41677839842560477
227780,0.632398725576195
227781,0.8878425241226975
227782,0.3712282009444553
227783,0.5281495857213631
227784,0.16142095527245126
227785,0.06458928920421232
227786,0.26476563600747194
227787,0.20283063889356018
227788,0.4743865358306707
227789,0.4059748842155976
227790,0.7969602901541216
227791,0.3592520713931852
227792,0.9259388876516332
227793,0.30102126615186725
227794,0.1482449402557029
227795,0.38529958503960987
227796,0.393539707573368
227797,0.44238504506388027
227798,0.32280555037928194
227799,0.20425777539416692
227800,0.24112243831270652
227801,0.44144422577844844
227802,0.132446448293572
227803,0.6596688497916109
227804,0.6804623195058653
227805,0.578253893946487
227806,0.10642620477136272
227807,0.8342112798323796
227808,0.8344294408261029
227809,0.7946014244094882
227810,0.9236481972175383
227811,0.4870126033424082
227812,0.3674785588648356
227813,0.360161075533699
227814,0.600719931279287
227815,0.08959144808904604
227816,0.7255807400202708
227817,0.3063980256430068
227818,0.8527595093195649
227819,0.12066120961180977
227820,0.5181505401757105
227821,0.8539048545366124
227822,0.3247553642606842
227823,0.938478599770022
227824,0.36297898836929204
227825,0.021229791701701202
227826,0.967625817535599
227827,0.5470341467405384
227828,0.8113316456156459
227829,0.8933874493798319
227830,0.12101117620590762
227831,0.05660368782979806
227832,0.9501638479963276
227833,0.3776185000522677
227834,0.7575685957249536
227835,0.6748628540003
227836,0.09577267624454029
227837,0.7572777143999891
227838,0.727889610537176
227839,0.7881429499911372
227840,0.8614359538407698
227841,0.7348207671085942
227842,0.3142972716240722
227843,0.4036796487608001
227844,0.9148263120338513
227845,0.37697765213320544
227846,0.04640011635252999
227847,0.1277059917007922
227848,0.4979342880906822
227849,0.5815581239972548
227850,0.5205503111066672
227851,0.857613591429909
227852,0.025443025892982946
227853,0.4370673708418742
227854,0.016602960626485655
227855,0.0663073070297835
227856,0.938024097699765
227857,0.11902500215888483
227858,0.41129255843760365
227859,0.035828398198353796
227860,0.4952845410210843
227861,0.8978733848132678
227862,0.26231586984878713
227863,0.9701346689634172
227864,0.9864558383063435
227865,0.330645711091214
227866,0.5283859267978965
227867,0.6485290040496134
227868,0.5899391421727926
227869,0.7679857831752424
227870,0.885020066266402
227871,0.31001131710154933
227872,0.21090259566132324
227873,0.009117311529354017
227874,0.1699883192967944
227875,0.684116516150731
227876,0.7745669731525627
227877,0.06806623004167783
227878,0.5509065043791275
227879,0.2354547974966026
227880,0.4417805573104385
227881,0.7327164225233046
227882,0.9854195735861577
227883,0.8813885947250489
227884,0.28210943500847646
227885,0.8485417301075807
227886,0.6846528285936343
227887,0.5082651201476223
227888,0.22157884929165853
227889,0.9681575849577996
227890,0.31118393244281223
227891,0.47294121924725363
227892,0.9403693283822908
227893,0.7558596679407875
227894,0.9655396530331195
227895,0.4050795151371914
227896,0.4008344658009917
227897,0.7670176937655951
227898,0.6094372809868149
227899,0.4207598365610555
227900,0.8936737856840937
227901,0.10076765399666396
227902,0.8154448893514711
227903,0.06602551574622421
227904,0.4206325759813836
227905,0.30409370014680415
227906,0.6527422382408952
227907,0.8695715408983689
227908,0.9511819326337031
227909,0.6549011230746157
227910,0.9955913299185079
227911,0.4645511110303107
227912,0.7402384317860569
227913,0.20974816040287064
227914,0.7673222101526672
227915,0.8063412128842247
227916,0.3818271892228469
227917,0.9194258729848515
227918,0.2259238890833148
227919,0.4988251121483858
227920,0.5816717495148191
227921,0.6844801178069367
227922,0.26171592711604796
227923,0.5795492248467192
227924,0.6784670554174375
227925,0.1654705687184405
227926,0.8824884897350708
227927,0.8333840860645121
227928,0.858531685611828
227929,0.6306352575435982
227930,0.6482972079937824
227931,0.6026742901813917
227932,0.4466255493793774
227933,0.22506033514982662
227934,0.7031010676253631
227935,0.33334545338854016
227936,0.8316887933424537
227937,0.5537789574631513
227938,0.37456424614014117
227939,0.7542052804050523
227940,0.311524808995505
227941,0.18700487680721387
227942,0.8503461033265006
227943,0.28688625176687677
227944,0.1531671976765854
227945,0.3418400970816422
227946,0.6436658318978643
227947,0.8167629453552161
227948,0.4773498893287459
227949,0.31856050104308226
227950,0.08990959953822589
227951,0.45238863563023524
227952,0.2774553338090455
227953,0.09844969343835361
227954,0.2694833674967389
227955,0.915199003731462
227956,0.3104567291304012
227957,0.9165125147145046
227958,0.8235259361606392
227959,0.5155962385408667
227960,0.3576385890437731
227961,0.45488385199594583
227962,0.4106062603115157
227963,0.9508637811845233
227964,0.13341453770321926
227965,0.9363742551847324
227966,0.4896123551842778
227967,0.5093422900541312
227968,0.1450543357224992
227969,0.11907954240731566
227970,0.2906540739293067
227971,0.8740574763318048
227972,0.2906040787015785
227973,0.7412337913199195
227974,0.3716554328904968
227975,0.8509824062248603
227976,0.499329609446371
227977,0.5749223937715037
227978,0.4779134718958645
227979,0.9053544888896968
227980,0.844496661682294
227981,0.9579221983356134
227982,0.3281595847669086
227983,0.8296026288399744
227984,0.662336776944019
227985,0.7328891333100023
227986,0.2207062053167652
227987,0.36040196163093524
227988,0.5813990482726649
227989,0.6720267610818967
227990,0.3228464555656051
227991,0.07361115529881239
227992,0.43438126360665574
227993,0.13141472859408876
227994,0.9786520377600321
227995,0.8637902745647007
227996,0.5229546270583263
227997,0.5130192118025098
227998,0.46497834297635227
227999,0.12218379154717049
228000,0.36317442425950247
228001,0.41749651169661073
228002,0.6424023161425501
228003,0.08271483176605869
228004,0.7537916835211185
228005,0.8203898718758664
228006,0.6098781479949641
228007,0.4134559882920267
228008,0.23602292508442374
228009,0.4946118779571041
228010,0.37611409819971725
228011,0.9305020884370129
228012,0.8211352552710878
228013,0.21452497716127097
228014,0.6889660532403726
228015,0.7105185414119561
228016,0.2310733975393258
228017,0.848432649610719
228018,0.8777343980801833
228019,0.13908217851932317
228020,0.10413551433726781
228021,0.4526204316860663
228022,0.17673767504010982
228023,0.37614591334463526
228024,0.036119279523318226
228025,0.6396162184518751
228026,0.70601442589571
228027,0.8676353620790743
228028,0.5048154494343722
228029,0.10169029319928552
228030,0.2205334945300676
228031,0.4370991859867921
228032,0.4851264197508419
228033,0.9441007903791002
228034,0.41756923202785184
228035,0.22468764345221595
228036,0.9019911735697956
228037,0.9440644302134796
228038,0.47420018998186536
228039,0.747201403502393
228040,0.1401548034051295
228041,0.877093550161121
228042,0.8494370991859869
228043,0.9488230668890697
228044,0.9767476740856555
228045,0.34853036755582417
228046,0.1698565136964199
228047,0.1419182714377264
228048,0.24964435213002395
228049,0.15757132273737506
228050,0.7899882283963804
228051,0.5612100663118521
228052,0.29061771376368617
228053,0.10951227382840728
228054,0.02006626640184346
228055,0.6232723240054359
228056,0.21915180823648653
228057,0.7363524390853601
228058,0.9939369423827726
228059,0.785275041927816
228060,0.5442253239463506
228061,0.3416128460465137
228062,0.6030242567754897
228063,0.9267342662745829
228064,0.5552833593157017
228065,0.29260388781070895
228066,0.6602142522759191
228067,0.2157657678130724
228068,0.5745315219910827
228069,0.09931324737184177
228070,0.6071102303870994
228071,0.9582176246812805
228072,0.5184232414178647
228073,0.43428581817190176
228074,0.235513882765736
228075,0.846037423700465
228076,0.48252212288826973
228077,0.3568841156071466
228078,0.32543711736606956
228079,0.514937210538994
228080,0.016166638639039003
228081,0.455715590784516
228082,0.021634298544229873
228083,0.18505506292581161
228084,0.07804255048381746
228085,0.8323160061994083
228086,0.47138227714627234
228087,0.6433067752623614
228088,0.5117102458401699
228089,0.9977183996073102
228090,0.8316387981147254
228091,0.4914349084860081
228092,0.2668608905513564
228093,0.4593834224914894
228094,0.5808309206848438
228095,0.15711682066711816
228096,0.45321582939810284
228097,0.4741138345885165
228098,0.762881724926257
228099,0.20195799491866687
228100,0.6638639039000823
228101,0.9478777025829354
228102,0.12824684916439794
228103,0.48398561955449704
228104,0.7906972516259813
228105,0.9010503542843639
228106,0.09897237081914907
228107,0.9237345526108872
228108,0.2182064439303521
228109,0.7597320255793765
228110,0.7432063303048346
228111,0.11840233432263282
228112,0.9146990514541794
228113,0.8475872757600411
228114,0.930215752132751
228115,0.3006622095163643
228116,0.08343294503706464
228117,0.9678348884879171
228118,0.2870862326777898
228119,0.9940869280659573
228120,0.6714268183491575
228121,0.517227900973089
228122,0.23500029542634565
228123,0.9590266383663378
228124,0.5302357502238423
228125,0.9806609369105677
228126,0.9883556569600175
228127,0.4333177287622545
228128,0.5648324478117998
228129,0.7195404075065562
228130,0.24918530503906444
228131,0.6176274082928448
228132,0.8335795219547225
228133,0.3894810040859736
228134,0.9229528090500453
228135,0.5231500629485367
228136,0.44341221974266093
228137,0.5759904736366075
228138,0.5119738570409189
228139,0.7517373341635571
228140,0.26275673685693635
228141,0.1770194663236691
228142,0.768126678817022
228143,0.30690706796169454
228144,0.07213402357047737
228145,0.615936660591489
228146,0.06938428604542293
228147,0.04281864003890538
228148,0.5871257743579023
228149,0.2906449838879016
228150,0.7832706877979829
228151,0.5856486426295673
228152,0.9606310306743447
228153,0.7417428336386073
228154,0.2872453084023798
228155,0.958453965757814
228156,0.2731875593693329
228157,0.10986224042250511
228158,0.13402357047736355
228159,0.10663073070297835
228160,0.252534985296858
228161,0.1557033192286191
228162,0.04804541384686007
228163,0.9192667972602615
228164,0.2936083373859768
228165,0.1835052108662355
228166,0.9199667304484572
228167,0.032324187236672866
228168,0.04656373709782248
228169,0.7925198049277115
228170,0.0913458260802378
228171,0.2628340022088801
228172,0.8643765822353322
228173,0.5516382527122412
228174,0.25949795701319417
228175,0.19220438049095312
228176,0.36019743569931956
228177,0.10531267469923325
228178,0.5456933656332805
228179,0.5394485071879503
228180,0.8156721403865995
228181,0.8880470500543131
228182,0.640525222592389
228183,0.25948432195108645
228184,0.6857936287899792
228185,0.6965244226687454
228186,0.017121092986578556
228187,0.5045291131301104
228188,0.35900209525454385
228189,0.6841574213370543
228190,0.9952231832415996
228191,0.42443675830943406
228192,0.4270819603583294
228193,0.6441885092786598
228194,0.2807368387563005
228195,0.322910085855441
228196,0.9408647356388709
228197,0.16389344653464896
228198,0.43076342712741056
228199,0.636925566195954
228200,0.44854354811586167
228201,0.020425323037346437
228202,0.9915598965553288
228203,0.3971939042182337
228204,0.8343703555569696
228205,0.5680548674899215
228206,0.44075792765236044
228207,0.047604546838710855
228208,0.5596329441280605
228209,0.2557210448093591
228210,0.12456083737461424
228211,0.19794474163829817
228212,0.9935369805609465
228213,0.22472854863853906
228214,0.3480531403820544
228215,0.971666340940183
228216,0.5055017475604602
228217,0.38249985228682715
228218,0.48576726766990425
228219,0.11152117297894291
228220,0.7831297921562034
228221,0.5898164266138232
228222,0.2277873475713682
228223,0.37840024361310964
228224,0.9047454561155527
228225,0.7762259057090005
228226,0.26547011421637023
228227,0.39100358602133434
228228,0.3947123229146308
228229,0.1530990223660469
228230,0.6581326327941424
228231,0.42889996863935714
228232,0.926479745115239
228233,0.41939178532958216
228234,0.3106567100413142
228235,0.03456488244303953
228236,0.6555419709936778
228237,0.7413655969202939
228238,0.10585807718354157
228239,0.7988964689734162
228240,0.06552101844823903
228241,0.15916662500397688
228242,0.27880520495770855
228243,0.6791169933779049
228244,0.8883697465241954
228245,0.3905581739924825
228246,0.8917421518855019
228247,0.6269674258366247
228248,0.07197040282518487
228249,0.012007944696188091
228250,0.458342612750601
228251,0.16438885379122903
228252,0.9474232005126784
228253,0.26543375405074965
228254,0.9631989673712964
228255,0.8300707659723391
228256,0.48422650565173325
228257,0.5839488048868062
228258,0.13947759532044668
228259,0.22102435676594506
228260,0.7810481726744266
228261,0.7858249894328269
228262,0.08673263006712996
228263,0.9122401952540894
228264,0.12197926561555487
228265,0.2916357984010617
228266,0.7239808927329664
228267,0.7891837597320256
228268,0.07482922084710096
228269,0.8472327641452406
228270,0.07148863063071252
228271,0.34537612318824107
228272,0.020679844196690316
228273,0.35743860813286
228274,0.449025320310334
228275,0.847250944228051
228276,0.8252257739034001
228277,0.3640379781929906
228278,0.9643124974434258
228279,0.16773398902832
228280,0.714572699878648
228281,0.9179714663600292
228282,0.605901254880216
228283,0.9211984310588536
228284,0.9444643920353057
228285,0.4220915276269083
228286,0.9087041691474905
228287,0.3287822526031606
228288,0.1450725158053095
228289,0.33887219856286444
228290,0.032587798437421885
228291,0.5393848768981143
228292,0.6451975038746302
228293,0.7457015466705451
228294,0.8145995155007931
228295,0.3189241026992878
228296,0.007581094531885593
228297,0.9430463455761041
228298,0.022570572808959147
228299,0.19441326055240182
228300,0.22154703414674054
228301,0.3715236272901223
228302,0.7495239090814059
228303,0.06563918898650584
228304,0.29362651746878704
228305,0.6642229605355853
228306,0.509724071793147
228307,0.16334804405034067
228308,0.576681316783398
228309,0.8961599120083993
228310,0.8472009490003227
228311,0.6549556633230466
228312,0.4350357465878257
228313,0.4887987964785179
228314,0.057558142177337616
228315,0.06701178523868176
228316,0.4085837260988724
228317,0.16619777203085162
228318,0.48806250312470173
228319,0.5985792265283769
228320,0.5528926784261502
228321,0.18023734098108815
228322,0.18476872662154975
228323,0.6375618690943137
228324,0.4381763558933011
228325,0.7154180737293259
228326,0.6167093141109258
228327,0.6438885379122903
228328,0.5653596702132979
228329,0.2869453370360102
228330,0.1946677817117457
228331,0.830557083187514
228332,0.2775962294508251
228333,0.16124369946505107
228334,0.23810908958690308
228335,0.0742747283213875
228336,0.5515019020911641
228337,0.5750087491648525
228338,0.04115061744106245
228339,0.5117738761300058
228340,0.6856618231896047
228341,0.9105630826148413
228342,0.3457488148858518
228343,0.5717772394453257
228344,0.2985942250966953
228345,0.8867062689470551
228346,0.8497188904695462
228347,0.4456710950318379
228348,0.6540921093895582
228349,0.41865549197576596
228350,0.9288567909426828
228351,0.2801914362719922
228352,0.9804836811031674
228353,0.5584012435176643
228354,0.616886569918326
228355,0.7224355856940929
228356,0.2047031874230187
228357,0.09786338576772216
228358,0.4612150658346249
228359,0.4108153312638339
228360,0.8228032778689307
228361,0.9787565732361911
228362,0.059607946514196375
228363,0.4706005335854304
228364,0.314479072452175
228365,0.9432145113420992
228366,0.12280645938342248
228367,0.503488303389222
228368,0.8176310443094069
228369,0.8484826448384473
228370,0.8988414742229152
228371,0.48053594884124695
228372,0.1950541084714641
228373,0.5716363438035461
228374,0.7894928211398003
228375,0.3580158257620863
228376,0.07647906336213361
228377,0.44660282427586456
228378,0.05071788601997082
228379,0.048772617159271156
228380,0.3572795324082701
228381,0.2599933642697742
228382,0.06430749792065302
228383,0.6502470218751847
228384,0.8559955640597944
228385,0.21113893673785683
228386,0.35463433035937475
228387,0.4420032633248644
228388,0.28010053585794076
228389,0.8373018939101268
228390,0.9212484262865818
228391,0.7359979274705597
228392,0.5184868717077007
228393,0.39847560005635824
228394,0.7135364351584622
228395,0.0285290949500275
228396,0.002186154957935833
228397,0.20583489757795848
228398,0.9991000859008914
228399,0.7407474741047446
228400,0.6588507460651483
228401,0.9803155153371724
228402,0.5678548865790084
228403,0.5335399802746101
228404,0.5219274523795456
228405,0.15253998481963085
228406,0.07480649574358811
228407,0.9639488957872203
228408,0.01648479008821885
228409,0.7213220556219634
228410,0.7178042095981748
228411,0.886179046545557
228412,0.7268715258998005
228413,0.6368164856990924
228414,0.9164534294453711
228415,0.5745133419082724
228416,0.19474504706368936
228417,0.5440707932424633
228418,0.9606719358606679
228419,0.170224660373328
228420,0.056321896546238766
228421,0.5144145331581985
228422,0.3482531212929675
228423,0.5981065443753096
228424,0.5890619531771968
228425,0.959635671140482
228426,0.2696378982006263
228427,0.992950672890315
228428,0.26613823225964794
228429,0.5295085469114311
228430,0.5037019193622427
228431,0.383049799791838
228432,0.8178855654687507
228433,0.019584494207371114
228434,0.9533771776330442
228435,0.4241595120465773
228436,0.4397852932220106
228437,0.5925979792837957
228438,0.19455870121488406
228439,0.11323010076310897
228440,0.66076419978093
228441,0.6605414937665042
228442,0.16862935810672616
228443,0.8711713881856732
228444,0.586389481004086
228445,0.8443830361647298
228446,0.32460992359820195
228447,0.8784206962062713
228448,0.5708955054290272
228449,0.27612818776389525
228450,0.248303571022766
228451,0.9351880047813619
228452,0.4434167647633635
228453,0.3843133155471523
228454,0.6815940296608052
228455,0.03109248662627658
228456,0.882402134341722
228457,0.9728753164470665
228458,0.6010608078319797
228459,0.9816608414651329
228460,0.3047345480658664
228461,0.31206112143840814
228462,0.38360429231755144
228463,0.42132796414887663
228464,0.7925198049277115
228465,0.6774353357179542
228466,0.026129324019070907
228467,0.014466800896278083
228468,0.14384990523631835
228469,0.07504283682012171
228470,0.4583335227091959
228471,0.31087941605574015
228472,0.038946282400316334
228473,0.16768853882129434
228474,0.11841596938474054
228475,0.04740002090709523
228476,0.8002145249771614
228477,0.553760777380341
228478,0.09661805009521818
228479,0.1768876607232946
228480,0.10994859581585394
228481,0.9932233741324692
228482,0.6485608191945315
228483,0.6836438339976639
228484,0.2238922648292663
228485,0.8816340258429878
228486,0.30905686275400984
228487,0.3884174692415724
228488,0.7405202230696162
228489,0.3664559292067575
228490,0.6301943905354489
228491,0.5905481749469369
228492,0.10575354170738246
228493,0.5978020279882374
228494,0.52368637539144
228495,0.6965244226687454
228496,0.827043782184428
228497,0.7159407511101213
228498,0.09190486362665382
228499,0.29698983278868835
228500,0.05795355897846115
228501,0.24517659677939832
228502,0.5290722249239845
228503,0.8936601506219861
228504,0.5067516282536667
228505,0.14464982887997055
228506,0.6496198090182301
228507,0.45193867858068093
228508,0.7078960644665736
228509,0.25381213611428
228510,0.6407570186482199
228511,0.611546170592807
228512,0.6133959940187529
228513,0.908581453588521
228514,0.8982506215315811
228515,0.3244463028529095
228516,0.2305689002413406
228517,0.7392248921693838
228518,0.044409397284804634
228519,0.06540284790997222
228520,0.9474959208439195
228521,0.5268269846969154
228522,0.15723499120538492
228523,0.3730189391012676
228524,0.04193690602260693
228525,0.9534498979642853
228526,0.020484408306479837
228527,0.9537407792892497
228528,0.7249217120183983
228529,0.380918185082333
228530,0.721326600642666
228531,0.7784484208325568
228532,0.7680948636721041
228533,0.6448611723426401
228534,0.6880252339549406
228535,0.09194576881297695
228536,0.6522513760050177
228537,0.35843851268742527
228538,0.3394948663991164
228539,0.41479222437858204
228540,0.8313570068311661
228541,0.06827530099399602
228542,0.022506942519123174
228543,0.2358229441735107
228544,0.036201089895964475
228545,0.9924734457165453
228546,0.9291567623090523
228547,0.7083551115575332
228548,0.9331245653823953
228549,0.2269737888656083
228550,0.8890333195467706
228551,0.14734957117729672
228552,0.8574454256639139
228553,0.6622231514264547
228554,0.050658800750837424
228555,0.17060189709164128
228556,0.01727562369046591
228557,0.7622772371728154
228558,0.13846405570377374
228559,0.4692324823539571
228560,0.9106221678839747
228561,0.3526799714572699
228562,0.1648797160271065
228563,0.6319078633403175
228564,0.03945532471900409
228565,0.6352939037637316
228566,0.5458478963371679
228567,0.5017157453152199
228568,0.5147917698765119
228569,0.6789351925498021
228570,0.6530694797314802
228571,0.8902241149708437
228572,0.23521391139936643
228573,0.653610337195086
228574,0.26086600824466755
228575,0.9082223969530182
228576,0.8541139254889306
228577,0.3767958513051027
228578,0.9727389658259894
228579,0.8019234527613273
228580,0.8889060589670986
228581,0.9280568672990306
228582,0.6903704646374664
228583,0.6840256157366796
228584,0.8185627735534335
228585,0.10972134478072547
228586,0.08405106785261406
228587,0.12196563055344715
228588,0.41213793228828155
228589,0.19287249853423083
228590,0.4804359583857904
228591,0.5157098640584309
228592,0.5557151362824458
228593,0.6912976488607906
228594,0.9435372078119816
228595,0.6797987464832902
228596,0.4710186754900668
228597,0.7764940619304521
228598,0.2753100840374328
228599,0.042059621581576306
228600,0.2631521536580599
228601,0.9326473382086256
228602,0.06529831243381314
228603,0.07676994468709804
228604,0.6744901623026893
228605,0.3648242667745351
228606,0.06940701114893577
228607,0.3718508687807073
228608,0.7094913667331755
228609,0.16498879652396817
228610,0.29358561228246394
228611,0.6129960321969267
228612,0.46297853386722176
228613,0.945009794519614
228614,0.39170351920952995
228615,0.7914335449797975
228616,0.9471186841256063
228617,0.293131110212207
228618,0.5831307011603438
228619,0.7679857831752424
228620,0.4986933065480113
228621,0.9947914062748556
228622,0.6961517309711346
228623,0.4443075888210671
228624,0.38974007026602003
228625,0.761109166852255
228626,0.9797292076665409
228627,0.9042091436726494
228628,0.5558514869035229
228629,0.39702573845223865
228630,0.6863344862535848
228631,0.35678867017239263
228632,0.3723962712650156
228633,0.6203316956108735
228634,0.17870112398361976
228635,0.9009867239945278
228636,0.05604465028338204
228637,0.05987155771494539
228638,0.6506469836970107
228639,0.15558969371105488
228640,0.7797664768363021
228641,0.532117388794706
228642,0.6276582689834153
228643,0.27179678303434673
228644,0.09039137173269823
228645,0.9578312979215621
228646,0.251057853568523
228647,0.06990241840551584
228648,0.22316506151685522
228649,0.2647065507383386
228650,0.7379613764140696
228651,0.5405393121565669
228652,0.8756755037019194
228653,0.5743542661836826
228654,0.4486753537162362
228655,0.34933938124088154
228656,0.607514737229628
228657,0.9049499820471683
228658,0.60157439517137
228659,0.7449925234409444
228660,0.8750710159484777
228661,0.6315578967462198
228662,0.9391830779789202
228663,0.8038096363528936
228664,0.5147644997522964
228665,0.7922834638511779
228666,0.9313292822048804
228667,0.8866608187400293
228668,0.45513382813458714
228669,0.9836333804500479
228670,0.288540639302612
228671,0.16786124960799198
228672,0.7406747537735034
228673,0.978356611414365
228674,0.7215220365328764
228675,0.706732539166716
228676,0.41055626508378745
228677,0.07018420968907513
228678,0.7286577190359103
228679,0.24542657291803963
228680,0.7423927715990747
228681,0.25401666204589557
228682,0.1219747205948523
228683,0.5356443248598998
228684,0.6542920903004713
228685,0.490148667627181
228686,0.2794642329595811
228687,0.019589039228073684
228688,0.7254852945855169
228689,0.37238263620290785
228690,0.6116825212138841
228691,0.2589570995495884
228692,0.8114134559882921
228693,0.5081196794851401
228694,0.2593797864749274
228695,0.9937869566995878
228696,0.7460196981197249
228697,0.8885924525386214
228698,0.7767667631726063
228699,0.5469205212229742
228700,0.9145081605846714
228701,0.029479004276864482
228702,0.8403106976152277
228703,0.9622126978788389
228704,0.056971834506706176
228705,0.003963258052640429
228706,0.3022938719485867
228707,0.47814981297239806
228708,0.9454824766726813
228709,0.32480081446770986
228710,0.7372250830602534
228711,0.3159334790769972
228712,0.38504051885956336
228713,0.6230268928874971
228714,0.02695651778693852
228715,0.2698606042150522
228716,0.1933951759150263
228717,0.18904559110266747
228718,0.4557383158880289
228719,0.6780125533471806
228720,0.010249021684293771
228721,0.17176996741220157
228722,0.7955967839433509
228723,0.4500661300512223
228724,0.7211675249180761
228725,0.41500129533090024
228726,0.47372296280809556
228727,0.019698119724935348
228728,0.1569759250253385
228729,0.4780816376618595
228730,0.2767144954345267
228731,0.405115875302812
228732,0.6292081210429914
228733,0.0672117661495948
228734,0.7231037037373707
228735,0.7961921816553875
228736,0.2782143522663746
228737,0.3663695738134087
228738,0.5125601647115503
228739,0.2745556106008063
228740,0.8819930824784906
228741,0.2030487998872835
228742,0.24159512046577375
228743,0.37352798141995536
228744,0.5107103412856046
228745,0.09823153244463027
228746,0.2864953799864558
228747,0.9410828966325943
228748,0.9847423655014749
228749,0.4852036851027856
228750,0.44559837470059677
228751,0.12646520104899078
228752,0.2829457188177492
228753,0.9889510546720541
228754,0.5050517905109059
228755,0.6200862644929348
228756,0.5651642343230874
228757,0.5552833593157017
228758,0.5111875684593743
228759,0.46604187782075346
228760,0.2169929234027661
228761,0.786552192745238
228762,0.4202507942423677
228763,0.36896932565527835
228764,0.887097140727476
228765,0.6872207652905858
228766,0.025906618004645013
228767,0.8530367555824218
228768,0.9264342949082134
228769,0.09328654992023487
228770,0.7310711250289745
228771,0.26042968625722085
228772,0.5649278932465538
228773,0.5548924875352808
228774,0.8317978738393154
228775,0.024611287104412762
228776,0.042982260784197875
228777,0.1537762304507297
228778,0.3372041759650215
228779,0.656205544016253
228780,0.4374309724980797
228781,0.25801628026415657
228782,0.8296753491712155
228783,0.8624085882711197
228784,0.8665854622967808
228785,0.24946709632262376
228786,0.9293340181164526
228787,0.6852618613677786
228788,0.7028101863003986
228789,0.5968521186614005
228790,0.08454647510919412
228791,0.6869707891519445
228792,0.31248835338444964
228793,0.32369182941628294
228794,0.5524745365215139
228795,0.1847369114766318
228796,0.7438517232445995
228797,0.3926716086191772
228798,0.09829516273446626
228799,0.4383217965557833
228800,0.473391176296808
228801,0.5903981892637522
228802,0.8427513737325074
228803,0.752678153448989
228804,0.5824671281377687
228805,0.8855200185436846
228806,0.8166356847755442
228807,0.4710550356556874
228808,0.018539139445780176
228809,0.5606055785584103
228810,0.857877202630658
228811,0.26163866176410433
228812,0.860431504265502
228813,0.20669845151144664
228814,0.2882361229155399
228815,0.11357552233650424
228816,0.13852314097290713
228817,0.8982688016143914
228818,0.8997368433013213
228819,0.806495743588112
228820,0.36741038355429706
228821,0.5801309874966482
228822,0.8191672613068752
228823,0.014975843214965843
228824,0.6829711709336835
228825,0.7047781802646111
228826,0.16189363742551846
228827,0.8142677289895056
228828,0.038223624108607815
228829,0.3353225373941578
228830,0.11694338267710809
228831,0.1349780248249031
228832,0.7254807495648142
228833,0.7153135382531668
228834,0.16345257952649975
228835,0.24468118952281828
228836,0.31019311792965215
228837,0.7777757577685767
228838,0.3893264733820862
228839,0.5633053208557365
228840,0.6265038337249625
228841,0.7092141204703188
228842,0.8299389603719645
228843,0.8234532158293981
228844,0.02078892469355198
228845,0.9871921316601597
228846,0.7158953009030956
228847,0.7094322814640421
228848,0.8063230328014145
228849,0.4012480626849255
228850,0.005263133973575249
228851,0.6188272937583231
228852,0.49010321742015533
228853,0.43414037750941953
228854,0.975475068288936
228855,0.20371691793056118
228856,0.5642006899341426
228857,0.3326409751796419
228858,0.441089714163648
228859,0.08686443566750446
228860,0.8594861399593675
228861,0.2187427563732553
228862,0.32670063312138387
228863,0.6588007508374201
228864,0.9107676085464569
228865,0.19501774830584356
228866,0.8285390939955732
228867,0.09904509115039017
228868,0.18289617809209122
228869,0.5902118434149467
228870,0.7348525822535122
228871,0.03783729734888943
228872,0.5852895859940642
228873,0.7539098540593853
228874,0.9316019834470346
228875,0.7966466837256444
228876,0.48636721040264336
228877,0.6304352766326851
228878,0.8486280855009295
228879,0.6150231114302726
228880,0.4855309265933706
228881,0.6444066702723832
228882,0.11702064802905177
228883,0.06834802132523712
228884,0.8569454733866313
228885,0.043027710991223565
228886,0.8594270546902342
228887,0.6114325450752428
228888,0.10043132246467382
228889,0.8290117761486404
228890,0.2834047659087087
228891,0.30226205680366874
228892,0.7144318042368684
228893,0.3597565686911704
228894,0.2653155835124829
228895,0.6044604833175016
228896,0.24529022229696257
228897,0.2523531844687552
228898,0.6992423450488818
228899,0.10003136064284772
228900,0.17291531262924903
228901,0.08957781302693833
228902,0.35607055690138667
228903,0.9832197835661142
228904,0.3811636162002718
228905,0.6980879097904291
228906,0.2281282241240609
228907,0.7872703060162439
228908,0.4754500706750719
228909,0.7134546247858159
228910,0.8338749483003894
228911,0.30948409470005134
228912,0.48260847828161857
228913,0.43305866258220804
228914,0.3286049967957604
228915,0.9514500888551548
228916,0.871744060794197
228917,0.9007867430836147
228918,0.8679398784661464
228919,0.5311129392194381
228920,0.07272942128251393
228921,0.7430018043732189
228922,0.7163407129319475
228923,0.4024661282332141
228924,0.2820003545116148
228925,0.9257479967821254
228926,0.0105853532162839
228927,0.317137909563178
228928,0.18860472409451828
228929,0.9078951554624332
228930,0.4426713813681421
228931,0.8386654001208975
228932,0.9851695974475164
228933,0.5833670422368774
228934,0.04357311347553188
228935,0.8836883752005491
228936,0.35736134278091636
228937,0.35333445443843997
228938,0.8175674140195709
228939,0.8430877052644975
228940,0.8564682462128616
228941,0.3428400016362074
228942,0.9775612327914155
228943,0.9180123715463525
228944,0.6878479781475405
228945,0.24879897827934608
228946,0.8816067557187723
228947,0.26542920903004713
228948,0.7500147713172834
228949,0.6983606110325833
228950,0.4138968553001759
228951,0.9816199362788098
228952,0.49008503733734504
228953,0.39536680589580087
228954,0.27229219029092677
228955,0.44793451534171735
228956,0.8088046141050174
228957,0.17247899064180236
228958,0.7030601624390399
228959,0.3976574963298958
228960,0.9458097181632662
228961,0.7916744310770336
228962,0.6473563887083505
228963,0.13675512791960767
228964,0.8839065361942724
228965,0.693056571872685
228966,0.7554551610982588
228967,0.44816631139754837
228968,0.29426282036714674
228969,0.9780520950272928
228970,0.8200080901368506
228971,0.8731075670049677
228972,0.386722176519514
228973,0.9077497147999509
228974,0.5524472663972985
228975,0.359929279477868
228976,0.5169506547102323
228977,0.47866794533249096
228978,0.01558033096840756
228979,0.250435185732271
228980,0.2819185441389685
228981,0.5002613386903978
228982,0.2698469691529444
228983,0.0018998186536739673
228984,0.4089609628171856
228985,0.8733757232264193
228986,0.5008476463610292
228987,0.4974434258548048
228988,0.17195176824030434
228989,0.8476054558428514
228990,0.22600115443525845
228991,0.5379259252525895
228992,0.19621308875061927
228993,0.46400570854600237
228994,0.21626117506965245
228995,0.22001081714927212
228996,0.3073888401561669
228997,0.014462255875575513
228998,0.7649497093459261
228999,0.5300721294785498
229000,0.7800028179128357
229001,0.05651278741574668
229002,0.9025320310334014
229003,0.8836020198072002
229004,0.008131042036896477
229005,0.4654964753364451
229006,0.9585539562132706
229007,0.3865631007949241
229008,0.9739161261879549
229009,0.0830693433808591
229010,0.2074301998445603
229011,0.9042909540452958
229012,0.2743329045863804
229013,0.15214911303920992
229014,0.5744088064321132
229015,0.5832852318642312
229016,0.38479054272092206
229017,0.6880161439135356
229018,0.4013116929747615
229019,0.4734775316901568
229020,0.5698047004604107
229021,0.8877561687293486
229022,0.4840628849064407
229023,0.04545929706709814
229024,0.36152003672376726
229025,0.6099826834711232
229026,0.9193486076329078
229027,0.4865444662100436
229028,0.3531571986310398
229029,0.7927288758800297
229030,0.2501170342830912
229031,0.591379913735507
229032,0.20881643115884393
229033,0.3464805632189654
229034,0.16498879652396817
229035,0.7176451338735849
229036,0.8144177146726903
229037,0.08750073856586416
229038,0.7651451452361365
229039,0.26752900859463413
229040,0.6453793047027329
229041,0.6326350666527287
229042,0.5541880093263826
229043,0.504342767281305
229044,0.28234577608501005
229045,0.8015234909395013
229046,0.22111525717999644
229047,0.6847709991319011
229048,0.03118338704032797
229049,0.8798069275205549
229050,0.550056585507747
229051,0.6799896373527982
229052,0.7596365801446225
229053,0.7125410756245995
229054,0.625044882079438
229055,0.8375745951522809
229056,0.22181064534748957
229057,0.34062203153335363
229058,0.3640697933379086
229059,0.2978397516600688
229060,0.052635884756455066
229061,0.8929783975166007
229062,0.15674412896950746
229063,0.4288772435358443
229064,0.7076869935142555
229065,0.15939842105980792
229066,0.01819826289308748
229067,0.28783161607301117
229068,0.6483381131801056
229069,0.8896968925693456
229070,0.38504051885956336
229071,0.46845073879311516
229072,0.6223496848028143
229073,0.47551824598561043
229074,0.427086505379032
229075,0.6600142713650061
229076,0.1677839842560483
229077,0.4923166425023066
229078,0.07153862585844077
229079,0.7093868312570164
229080,0.7328345930615714
229081,0.757764031615164
229082,0.025629371741788285
229083,0.18666400025452115
229084,0.8591179932824594
229085,0.24529022229696257
229086,0.22649656169183852
229087,0.3203330591170842
229088,0.8566045968339386
229089,0.3317819662668563
229090,0.3395857668131678
229091,0.06511651160571036
229092,0.9803927806891161
229093,0.09605901254880216
229094,0.3023393221556124
229095,0.4628240031633344
229096,0.7235809309111404
229097,0.3391494448257212
229098,0.1445407483831089
229099,0.02729284931892865
229100,0.4899532317369706
229101,0.23402766099599584
229102,0.5510110398552865
229103,0.11252562255421072
229104,0.7773985210502634
229105,0.6455974656964563
229106,0.4698642402316142
229107,0.09489548724894441
229108,0.7037510055858304
229109,0.819012730602988
229110,0.6654228460010636
229111,0.368192127115139
229112,0.5591738970371011
229113,0.33153653514891757
229114,0.8912512896496244
229115,0.8260438776298626
229116,0.7731489266933611
229117,0.27008785525018064
229118,0.12214288636084737
229119,0.4616968380290972
229120,0.44278046186500375
229121,0.15368078501597576
229122,0.8258257166361394
229123,0.2259193440626122
229124,0.10943046345576103
229125,0.2613205103149244
229126,0.8812340640211616
229127,0.4471118665945523
229128,0.6244722094709142
229129,0.3276869026138414
229130,0.7282668472554893
229131,0.6335213456897296
229132,0.2337958649401648
229133,0.20056267356297808
229134,0.7815344898896015
229135,0.030951590984496936
229136,0.7715127192404362
229137,0.7818844564836993
229138,0.029188122951900045
229139,0.6082010353557161
229140,0.6942337322346503
229141,0.07689266024606742
229142,0.6357029556269629
229143,0.03268324387217584
229144,0.08541002904268229
229145,0.4742183700646756
229146,0.9632126024334041
229147,0.5061698656037379
229148,0.29848514459983366
229149,0.5764586107689721
229150,0.30049858877107183
229151,0.9238299980456411
229152,0.9796110371282741
229153,0.1417410156303262
229154,0.40143895355443343
229155,0.2874452893132928
229156,0.4732321005722181
229157,0.22560119261343237
229158,0.18336886024515842
229159,0.8523550024770363
229160,0.21087532553710783
229161,0.2817821935178914
229162,0.22827366478654312
229163,0.392494352811777
229164,0.7319483140245704
229165,0.34334449893419267
229166,0.1568304843628563
229167,0.8261165979611038
229168,0.7239490775880484
229169,0.6037196449429828
229170,0.813313274641966
229171,0.6687134409897237
229172,0.15588512005672187
229173,0.36551056490062306
229174,0.20111716608869154
229175,0.6255448343567206
229176,0.952713604610469
229177,0.7322437403702374
229178,0.9416873843860358
229179,0.06553919853104931
229180,0.27064234777589413
229181,0.971825416664773
229182,0.8369428372746238
229183,0.4805314038205444
229184,0.3690693161107349
229185,0.08421468859790657
229186,0.8412197017557416
229187,0.7973148017689221
229188,0.9409783611564352
229189,0.4787633907672449
229190,0.7504056430977043
229191,0.8003145154326178
229192,0.4840628849064407
229193,0.9110812149749342
229194,0.4962299053272187
229195,0.6100190436367439
229196,0.7022693288367929
229197,0.4797951104667281
229198,0.9169215665777357
229199,0.07799710027679174
229200,0.7844296680771381
229201,0.9826789261025084
229202,0.25997972920766654
229203,0.2855954658873471
229204,0.059853377632135114
229205,0.43486758082183063
229206,0.5409029138127724
229207,0.1883911081214975
229208,0.25620736202453404
229209,0.553138109544089
229210,0.7673222101526672
229211,0.7614091382186245
229212,0.203835088468828
229213,0.6007108412378819
229214,0.9943778093909218
229215,0.37509601356234173
229216,0.04820448957145
229217,0.8448602633384995
229218,0.8944737093277461
229219,0.17135182550756517
229220,0.3016121188432013
229221,0.8063503029256298
229222,0.8933374541521037
229223,0.4696915294449166
229224,0.7772349003049709
229225,0.5706909794974117
229226,0.5998063821180706
229227,0.8310070402370683
229228,0.5031201567123138
229229,0.0062539484867353565
229230,0.16472064030251657
229231,0.40732475536426066
229232,0.9263933897218902
229233,0.3123929079496957
229234,0.08357838569954686
229235,0.6268992505260861
229236,0.16174365174233368
229237,0.4232323278232532
229238,0.038432695060926
229239,0.899391421727926
229240,0.78291163116248
229241,0.021525218047368205
229242,0.6834665781902637
229243,0.10608078319796746
229244,0.08352839047181859
229245,0.581208157403157
229246,0.4396853027665541
229247,0.9324155421527945
229248,0.8039868921602937
229249,0.34225823898627855
229250,0.9733389085587285
229251,0.35282995714045473
229252,0.9521682021261607
229253,0.2756009653623972
229254,0.7058508051504175
229255,0.28690443184968706
229256,0.6403070615986657
229257,0.2423541389231028
229258,0.28347748623994984
229259,0.7258670763245326
229260,0.4477208993686966
229261,0.2203880538675854
229262,0.3862767644906622
229263,0.791374459710664
229264,0.03423764095245454
229265,0.36589234663963893
229266,0.7613136927838706
229267,0.3909126856072829
229268,0.8823930443003168
229269,0.347634998477418
229270,0.4509933142745465
229271,0.29898964189781885
229272,0.04794542339140355
229273,0.5276359983819726
229274,0.641379686484472
229275,0.8751346462383136
229276,0.8540730203026075
229277,0.291231291558533
229278,0.11170297380704568
229279,0.5359579312883771
229280,0.1763740733839043
229281,0.5582876180001001
229282,0.8136450611532536
229283,0.4843355861485949
229284,0.5555924207234765
229285,0.20643484031069761
229286,0.9382422586934883
229287,0.489230573445262
229288,0.21163888901513947
229289,0.8209579994636875
229290,0.8876243631289741
229291,0.5150281109530453
229292,0.44991614436803756
229293,0.37822753282641197
229294,0.16262084073792957
229295,0.027642815913026485
229296,0.05683093886492653
229297,0.23691374914212734
229298,0.024761272787597547
229299,0.008580999086450838
229300,0.9434372173565251
229301,0.5472432176928567
229302,0.7251944132605525
229303,0.47610909867694445
229304,0.5053790320014908
229305,0.16605687638907196
229306,0.24173601610755335
229307,0.8803386949427554
229308,0.4811086214497707
229309,0.6081737652315007
229310,0.33106839801655297
229311,0.2766508651446907
229312,0.19208620995268635
229313,0.4708005144963435
229314,0.09818153721690202
229315,0.01917089732343731
229316,0.7206675726407935
229317,0.2638066366392299
229318,0.47000968089409645
229319,0.8900104989978229
229320,0.35643870357829477
229321,0.9986955790583627
229322,0.9778112089300568
229323,0.43009530908413285
229324,0.8971280014180465
229325,0.6906204407761078
229326,0.5708500552220015
229327,0.6264583835179369
229328,0.2879725117147908
229329,0.07009330927502375
229330,0.3399448234486708
229331,0.7343889901418502
229332,0.5912162929902146
229333,0.6868980688207035
229334,0.546456929111312
229335,0.6164956981379051
229336,0.026874707414292272
229337,0.8745619736297899
229338,0.5906481654023935
229339,0.44244867535371624
229340,0.9191758968462101
229341,0.9816790215479432
229342,0.5573967939423965
229343,0.10043132246467382
229344,0.38337249626172043
229345,0.5263315774403352
229346,0.9533635425709365
229347,0.6287945241590576
229348,0.6957608591907136
229349,0.5103967348571273
229350,0.3064889260570582
229351,0.9569268388017508
229352,0.6532103753732599
229353,0.12079301521218427
229354,0.5272405815808491
229355,0.012607887428927237
229356,0.10110853054935665
229357,0.43305866258220804
229358,0.30164847900882186
229359,0.8996641229700801
229360,0.9667940787470287
229361,0.4399352789051954
229362,0.7085460024270411
229363,0.11785693183832452
229364,0.37022375136918745
229365,0.956617777393976
229366,0.956122370137396
229367,0.17828752709968596
229368,0.5772085391848961
229369,0.1725653460351512
229370,0.55467887156226
229371,0.6920203071524991
229372,0.29685348216761126
229373,0.5137191449907055
229374,0.9739206712086573
229375,0.8736347894064658
229376,0.3298957826752901
229377,0.5575195095013659
229378,0.5206866617277442
229379,0.0633803136973289
229380,0.653196740311152
229381,0.8476281809463642
229382,0.9362288145222502
229383,0.02093891037673677
229384,0.764940619304521
229385,0.23500029542634565
229386,0.24899895919025913
229387,0.9134128105953523
229388,0.375600510860327
229389,0.30915230818876377
229390,0.4862626749264843
229391,0.4761909090495907
229392,0.1369142036441976
229393,0.27221946995968566
229394,0.9408965507837888
229395,0.9814290454093019
229396,0.6687634362174519
229397,0.07291576713131928
229398,0.7636271083214784
229399,0.5172778962008172
229400,0.521522945537017
229401,0.4520295789947323
229402,0.8010144486208135
229403,0.013012394271455906
229404,0.807350207480195
229405,0.07069779702846546
229406,0.6176092282100345
229407,0.040577944832538716
229408,0.8677171724517205
229409,0.3887628908149676
229410,0.35457524509024135
229411,0.3264279318792297
229412,0.40494316451611434
229413,0.2718558683034801
229414,0.8679807836524696
229415,0.3570659164352494
229416,0.01253516709768613
229417,0.8804614105017249
229418,0.30937046918248706
229419,0.6783307047963604
229420,0.896764399761841
229421,0.31219747205948517
229422,0.12446539193986028
229423,0.054658418969098406
229424,0.298544229868967
229425,0.2959444780270974
229426,0.6885888165220593
229427,0.18289163307138867
229428,0.6519877648042688
229429,0.7271805873075752
229430,0.3024529476731766
229431,0.778943828089137
229432,0.6757354979751933
229433,0.13263279414237733
229434,0.755432435994746
229435,0.17684221051626892
229436,0.8484917348798524
229437,0.6901250335195277
229438,0.6347121411138028
229439,0.8204262320414869
229440,0.507887883429309
229441,0.8242758645765631
229442,0.1251426000245431
229443,0.6204680462319506
229444,0.4244185782266238
229445,0.4675144645283859
229446,0.3683284777362161
229447,0.7249126219769931
229448,0.13839133537253265
229449,0.7278350702887452
229450,0.16734766226860165
229451,0.10886688088864244
229452,0.43944896169002046
229453,0.3176196817576504
229454,0.820848918966826
229455,0.7593184286954427
229456,0.9113402811549807
229457,0.39362151794601424
229458,0.15029019957185907
229459,0.4850855145645188
229460,0.5613100567673086
229461,0.16844301225792083
229462,0.6604596833938579
229463,0.09311383913353724
229464,0.19367242217788302
229465,0.1334781679930552
229466,0.5035019384513296
229467,0.7354843401311693
229468,0.02410678980642757
229469,0.1167343117247899
229470,0.3284868262574936
229471,0.18111452997668404
229472,0.9174306088964235
229473,0.08720531222019715
229474,0.2761827280123261
229475,0.12760600124533567
229476,0.8289799610037224
229477,0.957663132155567
229478,0.7427609182759828
229479,0.03993255189277387
229480,0.216002108889606
229481,0.8403743279050636
229482,0.30017134728048683
229483,0.19268160766472292
229484,0.714277273532981
229485,0.6281854913849133
229486,0.10982133523618198
229487,0.47745896982560754
229488,0.7429563541661933
229489,0.10953045391121756
229490,0.32639611673431174
229491,0.214461346871435
229492,0.419973547979511
229493,0.47214129560360146
229494,0.1966857709036865
229495,0.8616086646274673
229496,0.9786702178428422
229497,0.47570459183441577
229498,0.7423155062471309
229499,0.2919221347053235
229500,0.10229023593202467
229501,0.7764895169097497
229502,0.8761845460206071
229503,0.1421727925970703
229504,0.20154439803473306
229505,0.4893214738593134
229506,0.9047772712604706
229507,0.13317365160598307
229508,0.953990755427891
229509,0.10673526617913744
229510,0.4935528881334054
229511,0.776948564000709
229512,0.5571377277623499
229513,0.8635266633639517
229514,0.956313261006904
229515,0.42245058426241133
229516,0.3826225678457965
229517,0.7668722531031129
229518,0.4603242417769213
229519,0.45495657232718695
229520,0.9705028156403254
229521,0.375177823934988
229522,0.646751900954909
229523,0.4060885097331618
229524,0.45919253162198154
229525,0.26904704550929226
229526,0.517355161552761
229527,0.46207861976811304
229528,0.6304625467569005
229529,0.2055212911494812
229530,0.4988478372518987
229531,0.4413805954886124
229532,0.4251457815390349
229533,0.209639079906009
229534,0.07558369428372745
229535,0.2591434453983938
229536,0.18975461433226828
229537,0.5016066648183582
229538,0.6391208111952951
229539,0.33288640629758065
229540,0.4744865262861272
229541,0.14471345916980652
229542,0.056340076629049045
229543,0.5603146972334458
229544,0.5422527849614355
229545,0.17607864703823725
229546,0.8718940464773817
229547,0.926447929970321
229548,0.5370032860499679
229549,0.3962121797464787
229550,0.7363433490439549
229551,0.5125965248771709
229552,0.4746137868657992
229553,0.6538648583544298
229554,0.7545597920198527
229555,0.6711359370241932
229556,0.047027329209484554
229557,0.28755891483085705
229558,0.28163220783470666
229559,0.7722171974493344
229560,0.8462919448598089
229561,0.8214306816167548
229562,0.4914439985274133
229563,0.6408342840001636
229564,0.759241163343499
229565,0.0693297457969921
229566,0.9804791360824648
229567,0.49728889515091734
229568,0.8168083955622418
229569,0.9687302575663232
229570,0.6174637875475524
229571,0.8697306166229587
229572,0.49812517896019015
229573,0.5759904736366075
229574,0.4241686020879825
229575,0.6212997850205207
229576,0.6512287463469396
229577,0.04032342367319483
229578,0.36544693461078714
229579,0.22410588080228705
229580,0.8928920421232519
229581,0.8696488062503125
229582,0.4919757659496139
229583,0.6002108889605993
229584,0.20270337831388824
229585,0.23543207239308978
229586,0.003417855568332114
229587,0.2954763408947328
229588,0.5799446416478428
229589,0.6177683039346245
229590,0.31337463242145064
229591,0.7963921625663005
229592,0.0661027810981679
229593,0.4641693292912949
229594,0.2805504929074952
229595,0.691356734129924
229596,0.7455197458424423
229597,0.680307788801978
229598,0.27834161284604647
229599,0.8683443853086751
229600,0.5831806963880721
229601,0.7729716708859609
229602,0.6642275055562878
229603,0.6778716577054008
229604,0.5848487189859151
229605,0.3646970061948632
229606,0.6775625962976262
229607,0.4988069320655755
229608,0.9988864699278706
229609,0.9462187700264975
229610,0.41341053808500094
229611,0.18561864549293022
229612,0.544907077051736
229613,0.29732616432067843
229614,0.53909399557315
229615,0.21259334336267904
229616,0.27720535767040416
229617,0.5424618559137537
229618,0.5861713200103628
229619,0.5325718908649629
229620,0.8364292499352335
229621,0.6772308097863387
229622,0.9263252144113516
229623,0.931397457515419
229624,0.99688666081874
229625,0.48053594884124695
229626,0.059039818926375214
229627,0.4724003617836479
229628,0.3760186527649633
229629,0.47572731693792863
229630,0.35005294949118493
229631,0.22345594284181966
229632,0.4937483240236159
229633,0.6203816908386018
229634,0.904045522927357
229635,0.32817776484971883
229636,0.7312256557328618
229637,0.8047777257625408
229638,0.00870825966612278
229639,0.7537735034383083
229640,0.5158371246381028
229641,0.8985596829393558
229642,0.7600501770285565
229643,0.05706273492075757
229644,0.2708059685211866
229645,0.4236186545829716
229646,0.02428404561382777
229647,0.6103781002722467
229648,0.17993282459401602
229649,0.7453561250971499
229650,0.29104949073043024
229651,0.6268083501120347
229652,0.6130778425695729
229653,0.7988055685593648
229654,0.5041200612668791
229655,0.647024602197063
229656,0.8304707277941651
229657,0.550224751273742
229658,0.23453670331468363
229659,0.37916835211184385
229660,0.026020243522209243
229661,0.6926793351543716
229662,0.7970739156716858
229663,0.2691606710268565
229664,0.4943209966321397
229665,0.6669726980606396
229666,0.7431926952427269
229667,0.3943896264447484
229668,0.47661359597492964
229669,0.19988546547829525
229670,0.9762295417255626
229671,0.6788397471150481
229672,0.16659318883197513
229673,0.15467159952913584
229674,0.3024529476731766
229675,0.18693670149667532
229676,0.5912981033628608
229677,0.166225042155067
229678,0.024270410551720065
229679,0.5225319401329873
229680,0.6808850064312043
229681,0.7311620254430259
229682,0.6344667099958641
229683,0.9173760686479927
229684,0.5419300884915531
229685,0.96769853786684
229686,0.3586975788674717
229687,0.11156207816526605
229688,0.5002749737525054
229689,0.4719004095063653
229690,0.9158398516505243
229691,0.06512560164711549
229692,0.02132523713645516
229693,0.07519736752400907
229694,0.8731939223983166
229695,0.40731112030215294
229696,0.5331627435562969
229697,0.2466764536112462
229698,0.778721122074711
229699,0.006681180432776871
229700,0.23610019043636746
229701,0.9901418500961272
229702,0.7264670190572717
229703,0.47578640220706203
229704,0.8220124442666836
229705,0.37598683762004537
229706,0.23808181946268764
229707,0.8448602633384995
229708,0.4969661986810349
229709,0.13463260325150783
229710,0.7523418219169988
229711,0.018175537789574633
229712,0.8398334704414578
229713,0.2458810749882966
229714,0.7827298303343772
229715,0.38671308647810887
229716,0.9599038273619337
229717,0.849382558937556
229718,0.9795428618177355
229719,0.1343371769058408
229720,0.25445752905404484
229721,0.3413083296594416
229722,0.7423155062471309
229723,0.13863676649047135
229724,0.3150881052263193
229725,0.2928947691356734
229726,0.6176410433549525
229727,0.9234391262652202
229728,0.10449911599347333
229729,0.974556974107017
229730,0.40082537575958654
229731,0.062830366192318
229732,0.5944887078960646
229733,0.8833384086064512
229734,0.3125656187363933
229735,0.08394653237645497
229736,0.8298526049786157
229737,0.30832965944159874
229738,0.19268615268542547
229739,0.6707041600574492
229740,0.17766940428413652
229741,0.033664968343930804
229742,0.13991846232859592
229743,0.6468700714931757
229744,0.14702687470741432
229745,0.06211679794201463
229746,0.6089236936474246
229747,0.3026620186254948
229748,0.7048872607614728
229749,0.7885701819371788
229750,0.5724862626749265
229751,0.018480054176646776
229752,0.32622340594761406
229753,0.055203821453406715
229754,0.26409297294349177
229755,0.9230391644433941
229756,0.34481708564182506
229757,0.44100335877029917
229758,0.03161516400707205
229759,0.6762945355216093
229760,0.5607055690138669
229761,0.2646474654692052
229762,0.7133546343303594
229763,0.035487521645661095
229764,0.2875543698101545
229765,0.9576085919071361
229766,0.03185150508360565
229767,0.16004835902027534
229768,0.2992577981192704
229769,0.8981688111589349
229770,0.4918212352457265
229771,0.5027792801596211
229772,0.3459806109416828
229773,0.34550338376791306
229774,0.24478572499897738
229775,0.014589516455247453
229776,0.30330741156525964
229777,0.9996863935715227
229778,0.44555292449357103
229779,0.3992937037828207
229780,0.5638779934642603
229781,0.5490566809531818
229782,0.2581026356575054
229783,0.8650174301543944
229784,0.9973138927647816
229785,0.37116002563391676
229786,0.1710245840169802
229787,0.9857740852009581
229788,0.5725271678612496
229789,0.22983260688752438
229790,0.6304716367983056
229791,0.9416692043032256
229792,0.7511055762859
229793,0.12455174733320909
229794,0.6187409383649742
229795,0.43686284491025856
229796,0.13505529017684675
229797,0.33627699174169734
229798,0.4138468600724476
229799,0.8802796096736221
229800,0.8881243154062567
229801,0.6206407570186483
229802,0.43873539343971707
229803,0.014175919571313646
229804,0.7137636861935907
229805,0.9043136791488086
229806,0.11272105844442121
229807,0.8591679885101877
229808,0.39632126024334036
229809,0.3470259657032737
229810,0.7056826393844224
229811,0.4275455524699915
229812,0.3268188036596506
229813,0.6107144318042369
229814,0.33308184218779113
229815,0.4741638298162448
229816,0.29207666540921096
229817,0.819644488480645
229818,0.8775253271278651
229819,0.3275687320755746
229820,0.5949023047799983
229821,0.24183146154230734
229822,0.023906808895514522
229823,0.31558351248289934
229824,0.48269483367496735
229825,0.933233645879257
229826,0.39208984596924834
229827,0.9703437399157353
229828,0.5247044600288154
229829,0.6926020698024279
229830,0.881252244103972
229831,0.4057976284081974
229832,0.8713304639102631
229833,0.5549833879493321
229834,0.7764804268683444
229835,0.9904781816281174
229836,0.03702373864312952
229837,0.20081719472232196
229838,0.7258261711382096
229839,0.922121070261475
229840,0.3825316674317451
229841,0.7613182378045732
229842,0.9741751923680013
229843,0.7443425854804768
229844,0.46038787206675724
229845,0.5309584085155508
229846,0.6823848632630523
229847,0.4499843196785761
229848,0.8221397048463557
229849,0.583107976056831
229850,0.6902704741820099
229851,0.42326868798887374
229852,0.09608628267301757
229853,0.2879952368183037
229854,0.9590902686561738
229855,0.5276996286718086
229856,0.6991968948418561
229857,0.16067102685652734
229858,0.9155444253048574
229859,0.8366110507633363
229860,0.3738552229105403
229861,0.6833211375277815
229862,0.11207566550465636
229863,0.6287127137864112
229864,0.304348221306148
229865,0.09507274305634461
229866,0.14098199717299711
229867,0.45089786883979255
229868,0.09870421459769749
229869,0.5457160907367934
229870,0.8721076624504025
229871,0.40802014353175375
229872,0.9077224446757355
229873,0.2568163947986783
229874,0.43286322669199756
229875,0.020261702292053943
229876,0.10585807718354157
229877,0.9500365874166556
229878,0.33653605792174385
229879,0.0821648842610478
229880,0.438071820417142
229881,0.16129369469277932
229882,0.512014762227242
229883,0.6616686589007413
229884,0.40463410310833964
229885,0.5090695888119772
229886,0.44418487326209766
229887,0.5469796064921076
229888,0.05400393598792843
229889,0.6753537162361775
229890,0.06989787338481326
229891,0.7132455538334976
229892,0.23025074879216076
229893,0.6970743701737562
229894,0.6287672540348421
229895,0.28679535135282536
229896,0.10760791015403075
229897,0.40567036782852545
229898,0.387967512192018
229899,0.9405420391689884
229900,0.9173760686479927
229901,0.6585871348643993
229902,0.9750160211979766
229903,0.9382013535071653
229904,0.7398384699642307
229905,0.7321710200389964
229906,0.07392476172728966
229907,0.33324546293308366
229908,0.38963553478986096
229909,0.09863603928715896
229910,0.7115684411942497
229911,0.07504738184082428
229912,0.22447857249989775
229913,0.017984646920066724
229914,0.4839310793060662
229915,0.8986505833534072
229916,0.005694910940319332
229917,0.8664172965307858
229918,0.5703182877998009
229919,0.6026788352020944
229920,0.4101063080342331
229921,0.5725135327991419
229922,0.2225605737634135
229923,0.4851673249371651
229924,0.28244576654046655
229925,0.44827993691511264
229926,0.6491289467823526
229927,0.8794524159057544
229928,0.6371755423345953
229929,0.9563268960690116
229930,0.8187354843401312
229931,0.9395103194695053
229932,0.5667777166724994
229933,0.9538044095790857
229934,0.06612550620168074
229935,0.317560596488517
229936,0.9813290549538454
229937,0.15107194313270098
229938,0.0208298298798751
229939,0.6970152849046227
229940,0.6892751146481473
229941,0.6288899695938115
229942,0.643879447870885
229943,0.45978792933401813
229944,0.4620104444575745
229945,0.03776912203835089
229946,0.3017575595056835
229947,0.8167174951481904
229948,0.35414801314419986
229949,0.6914476345439754
229950,0.8158448511732971
229951,0.8706078056185547
229952,0.6085100967634908
229953,0.7652451356915931
229954,0.7894064657464516
229955,0.8029006322123798
229956,0.6596233995845852
229957,0.848559910190391
229958,0.2941810099945005
229959,0.22625567559460233
229960,0.15068107135228004
229961,0.18715940751110122
229962,0.6302352957217721
229963,0.7060644211234383
229964,0.5685684548293117
229965,0.669186123142791
229966,0.7378613859586131
229967,0.03694647329118585
229968,0.23154153467169042
229969,0.18056003745097057
229970,0.6325714363628927
229971,0.40931092941128344
229972,0.918807750169302
229973,0.3066161866367301
229974,0.08658264438394517
229975,0.182128069593357
229976,0.43746733266370025
229977,0.32126478836111094
229978,0.9281023175060562
229979,0.5682639384422397
229980,0.7189768249394376
229981,0.025888437921834734
229982,0.6102462946718723
229983,0.6871116847937243
229984,0.26031606073965663
229985,0.8571136391526264
229986,0.9233482258511688
229987,0.03161970902777462
229988,0.37275987292122115
229989,0.9930506633457716
229990,0.05687638907195222
229991,0.8496416251176024
229992,0.1946677817117457
229993,0.5215002204335042
229994,0.7510283109339563
229995,0.19294976388617452
229996,0.8754664327496011
229997,0.03304230050767881
229998,0.46610550811058943
229999,0.2679653305820808
230000,0.8194672326732448
230001,0.5833624972161748
230002,0.9435281177705765
230003,0.8475736406979335
230004,0.5309720435776586
230005,0.4651328736802396
230006,0.16661591393548797
230007,0.09226846528285935
230008,0.02566118688670627
230009,0.132351002858818
230010,0.34968480281427683
230011,0.3578385699546861
230012,0.09065952795414982
230013,0.4099835924752637
230014,0.17824662191336282
230015,0.1426863799364606
230016,0.1480449593447898
230017,0.26713813681421317
230018,0.055490157757668586
230019,0.8499325064425669
230020,0.5917117002467946
230021,0.3361679112448357
230022,0.4685189141036537
230023,0.5995927661450497
230024,0.3676558146722358
230025,0.841710563991619
230026,0.4342040077992555
230027,0.1117893292003945
230028,0.7269806063966622
230029,0.8922511942041896
230030,0.5883029347198677
230031,0.3473123020075356
230032,0.5139873012121571
230033,0.799573677058099
230034,0.8251985037791848
230035,0.2585298676035469
230036,0.418791842596843
230037,0.7647315483522028
230038,0.6963017166543194
230039,0.6106053513073753
230040,0.024261320510314925
230041,0.8147994964117062
230042,0.8750801059898827
230043,0.4162329959412965
230044,0.47595002295235456
230045,0.05776266810895324
230046,0.6644865717363343
230047,0.7464651101485769
230048,0.6821167070416007
230049,0.8284118334159012
230050,0.37893201103531027
230051,0.9689575086014517
230052,0.16662500397689314
230053,0.32671881320419416
230054,0.7121547488648811
230055,0.5489748705805355
230056,0.30684343767185857
230057,0.5718135996109462
230058,0.3991300830375282
230059,0.6837574595152281
230060,0.5509928597724764
230061,0.5284904622740557
230062,0.6246176501333964
230063,0.737597774757864
230064,0.038755391530808425
230065,0.18523686375391443
230066,0.3680830466182773
230067,0.8669354288908786
230068,0.4996204907713354
230069,0.7762077256261903
230070,0.16779307429745344
230071,0.5488339749387559
230072,0.1301784829629899
230073,0.5760313788229307
230074,0.7308211488903332
230075,0.6211725244408489
230076,0.513491893955577
230077,0.11652978579317427
230078,0.40447048236304717
230079,0.2307052508624177
230080,0.5450525177142181
230081,0.8158812113389177
230082,0.2625749360288336
230083,0.6587962058167176
230084,0.5873530253930307
230085,0.47724989887328934
230086,0.8092954763408947
230087,0.5840351602801551
230088,0.9859877011739788
230089,0.42015534880761385
230090,0.5880938637675495
230091,0.966716813395085
230092,0.5176233177742124
230093,0.9886192681607665
230094,0.6275991837142818
230095,0.012435176642229604
230096,0.9266751810054494
230097,0.0646801896182637
230098,0.679157898564228
230099,0.23078706123506393
230100,0.8120497588866518
230101,0.9100722203789638
230102,0.3810545357034101
230103,0.6121142981806282
230104,0.56124188145677
230105,0.8585998609223665
230106,0.7299621399775477
230107,0.02429313565523291
230108,0.5267906245312948
230109,0.8881015903027439
230110,0.22705105421755198
230111,0.5422846001063535
230112,0.6146822348775799
230113,0.8417151090123215
230114,0.34776680407779254
230115,0.7896109916780671
230116,0.4025206684816449
230117,0.026033878584316952
230118,0.6362801732561891
230119,0.3397812027033783
230120,0.8966825893891947
230121,0.4684189236481972
230122,0.9940642029624445
230123,0.9096631685157327
230124,0.4403397857477241
230125,0.5520927547824981
230126,0.818230987042146
230127,0.6409297294349177
230128,0.9758432149658443
230129,0.8766117779666487
230130,0.5309356834120379
230131,0.4981888092500261
230132,0.2633157744033524
230133,0.33330909322291963
230134,0.5185914071838598
230135,0.05458569863785729
230136,0.913131019311793
230137,0.5660323332772781
230138,0.24321769285659098
230139,0.8114043659468869
230140,0.9622036078374337
230141,0.25516655228364565
230142,0.27266488198853744
230143,0.21702928356838666
230144,0.3383404311406638
230145,0.4376309534089927
230146,0.6533512710150395
230147,0.6943337226901068
230148,0.9398421059807928
230149,0.6999740933819953
230150,0.1456679135173461
230151,0.2330323014621332
230152,0.35909299566859526
230153,0.7627908245122056
230154,0.6818031006131233
230155,0.7977056735493431
230156,0.6143004531385641
230157,0.2070620531676522
230158,0.47765440571581796
230159,0.41786011335281625
230160,0.8310479454233914
230161,0.0570127396930293
230162,0.4240413415083105
230163,0.5943478122542848
230164,0.8449875239181714
230165,0.9614036841937815
230166,0.34165829625353944
230167,0.1493357452243195
230168,0.9495411801600756
230169,0.36680135078015275
230170,0.15440344330768427
230171,0.5404165965975976
230172,0.3808045595647688
230173,0.7232264192963399
230174,0.2970761881820371
230175,0.48954872489444184
230176,0.7382477127183315
230177,0.8989369196576691
230178,0.7108230577990283
230179,0.2574981479040637
230180,0.5677685311856595
230181,0.039982547120502136
230182,0.2541757377704855
230183,0.8908740529313111
230184,0.45053426718358697
230185,0.7182541666477291
230186,0.5648188127496921
230187,0.7674812858772572
230188,0.12086119052272283
230189,0.6530740247521828
230190,0.663645742906359
230191,0.6690815876666318
230192,0.25465750996495784
230193,0.8289163307138865
230194,0.7746851436908295
230195,0.061325964339767565
230196,0.2706923430036224
230197,0.7598138359520228
230198,0.6589371014584972
230199,0.00973543434490344
230200,0.2533530890233205
230201,0.5022520577581231
230202,0.0871689520545766
230203,0.9795883120247613
230204,0.9571677248989869
230205,0.8034051295103649
230206,0.6382754373446171
230207,0.673776594052386
230208,0.23100067720808468
230209,0.8625540289336019
230210,0.32851409638170903
230211,0.9301384867808073
230212,0.026661091441271517
230213,0.11136664227505556
230214,0.628980870007863
230215,0.19028638175446888
230216,0.3512710150394735
230217,0.6957744942528213
230218,0.6081237700037724
230219,0.5805491294012844
230220,0.9640534312633794
230221,0.4207871066852709
230222,0.7223537753214466
230223,0.5682139432145114
230224,0.28468191672613063
230225,0.8554774316997014
230226,0.4775635053017666
230227,0.8867244490298654
230228,0.8744165329673077
230229,0.8362429040864281
230230,0.6654864762908995
230231,0.136709677712582
230232,0.45945159780202793
230233,0.4996432158748483
230234,0.4372037214629512
230235,0.9816835665686457
230236,0.013944123515482612
230237,0.35557060462410406
230238,0.6326896069011594
230239,0.045909254116652504
230240,0.8898468782525305
230241,0.7556824121333873
230242,0.03299685030065312
230243,0.411774330632076
230244,0.9078178901104895
230245,0.25088059776112276
230246,0.8728939510319469
230247,0.6265129237663678
230248,0.9599174624240413
230249,0.3316228905422664
230250,0.6369482912994668
230251,0.1693202012535167
230252,0.6851027856431887
230253,0.5082651201476223
230254,0.051685975429618086
230255,0.9472459447052782
230256,0.1710064039341699
230257,0.6819894464619287
230258,0.1980583671558624
230259,0.4906304398216534
230260,0.06867071779511955
230261,0.4810449911599347
230262,0.2599524590834511
230263,0.8804750455638325
230264,0.5528154130742067
230265,0.8023552297280714
230266,0.4488935147099595
230267,0.19760841010630803
230268,0.7363069888783343
230269,0.682143977165816
230270,0.18764572472627614
230271,0.6920384872353095
230272,0.594747774076111
230273,0.4650283382040805
230274,0.38777207630180754
230275,0.4484844628467282
230276,0.16335258907104322
230277,0.9302293871948587
230278,0.9502911085759996
230279,0.15918480508678717
230280,0.5699137809572723
230281,0.20245340217524693
230282,0.7030737975011477
230283,0.6409206393935125
230284,0.6914476345439754
230285,0.8475918207807437
230286,0.41234700324059975
230287,0.3171333645424755
230288,0.9531135664322952
230289,0.5664595652233196
230290,0.43248144495298174
230291,0.669122492852955
230292,0.3728962235422982
230293,0.5094468255302903
230294,0.20656664591107213
230295,0.42155067016330255
230296,0.8793342453674877
230297,0.06788897423427763
230298,0.9649942505488113
230299,0.02475218274619241
230300,0.6767808527367842
230301,0.9564677917107913
230302,0.30035314810858965
230303,0.43644470300562216
230304,0.29491275832761416
230305,0.1001404411397094
230306,0.8542457310893051
230307,0.9137855022929631
230308,0.24579926461565033
230309,0.4449529817608319
230310,0.3063525754359811
230311,0.7929197667495376
230312,0.02912449266206408
230313,0.27716899750478363
230314,0.27333300003181515
230315,0.2999077360797378
230316,0.8377791210838965
230317,0.8392017125638008
230318,0.6949518455056564
230319,0.07696538057730852
230320,0.6970380100081356
230321,0.943787183950623
230322,0.5784447848159949
230323,0.662991259925189
230324,0.003999618218260984
230325,0.2220560764654283
230326,0.5423982256239177
230327,0.5113602792460721
230328,0.5762449947959514
230329,0.9981138164084338
230330,0.4085473659332518
230331,0.2129387649360743
230332,0.6999695483612929
230333,0.8333159107539735
230334,0.5169461096895297
230335,0.6674044750273838
230336,0.019639034455801948
230337,0.2538530413006031
230338,0.533003667831707
230339,0.6626458383517937
230340,0.17707400657209996
230341,0.16143004531385644
230342,0.03040164347948605
230343,0.2747146863253962
230344,0.3051072397634771
230345,0.6861481404047796
230346,0.30437549143036347
230347,0.6795305902618387
230348,0.12599251889592356
230349,0.3867039964367038
230350,0.8759391149026684
230351,0.6461701383049799
230352,0.41121074806495744
230353,0.19249980683662016
230354,0.18230078038005465
230355,0.8896696224451303
230356,0.5628099135991566
230357,0.3753459897009831
230358,0.5950204753182652
230359,0.44138968553001756
230360,0.8476190909049591
230361,0.5714636330168484
230362,0.009321837460969635
230363,0.12308825066698179
230364,0.35402984260593306
230365,0.5324991705337218
230366,0.5493339272160385
230367,0.7321392048940784
230368,0.7007967421291604
230369,0.42098254257548146
230370,0.36819667213584156
230371,0.3246508287845251
230372,0.07635180278246168
230373,0.7514100926729722
230374,0.4744683462033169
230375,0.32212834229459913
230376,0.8995777675767314
230377,0.5588193854223007
230378,0.05053608519186805
230379,0.21876548147676814
230380,0.22931901954813405
230381,0.19224528567727628
230382,0.1692656610050859
230383,0.5386031333372724
230384,0.48369019320883005
230385,0.07785620463501211
230386,0.653092204834993
230387,0.470341467405384
230388,0.17829207212038853
230389,0.40314788133859947
230390,0.2154521613845951
230391,0.060494225551197385
230392,0.8719985819535407
230393,0.9265479204257776
230394,0.4018161902727467
230395,0.9885783629744433
230396,0.5780720931183843
230397,0.7347298666945429
230398,0.6743447216402071
230399,0.23010076310897598
230400,0.5263770276473609
230401,0.40393416992014397
230402,0.020248067229946234
230403,0.07009785429572632
230404,0.032156021470677795
230405,0.6018107362479036
230406,0.48044504842719554
230407,0.35001658932556434
230408,0.6027242854091202
230409,0.5535789765522382
230410,0.8888106135323447
230411,0.9349925688911513
230412,0.31374277909835874
230413,0.5605828534548974
230414,0.9954822494216461
230415,0.42168247576367707
230416,0.371832688697897
230417,0.6455929206757537
230418,0.8655219274523797
230419,0.7902336595143191
230420,0.5578013007849252
230421,0.30627076506333484
230422,0.15227637361888186
230423,0.26272037669131576
230424,0.17027465560105626
230425,0.1154889760522859
230426,0.3518164175237818
230427,0.26414751319192253
230428,0.8549638443603111
230429,0.8710850327923244
230430,0.7186041332418269
230431,0.9192258920739385
230432,0.5862758554865218
230433,0.6368710259475233
230434,0.7820026270219661
230435,0.16795215002204336
230436,0.27451016039378057
230437,0.48685352761781825
230438,0.11659796110371282
230439,0.764876989014685
230440,0.33753141745560644
230441,0.37609137309620444
230442,0.9773112566527741
230443,0.16736584235141191
230444,0.9255162007262944
230445,0.6148140404779544
230446,0.25357579503774635
230447,0.6497607046600098
230448,0.7031147026874708
230449,0.23495030019861743
230450,0.13386903977347617
230451,0.7470695979020184
230452,0.7219038182718923
230453,0.598029279023366
230454,0.7625908436012927
230455,0.6720540312061122
230456,0.36527876884479205
230457,0.2602660655119284
230458,0.8579135627962785
230459,0.7797073915671686
230460,0.7801891637616409
230461,0.2901723017348344
230462,0.880797742033715
230463,0.17436971925407121
230464,0.9854786588552911
230465,0.48771708155130644
230466,0.5225273951122847
230467,0.07265670095127283
230468,0.9128265029247209
230469,0.5379622854182101
230470,0.13459169806518467
230471,0.4641375141463769
230472,0.9704800905368125
230473,0.7456379163807091
230474,0.4637466423659559
230475,0.24976706768899334
230476,0.5917571504538204
230477,0.9089086950791061
230478,0.5439162625385758
230479,0.6542102799278251
230480,0.9807245672004037
230481,0.12444266683634743
230482,0.18730030315288088
230483,0.05578558410333559
230484,0.3028165493293822
230485,0.8157448607178406
230486,0.994491434908486
230487,0.5369442007808346
230488,0.07421564305225409
230489,0.8598133814499526
230490,0.4334131741970085
230491,0.8720349421191614
230492,0.11824325859804291
230493,0.24101790283654742
230494,0.7225310311288469
230495,0.4701960267429018
230496,0.3081114984478754
230497,0.561273696601688
230498,0.858890742247331
230499,0.2803914171829053
230500,0.6565509655896483
230501,0.8605451297830662
230502,0.16483426582008082
230503,0.08541911908408742
230504,0.5669277023556842
230505,0.31712427450107034
230506,0.317465151053763
230507,0.7194540521132073
230508,0.915294449166216
230509,0.9514909940414779
230510,0.3273732961853641
230511,0.056926384299680485
230512,0.15300812195199548
230513,0.21266606369392013
230514,0.49979320155803303
230515,0.560282882088528
230516,0.45461569577449423
230517,0.7020238977188541
230518,0.8769162943537208
230519,0.9730934774407898
230520,0.9389603719644943
230521,0.28207761986355845
230522,0.38427241036082915
230523,0.8360747383204331
230524,0.8557092277555325
230525,0.8031869685166416
230526,0.9107585185050517
230527,0.6548056776398616
230528,0.5206275764586108
230529,0.7079915099013276
230530,0.9329291294921849
230531,0.9825243953986211
230532,0.5718772299007823
230533,0.49557087732534616
230534,0.8346476018198263
230535,0.5091286740811105
230536,0.39446689179669214
230537,0.9223665013794138
230538,0.9938824021343418
230539,0.230364374309725
230540,0.43671285922707376
230541,0.7591457179087452
230542,0.29215847578185716
230543,0.5250317015194004
230544,0.0637620954363447
230545,0.8709532271919499
230546,0.8594952300007727
230547,0.17119729480367785
230548,0.8533412719694939
230549,0.24024524931711064
230550,0.5832397816572055
230551,0.5987792074392899
230552,0.2176474063839361
230553,0.7795392258011736
230554,0.2738420423505029
230555,0.530976588598361
230556,0.24103608291935769
230557,0.8980870007862887
230558,0.607082960262884
230559,0.7629453552160931
230560,0.49209393648788063
230561,0.9250162484490118
230562,0.3223237781848096
230563,0.7260125169870149
230564,0.573863403947805
230565,0.23475486430840695
230566,0.7768031233382268
230567,0.7974011571622709
230568,0.5461705928070503
230569,0.36534239913462807
230570,0.2934628967234945
230571,0.8521686566282309
230572,0.39345335218001914
230573,0.37422336958744845
230574,0.2734648056321896
230575,0.2417178360247431
230576,0.08460101535762495
230577,0.6268856154639785
230578,0.5109648624449485
230579,0.23342317324255413
230580,0.3182287145317947
230581,0.782161702746556
230582,0.24771726335213456
230583,0.3104567291304012
230584,0.24364492480263247
230585,0.4635512064757455
230586,0.46462383136155183
230587,0.9652760418323706
230588,0.8596724858081728
230589,0.5599101903909173
230590,0.05688547911335736
230591,0.702014807677449
230592,0.3941714654510251
230593,0.545888801523491
230594,0.7563868903422856
230595,0.6869344289863241
230596,0.8617359252071394
230597,0.9771021857004559
230598,0.6023924988978324
230599,0.44660736929656714
230600,0.2491034946664182
230601,0.7736716040741566
230602,0.11108939601219883
230603,0.1716154367083142
230604,0.04821357961285514
230605,0.1294058294435531
230606,0.5320583035255726
230607,0.5718135996109462
230608,0.7032419632671427
230609,0.12511987492103027
230610,0.5237227355570605
230611,0.7946286945337037
230612,0.22522850091582167
230613,0.5576285899982274
230614,0.9917735125283496
230615,0.7289213302366593
230616,0.15828943600838102
230617,0.17057462696742584
230618,0.8352429995318629
230619,0.9425054881124983
230620,0.7765622372409907
230621,0.5871984946891433
230622,0.6452793142472765
230623,0.46084691915771675
230624,0.2314279091541262
230625,0.45147508646901885
230626,0.6465791901682112
230627,0.009308202398861926
230628,0.2244103971893592
230629,0.5308947782257148
230630,0.3017575595056835
230631,0.3751641888728803
230632,0.22047895428163677
230633,0.291981219974457
230634,0.6830166211407093
230635,0.4022252421359779
230636,0.6040696115370805
230637,0.5133691783966077
230638,0.48806250312470173
230639,0.6148094954572518
230640,0.1255471068670718
230641,0.6396253084932803
230642,0.3938760391053581
230643,0.15542607296576236
230644,0.04414124106335304
230645,0.5613600519950369
230646,0.9698710577626681
230647,0.25163052617704673
230648,0.39151262834002204
230649,0.4587789347380477
230650,0.42673199376423154
230651,0.21100713113748235
230652,0.850691524899896
230653,0.3741006540284791
230654,0.7021284331950132
230655,0.4824221324328132
230656,0.22971443634925756
230657,0.19272705787174862
230658,0.9750387463014895
230659,0.15402166156866845
230660,0.36279264252048665
230661,0.580521859277069
230662,0.597870203298776
230663,0.9209302748374019
230664,0.8899559587493922
230665,0.4886624458574409
230666,0.8314479072452176
230667,0.5665959158443967
230668,0.3833952213652333
230669,0.9420691661250518
230670,0.1787874793769686
230671,0.36319714936301534
230672,0.7777030374373356
230673,0.19831743333590887
230674,0.4988841974175192
230675,0.5103285595465888
230676,0.5971566350484726
230677,0.39443507665177413
230678,0.13921852914040025
230679,0.2615114011844324
230680,0.8888424286772626
230681,0.491753059935188
230682,0.6601551670067858
230683,0.1460360601942542
230684,0.8783752459992455
230685,0.11670249657987192
230686,0.3414583153426264
230687,0.49113948214034114
230688,0.828825430299835
230689,0.8721349325746178
230690,0.9350107489739616
230691,0.5691820326241586
230692,0.2816640229796246
230693,0.7231082487580731
230694,0.9804155057926288
230695,0.28975870485090055
230696,0.863185786811259
230697,0.3724962617204721
230698,0.49367560369237484
230699,0.3769640170710977
230700,0.847028238213625
230701,0.6379254707505193
230702,0.9003504210961681
230703,0.36228814522250147
230704,0.9098449693438354
230705,0.012798778298435148
230706,0.3784956890478636
230707,0.7225037610046314
230708,0.6638820839828926
230709,0.8311206657546325
230710,0.13011030765245135
230711,0.5277041736925112
230712,0.008785525018066457
230713,0.720344876170911
230714,0.010967134955299721
230715,0.29277659859740657
230716,0.863344862535849
230717,0.9495639052635885
230718,0.25927070597806573
230719,0.5714545429754433
230720,0.8030051676885389
230721,0.9373514346357849
230722,0.1616845664732003
230723,0.10353102658382608
230724,0.3014621331600165
230725,0.6448748074047478
230726,0.7397884747365024
230727,0.5671776784943255
230728,0.5856668227123775
230729,0.8136905113602793
230730,0.9297021647933607
230731,0.8203489666895434
230732,0.7944014434985751
230733,0.18185536835120286
230734,0.9229255389258298
230735,0.029710800332695516
230736,0.6279446052876771
230737,0.18028279118811386
230738,0.1947268669808791
230739,0.7922561937269624
230740,0.5151826416569327
230741,0.640038905377214
230742,0.7511737515964385
230743,0.2664836538330432
230744,0.22769644715731682
230745,0.2907449743433581
230746,0.2829139036728312
230747,0.2721467496284445
230748,0.07546097872475808
230749,0.4380854554792497
230750,0.9775839578949282
230751,0.8383427036510152
230752,0.6850073402084347
230753,0.8713850041586939
230754,0.15518973188922874
230755,0.5417210175392349
230756,0.9843696738038642
230757,0.9848059957913109
230758,0.117134273546616
230759,0.7472195835852032
230760,0.6607869248844428
230761,0.9258025370305561
230762,0.08701896637139182
230763,0.9572949854786589
230764,0.15600329059498869
230765,0.7041009721799283
230766,0.1480176892205744
230767,0.22120161257334528
230768,0.19196349439371696
230769,0.49362560846464654
230770,0.8129133128201399
230771,0.3216011198931011
230772,0.4368946600551765
230773,0.3113066480017816
230774,0.13274641965994155
230775,0.5155144281682204
230776,0.39522136523331863
230777,0.39935733407265667
230778,0.648797160271065
230779,0.9202894269183397
230780,0.1754332540984724
230781,0.6153321728380473
230782,0.16626140232068756
230783,0.9670895050926956
230784,0.860895096377164
230785,0.43758550320196704
230786,0.21907454288454284
230787,0.9214938574045205
230788,0.31749242117797843
230789,0.521691111303012
230790,0.9128401379868285
230791,0.8038323614564065
230792,0.09920871189568269
230793,0.4291999400057267
230794,0.7589002867908063
230795,0.7491239472595798
230796,0.46289217847387293
230797,0.7701992082573936
230798,0.6013880493225647
230799,0.6282491216747493
230800,0.3652424086791715
230801,0.6530967498556957
230802,0.45209320928456825
230803,0.2718876834483981
230804,0.054263002167974875
230805,0.3924443575840488
230806,0.022320596670317834
230807,0.8395698592407088
230808,0.06618913649151671
230809,0.46522831911499357
230810,0.25220774380627303
230811,0.7137182359865649
230812,0.40507497011648885
230813,0.3259097995191368
230814,0.6480745019793565
230815,0.6588143858995278
230816,0.8077910744883443
230817,0.25717090641347873
230818,0.5528381381777194
230819,0.603210602624295
230820,0.1919453143109067
230821,0.5207957422246058
230822,0.41915998927375114
230823,0.3932851864140241
230824,0.5327218765481477
230825,0.523200058176265
230826,0.8304389126492471
230827,0.48919421327964147
230828,0.4478708850518814
230829,0.28569091132210106
230830,0.2391271742242786
230831,0.022556937746851437
230832,0.5145327036964654
230833,0.4012344276228178
230834,0.6084828266392753
230835,0.7308120588489281
230836,0.9564087064416579
230837,0.26011607982874363
230838,0.6199135537062371
230839,0.5643461305966249
230840,0.03764186145867895
230841,0.5682366683180242
230842,0.909467732625522
230843,0.6352575435981112
230844,0.6592779780111898
230845,0.9687893428354566
230846,0.20136714222733285
230847,0.7256989105585376
230848,0.28214579517409705
230849,0.007222037896382617
230850,0.12363365315129009
230851,0.28372291735788857
230852,0.10821239790747246
230853,0.008930965680548674
230854,0.4561428227305575
230855,0.08244667554460709
230856,0.20005363124429035
230857,0.27914608151040127
230858,0.9405193140654756
230859,0.9019911735697956
230860,0.7079415146735993
230861,0.6608005599465506
230862,0.6092009399102812
230863,0.7465878257075461
230864,0.2702242058712577
230865,0.16904295499066
230866,0.38350884688279757
230867,0.7603456033742234
230868,0.2564118879561496
230869,0.24789906418023733
230870,0.2981669931506538
230871,0.3628335477068098
230872,0.2479945096149913
230873,0.4898123360951909
230874,0.3418719122265602
230875,0.19282250330650258
230876,0.8632812322460129
230877,0.9988410197208449
230878,0.7574095200003635
230879,0.20495316356166002
230880,0.9769203848723531
230881,0.39970275564605195
230882,0.1789465551015585
230883,0.4669417919198621
230884,0.3387994782316233
230885,0.8503870085128238
230886,0.6044786634003118
230887,0.475586421296149
230888,0.619249980683662
230889,0.6569418373700693
230890,0.9400329968503006
230891,0.8625449388921966
230892,0.6707996054922031
230893,0.7201312601978902
230894,0.3969030228932693
230895,0.5760359238436331
230896,0.7703628290026862
230897,0.8243031347007787
230898,0.5332127387840252
230899,0.4705414483162971
230900,0.8469282477581687
230901,0.44335767949423005
230902,0.16497516146186045
230903,0.9794565064243869
230904,0.3264279318792297
230905,0.3702737465969157
230906,0.19478140722930992
230907,0.9517546052422269
230908,0.6919748569454734
230909,0.35258452602251605
230910,0.7645452025033974
230911,0.553306275310084
230912,0.5450706977970285
230913,0.9715754405261317
230914,0.763799819108176
230915,0.7531462905813536
230916,0.6173592520713932
230917,0.43025438480872275
230918,0.09799064634739411
230919,0.37389612809686346
230920,0.6663773003486031
230921,0.49610718976824936
230922,0.3149517546052422
230923,0.5997518418696397
230924,0.34879852377727577
230925,0.8363474395625873
230926,0.8815976656773672
230927,0.20445775630507995
230928,0.9223892264829266
230929,0.7164634284909167
230930,0.28810431731516534
230931,0.27407838342703644
230932,0.5372941673749324
230933,0.08458738029551724
230934,0.3378813840497043
230935,0.9333154562519033
230936,0.7924834447620909
230937,0.1725335308902332
230938,0.0788788342930902
230939,0.17721035719317701
230940,0.9588402925175324
230941,0.9497048009053681
230942,0.7146636002926994
230943,0.06518923193695147
230944,0.8255257452697697
230945,0.6619277250807878
230946,0.691515809854514
230947,0.6529194940482954
230948,0.9111812054303908
230949,0.9608310115852579
230950,0.2801823462305871
230951,0.7983510664891079
230952,0.4011571622708741
230953,0.835483885629099
230954,0.5570059221619754
230955,0.9316656137368706
230956,0.09546361483676556
230957,0.6470609623626836
230958,0.559078451602347
230959,0.8055685593647879
230960,0.2742919994000572
230961,0.9412601524399944
230962,0.007085687275305539
230963,0.33877675312811045
230964,0.6569963776185
230965,0.6939337608682807
230966,0.011303466487289849
230967,0.32496898023370496
230968,0.73109839515319
230969,0.5917071552260921
230970,0.041059717027011056
230971,0.7771530899323247
230972,0.6274582880725023
230973,0.2520304879988728
230974,0.9705300857645407
230975,0.30285745451570534
230976,0.45388394744138055
230977,0.3393221556124188
230978,0.13172379000186346
230979,0.10511269378832021
230980,0.08674172010853509
230981,0.7210448093591066
230982,0.21407047509101404
230983,0.5712545620645302
230984,0.8131405638552683
230985,0.5435844760272883
230986,0.22852364092518443
230987,0.2406679362424496
230988,0.26679726026152045
230989,0.47761804555019743
230990,0.8524095427254671
230991,0.9553133564523387
230992,0.2883224783088887
230993,0.9218301889365107
230994,0.16601597120274886
230995,0.19271796783034348
230996,0.49298476054558427
230997,0.7708355111557533
230998,0.5957931288377019
230999,0.9284977343071797
231000,0.36914203644197596
231001,0.6650546993241554
231002,0.20275791856231906
231003,0.5079651487812528
231004,0.8677035373896128
231005,0.3881038628130951
231006,0.2984169692892951
231007,0.06532558255802855
231008,0.8915103558296708
231009,0.3384313315547152
231010,0.31220201708018774
231011,0.10013589611900682
231012,0.3292185745906072
231013,0.9421737016012108
231014,0.37356888660627846
231015,0.3113248280845919
231016,0.34974388808341017
231017,0.2545893346544193
231018,0.9508410560810104
231019,0.9000322696469883
231020,0.4428440921548398
231021,0.21143436308352384
231022,0.7995691320373965
231023,0.2170701887547098
231024,0.08171038219079087
231025,0.6464246594643239
231026,0.5803036982833457
231027,0.0017680130532994579
231028,0.020402597933833592
231029,0.623904081883093
231030,0.6502061166888615
231031,0.8796887569822881
231032,0.3200376327714172
231033,0.7389521909272296
231034,0.08478281618572772
231035,0.2459674303816454
231036,0.7660496043559478
231037,0.8335340717476968
231038,0.6401707109775886
231039,0.49384376945836983
231040,0.49978411151662794
231041,0.06706178046641002
231042,0.22563755277905292
231043,0.11131210202662473
231044,0.04994068747983147
231045,0.8105135418891833
231046,0.6494789133764505
231047,0.40455683775639595
231048,0.021666113689147854
231049,0.436467428109135
231050,0.952840865190141
231051,0.6811213475077379
231052,0.34693506528922236
231053,0.6087737079642399
231054,0.4521159343880811
231055,0.9374105199049182
231056,0.07414292272101299
231057,0.3216011198931011
231058,0.2875225546652365
231059,0.6778580226432932
231060,0.48993505165416024
231061,0.7589866421841552
231062,0.4755682412133387
231063,0.6409615445798357
231064,0.869421555215184
231065,0.6424204962253603
231066,0.4533339999363697
231067,0.4503297412519714
231068,0.5172824412215198
231069,0.2507760622849637
231070,0.6430431640616123
231071,0.33867676267265395
231072,0.18263711191204476
231073,0.3304411851595984
231074,0.17234718504142787
231075,0.15479886010880778
231076,0.42115070834147644
231077,0.8626994695960841
231078,0.5288086137232356
231079,0.6771262743101796
231080,0.2665518291435817
231081,0.8426695633598612
231082,0.993605155871485
231083,0.4454892942037351
231084,0.46057876293626515
231085,0.8947645906527105
231086,0.7471877684402852
231087,0.34316269810608985
231088,0.6248130860236069
231089,0.3739688484281045
231090,0.6869480640484317
231091,0.5227001058989824
231092,0.18443239508955964
231093,0.4932801868912513
231094,0.2890315015384895
231095,0.13780957272260375
231096,0.3504120061266879
231097,0.8552638157266806
231098,0.11840233432263282
231099,0.8309297748851247
231100,0.08922784643284049
231101,0.045563832543257236
231102,0.5636371073670241
231103,0.2546393298821476
231104,0.4967253125837988
231105,0.14386354029842607
231106,0.16723403675103743
231107,0.6847800891733062
231108,0.4637057371796328
231109,0.35116647956331437
231110,0.6210361738197718
231111,0.5547970421005267
231112,0.6622731466541831
231113,0.8733711782057167
231114,0.09285477295349079
231115,0.30539812108844155
231116,0.9596629412646975
231117,0.5559696574417897
231118,0.890864962889906
231119,0.4059839742570027
231120,0.8810113580067358
231121,0.7527417837388249
231122,0.7792437994555066
231123,0.7432063303048346
231124,0.02981533580885461
231125,0.11248926238859017
231126,0.02079346971425455
231127,0.16340712931947407
231128,0.967339481231337
231129,0.097590684525568
231130,0.8801250789697348
231131,0.2570663709373196
231132,0.5537880475045563
231133,0.5707182496216271
231134,0.02574754228005509
231135,0.08865971884501933
231136,0.3972984396943928
231137,0.5081333145472479
231138,0.14887215311265745
231139,0.615504883624745
231140,0.3307775166915885
231141,0.4588152949036683
231142,0.30897959740206615
231143,0.7769849241663296
231144,0.33561341871912226
231145,0.802191608982779
231146,0.6387072143113612
231147,0.17569686529922143
231148,0.19450870598715578
231149,0.4027615545788811
231150,0.8099545043427673
231151,0.19158171265470117
231152,0.6451156935019839
231153,0.34481708564182506
231154,0.4106926157048645
231155,0.15875302812004308
231156,0.48690352284554655
231157,0.8588089318746847
231158,0.5158734848037233
231159,0.6670226932883679
231160,0.5113284641011541
231161,0.4580426413842315
231162,0.4005617645588376
231163,0.6005426754718868
231164,0.8773117111548443
231165,0.5756995923116429
231166,0.9975365987792075
231167,0.9674303816453884
231168,0.30626622004263226
231169,0.6448702623840452
231170,0.06765263315774403
231171,0.5850350648347203
231172,0.11781602665200139
231173,0.30070765972339003
231174,0.29226301125801624
231175,0.9367696719858559
231176,0.46385117784211505
231177,0.6241131528354111
231178,0.6565055153826226
231179,0.2047350025679367
231180,0.18403243326773353
231181,0.16678407970148304
231182,0.866435476613596
231183,0.6809986319487685
231184,0.16222087891610348
231185,0.7326255221092532
231186,0.35536153367178586
231187,0.027111048490825875
231188,0.5107103412856046
231189,0.6552010944409852
231190,0.370355556969562
231191,0.017889201485312766
231192,0.746746901432136
231193,0.28418650946955065
231194,0.202589752796324
231195,0.5915162643565841
231196,0.1824098608769163
231197,0.1274242004172329
231198,0.7025783902445676
231199,0.7193358815749405
231200,0.5607010239931643
231201,0.5714727230582535
231202,0.3969666531831052
231203,0.9975184186963972
231204,0.2742556392344367
231205,0.5908026961062808
231206,0.18303707373387088
231207,0.7274941937360525
231208,0.7555551515537153
231209,0.19038637220992544
231210,0.716240722476491
231211,0.804259593402448
231212,0.5864167511283014
231213,0.1887910699433236
231214,0.6184500570400099
231215,0.8326796078556138
231216,0.7501738470418733
231217,0.64256139186714
231218,0.09891783057071823
231219,0.43379495593602424
231220,0.013975938660400597
231221,0.02469309747705901
231222,0.3338726757900382
231223,0.04555928752255466
231224,0.1595075015566696
231225,0.6758400334513524
231226,0.3051663250326105
231227,0.7193086114507252
231228,0.007453833952213652
231229,0.4465073788411106
231230,0.925625281223156
231231,0.3530708432376909
231232,0.8388971961767286
231233,0.4232505079060635
231234,0.1833597702037533
231235,0.20688025233954943
231236,0.5536335168006691
231237,0.6539466687270761
231238,0.04703641925088969
231239,0.07103412856045559
231240,0.6733902672926676
231241,0.8584407851977767
231242,0.7082596661227791
231243,0.00876734493525618
231244,0.8427195585875894
231245,0.0824330404824994
231246,0.24588562000899913
231247,0.008062866726357937
231248,0.8146949609355472
231249,0.20136714222733285
231250,0.006163048072683971
231251,0.4288636084737366
231252,0.04882261238699943
231253,0.4306361665477386
231254,0.5682003081524036
231255,0.6543011803418765
231256,0.05315401711654797
231257,0.2618340976543148
231258,0.1896500788561092
231259,0.6571100031360644
231260,0.6608141950086583
231261,0.935333445443844
231262,0.019475413710509454
231263,0.2679017002922448
231264,0.9702982897087096
231265,0.9778521141163798
231266,0.1438135450706978
231267,0.6758400334513524
231268,0.029701710291290376
231269,0.5861758650310652
231270,0.5137782302598388
231271,0.4993477895291813
231272,0.8599951822780553
231273,0.6066511832961399
231274,0.7237990919048637
231275,0.6765536017016558
231276,0.020570763699828656
231277,0.1984901441226065
231278,0.690829511728426
231279,0.21613845951068308
231280,0.7859249798882834
231281,0.6056421887001695
231282,0.43292231196113096
231283,0.2912358365792356
231284,0.12954672508533277
231285,0.8666081874002937
231286,0.9195394985024157
231287,0.19677212629703528
231288,0.6794760500134078
231289,0.1719881284059249
231290,0.5975066016425705
231291,0.0030178937465060156
231292,0.13796410342649112
231293,0.3218329159489321
231294,0.3485167324937165
231295,0.2306007153862586
231296,0.3879947823162334
231297,0.834556701405775
231298,0.8280755018839111
231299,0.3410356284172874
231300,0.44150785606828435
231301,0.4419987183041618
231302,0.3951486449020775
231303,0.7635816581144527
231304,0.5932433722235605
231305,0.6061785011430728
231306,0.09414101381231792
231307,0.7921562032715059
231308,0.9641988719258616
231309,0.7968148494916394
231310,0.827180132805505
231311,0.6921975629598993
231312,0.832361456406434
231313,0.5242817731034765
231314,0.41178342067348117
231315,0.6291126756082375
231316,0.022316051649615264
231317,0.3116111643888538
231318,0.80226432931402
231319,0.2261284150149304
231320,0.9148035869303385
231321,0.6711541171070035
231322,0.31479722390135484
231323,0.11566168683898354
231324,0.713981847187314
231325,0.9564087064416579
231326,0.15057653587612094
231327,0.4827221037991828
231328,0.15665322855545608
231329,0.46435567514010023
231330,0.5421437044645739
231331,0.9044909349562087
231332,0.7784438758118544
231333,0.3109884965526018
231334,0.640725203503302
231335,0.11512991941678294
231336,0.2914312724694461
231337,0.7353888946964153
231338,0.5541789192849774
231339,0.6786034060385145
231340,0.9669349743888084
231341,0.33277278078001643
231342,0.169011139845742
231343,0.7124274501070352
231344,0.09657259988819249
231345,0.15783947895882666
231346,0.061494130105762636
231347,0.4140150258384427
231348,0.45698365156053283
231349,0.1645979247435472
231350,0.836824666736357
231351,0.5361124619922644
231352,0.6633094113743688
231353,0.07373387085778174
231354,0.06822530576626776
231355,0.3502711104849082
231356,0.884606469382468
231357,0.6513105567195859
231358,0.46583280686843526
231359,0.2620249885238227
231360,0.5645915617145636
231361,0.7309029592629794
231362,0.9520545766085965
231363,0.5042382318051459
231364,0.8508369655623782
231365,0.6326123415492159
231366,0.3915626235677503
231367,0.6457292712968308
231368,0.4362629021775194
231369,0.09271387731171114
231370,0.668827066507288
231371,0.09448643538571316
231372,0.3361315510792151
231373,0.5225955704228232
231374,0.5763177151271924
231375,0.0648119952186382
231376,0.33403175151462816
231377,0.2997350252930402
231378,0.6083737461424137
231379,0.7396703041982357
231380,0.5203912353820772
231381,0.12791960767381297
231382,0.8857927197858386
231383,0.03900536766944974
231384,0.7197085732725513
231385,0.0464728366837711
231386,0.8190218206443931
231387,0.29304929983956074
231388,0.8373700692206654
231389,0.38720849373468896
231390,0.08384199690029587
231391,0.009385467750805603
231392,0.38685398211988853
231393,0.932083755641507
231394,0.7323937260534222
231395,0.5215502156612324
231396,0.7824843992164385
231397,0.5069334290817695
231398,0.7774894214643149
231399,0.7494466437294622
231400,0.44406670272383086
231401,0.480145077060826
231402,0.9887238036369256
231403,0.9269297021647934
231404,0.3569341108348748
231405,0.2211107121592939
231406,0.5613691420364421
231407,0.3952259102540212
231408,0.9871148663082161
231409,0.36006108507824247
231410,0.6667318119634035
231411,0.9366605914889943
231412,0.5375668686170866
231413,0.30205753087205306
231414,0.3086478108907786
231415,0.47100958544866167
231416,0.698869653351271
231417,0.1904500024997614
231418,0.8476690861326873
231419,0.6797033010485363
231420,0.8619268160766472
231421,0.20847100958544865
231422,0.05484476481790374
231423,0.3264870171483631
231424,0.41067443562205425
231425,0.8692670245112967
231426,0.8019552679062453
231427,0.9384649647079143
231428,0.2284509205939433
231429,0.9840287972511714
231430,0.4868080774107926
231431,0.8242940446593735
231432,0.786647638179992
231433,0.9670076947200494
231434,0.9857286349939324
231435,0.548284027433745
231436,0.4047931788329296
231437,0.17468787070325106
231438,0.9137127819617219
231439,0.6030787970239205
231440,0.7066870889596902
231441,0.6856163729825789
231442,0.4168056685498202
231443,0.5316219815381259
231444,0.4198462873998391
231445,0.4701960267429018
231446,0.23414128651356006
231447,0.33209557269533363
231448,0.031646979151990044
231449,0.36313351907317937
231450,0.05961249153489894
231451,0.10700342240058903
231452,0.9928143222692379
231453,0.6162593570613714
231454,0.11341190159121174
231455,0.25941160161984533
231456,0.24995341353779868
231457,0.16261175069652445
231458,0.05369487458015371
231459,0.5275314629058135
231460,0.5723408220124443
231461,0.913690056858209
231462,0.19384967798528321
231463,0.44358038550865597
231464,0.8552774507887884
231465,0.08788706532558256
231466,0.8244122151976402
231467,0.7937333254552974
231468,0.9382195335899756
231469,0.5700455865576468
231470,0.6875025565741452
231471,0.3840769744706187
231472,0.9041000631757878
231473,0.12482444857536325
231474,0.9775794128742257
231475,0.42222787824798536
231476,0.3108339658487144
231477,0.5739952095481795
231478,0.4895941751014676
231479,0.5882120343058164
231480,0.5744906168047597
231481,0.05709000504497298
231482,0.2805459478867926
231483,0.5059653396721223
231484,0.24900804923166425
231485,0.29074042932265554
231486,0.008240122533758141
231487,0.8829293567432199
231488,0.5983065252862227
231489,0.5344898896014472
231490,0.33827680085082784
231491,0.5416210270837785
231492,0.34853036755582417
231493,0.14213188741074714
231494,0.3542707287031692
231495,0.2772780780016453
231496,0.5824534930756611
231497,0.14195008658264438
231498,0.19509046863708465
231499,0.4309861331418364
231500,0.14785861349598448
231501,0.5713272823957712
231502,0.8189309202303416
231503,0.8084819176351349
231504,0.8559410238113635
231505,0.4091882138523141
231506,0.12943764458847112
231507,0.9693438353611701
231508,0.5083242054167557
231509,0.4436758309434099
231510,0.8817112911949314
231511,0.8870107853341271
231512,0.7917516964289774
231513,0.13157380431867868
231514,0.9627626453838497
231515,0.06435294812767871
231516,0.4364265229228119
231517,0.2495670867780803
231518,0.2709059589766431
231519,0.7877066280036906
231520,0.7314438167265852
231521,0.5248589907327028
231522,0.8783025256680045
231523,0.6055240181619028
231524,0.724408124679008
231525,0.5292267556278719
231526,0.9195440435231182
231527,0.9161761831825145
231528,0.26252039578040276
231529,0.41989173760686477
231530,0.25222592388908327
231531,0.5714499979547407
231532,0.6610187209402739
231533,0.6070375100558583
231534,0.41433317728762253
231535,0.18984096972561712
231536,0.8216579326518832
231537,0.24774907849705255
231538,0.4067838979006549
231539,0.6954472527622364
231540,0.7825434844855719
231541,0.9034092200289973
231542,0.4798360156530513
231543,0.3249871603165152
231544,0.21407047509101404
231545,0.34317633316819757
231546,0.343435399348244
231547,0.6147095050017952
231548,0.934606242131433
231549,0.3303093795592239
231550,0.8048231759695665
231551,0.6758854836583781
231552,0.9792610705341763
231553,0.7890519541316511
231554,0.5500747655905573
231555,0.5863213056935475
231556,0.9812517896019016
231557,0.006476654501161252
231558,0.8320296698951465
231559,0.9776930383917899
231560,0.0803741461042355
231561,0.8939010367192223
231562,0.38389062862181333
231563,0.9460869644261231
231564,0.2768599360970089
231565,0.0726612459719754
231566,0.9827743715372624
231567,0.27732352820867096
231568,0.298216988378382
231569,0.6073420264429304
231570,0.11331645615645779
231571,0.7542143704464573
231572,0.37719126810622616
231573,0.8346657819026365
231574,0.5434526704269138
231575,0.07676994468709804
231576,0.31635162098163355
231577,0.35765222410588077
231578,0.03510573990664528
231579,0.10638075456433703
231580,0.31819235436617416
231581,0.00830375282359411
231582,0.5036473791138119
231583,0.3894946391480813
231584,0.16855663777548507
231585,0.9860922366501379
231586,0.9821198885560924
231587,0.06522559210257203
231588,0.8513732780052814
231589,0.7879202439767113
231590,0.5841215156735039
231591,0.7010103581021813
231592,0.4661373232555074
231593,0.7046554647056418
231594,0.7813617791029039
231595,0.5271496811667977
231596,0.6159457506328943
231597,0.10215843033165016
231598,0.7766713177378524
231599,0.8239395330445731
231600,0.3492666609096404
231601,0.32759145717908744
231602,0.2985078697033465
231603,0.7278441603301503
231604,0.24088155221547036
231605,0.2411951586439476
231606,0.37109639534408073
231607,0.2679062453129474
231608,0.6784352402725194
231609,0.08919148626721994
231610,0.9281023175060562
231611,0.4107107957876748
231612,0.883288413378723
231613,0.9373150744701642
231614,0.9238163629835334
231615,0.5704000981724472
231616,0.43097704310043133
231617,0.8349066679998728
231618,0.3284641011539807
231619,0.6817167452197745
231620,0.45228410015407616
231621,0.9423282323050982
231622,0.4491753059935188
231623,0.6302307507010694
231624,0.4558928465919162
231625,0.828098226987424
231626,0.8314660873280278
231627,0.5142009171851778
231628,0.8084091973038938
231629,0.9948913967303121
231630,0.44693461078715213
231631,0.43084069247935425
231632,0.45819262706741626
231633,0.01850277928015962
231634,0.14989478277073554
231635,0.710732157384977
231636,0.559469323382768
231637,0.0381963539843924
231638,0.16940201162616297
231639,0.2824912167474922
231640,0.9030637984556019
231641,0.9940323878175265
231642,0.23143245417482877
231643,0.7534871671340463
231644,0.6400479954186191
231645,0.3275187368478463
231646,0.0406097599774567
231647,0.672890315015385
231648,0.24087246217406522
231649,0.6010426277491694
231650,0.4819358152176383
231651,0.052794960481045
231652,0.5301312147476832
231653,0.6509105948977598
231654,0.14390444548474918
231655,0.9231527899609583
231656,0.0033542252784961434
231657,0.2274782861635935
231658,0.6357165906890707
231659,0.18907740624758546
231660,0.40211616163911623
231661,0.25815263088523366
231662,0.020111716608869155
231663,0.0016498425150326562
231664,0.006385754087109866
231665,0.7929379468323479
231666,0.0019179987364842447
231667,0.588489280568673
231668,0.8443194058748937
231669,0.9688029778975643
231670,0.673090295926298
231671,0.5117011557987647
231672,0.5061744106244405
231673,0.8802568845701092
231674,0.18144177146726906
231675,0.6568509369560178
231676,0.06446657364524296
231677,0.3298457874475618
231678,0.41449225301221243
231679,0.13822316960653755
231680,0.9936506060785107
231681,0.2765554197099368
231682,0.21547488648810795
231683,0.005394939573949759
231684,0.7709900418596407
231685,0.8990550901959359
231686,0.892901132164657
231687,0.21290240477045375
231688,0.6817394703232874
231689,0.9534544429849878
231690,0.9106039878011645
231691,0.7935515246271947
231692,0.9826471109575904
231693,0.3847041873275733
231694,0.4640011635252998
231695,0.6061375959567497
231696,0.16438885379122903
231697,0.8647856340985633
231698,0.4751910044950255
231699,0.4651692338458602
231700,0.47366387753896216
231701,0.16051649615264
231702,0.018366428659082543
231703,0.24364037978192993
231704,0.8770208298298799
231705,0.2697378886560828
231706,0.784388762890815
231707,0.6486835347535008
231708,0.044345766994968665
231709,0.8738165902345686
231710,0.7432563255325628
231711,0.5403938714940847
231712,0.07497466150958317
231713,0.971211838869926
231714,0.9248299026002064
231715,0.272310370373737
231716,0.6571145481567668
231717,0.9272614886760809
231718,0.978620222615114
231719,0.5248044504842719
231720,0.5936842392317098
231721,0.8843019529953959
231722,0.06901159434781225
231723,0.9619309065952796
231724,0.5907890610441731
231725,0.3478667945332491
231726,0.40829284477390787
231727,0.3397993827861886
231728,0.8391971675430981
231729,0.16543420855281996
231730,0.763927079687848
231731,0.4288772435358443
231732,0.4217415610328105
231733,0.37141909181396315
231734,0.030692524804450484
231735,0.35555242454129377
231736,0.32789597356615957
231737,0.015734861672294917
231738,0.5787311211202567
231739,0.40501588484735546
231740,0.700833102294781
231741,0.2892451175115103
231742,0.07533371814508615
231743,0.0385508655991928
231744,0.28221397048463553
231745,0.5175596874843765
231746,0.9678530685707274
231747,0.07383386131323828
231748,0.9698392426177501
231749,0.7758032187836615
231750,0.42515487158044
231751,0.16371619072724877
231752,0.7025193049754342
231753,0.920316697042555
231754,0.4168692988396562
231755,0.4145104330950227
231756,0.010726248858063548
231757,0.5602556119643125
231758,0.5163325318946829
231759,0.15810763518027826
231760,0.7192540712022943
231761,0.14065475568241215
231762,0.5139600310879416
231763,0.5146372391726245
231764,0.7094913667331755
231765,0.09188213852314098
231766,0.2731511992037124
231767,0.367633089568723
231768,0.8817112911949314
231769,0.8002917903291049
231770,0.6472382181700839
231771,0.3682739374877852
231772,0.6116325259861559
231773,0.34601242608660077
231774,0.8144404397762032
231775,0.13550524722640112
231776,0.9276250903322865
231777,0.21504310952136388
231778,0.42518668672535803
231779,0.21638389062862182
231780,0.3026302034805768
231781,0.8827566459565224
231782,0.7432881406774808
231783,0.7649497093459261
231784,0.8159175715045383
231785,0.4232186927611455
231786,0.10599442780461864
231787,0.8680489589630082
231788,0.47070052404088697
231789,0.7166952245467478
231790,0.39963003531481084
231791,0.8458647129137674
231792,0.4255275632780507
231793,0.9756023288686081
231794,0.8239077178996551
231795,0.8905740815649416
231796,0.9907826980151895
231797,0.5171142754555248
231798,0.6615732134659874
231799,0.7158134905304494
231800,0.14361356415978474
231801,0.7534053567614001
231802,0.6574963298957827
231803,0.5382258966189591
231804,0.01194885942705469
231805,0.2191245381122711
231806,0.5233818590043678
231807,0.7990419096358984
231808,0.5499293249280751
231809,0.6661773194376901
231810,0.9329745796992105
231811,0.26875616418432785
231812,0.34830311652069573
231813,0.3021257061825916
231814,0.6665000159075726
231815,0.6690497725217139
231816,0.6237222810549903
231817,0.7811527081505857
231818,0.5648778980188255
231819,0.33336817849205297
231820,0.039128083228419104
231821,0.17048827157407703
231822,0.1543398130178483
231823,0.773139836651956
231824,0.7667813526890616
231825,0.8501733925398031
231826,0.6402707014330451
231827,0.9709618627312847
231828,0.9385876802668837
231829,0.8996641229700801
231830,0.7547188677444426
231831,0.6681998536503334
231832,0.881220428959054
231833,0.5854304816358439
231834,0.12768326659727935
231835,0.8753846223769549
231836,0.9219619945368851
231837,0.9983183423400495
231838,0.3159334790769972
231839,0.5377577594865945
231840,0.9739161261879549
231841,0.10046768263029437
231842,0.27464651101485765
231843,0.24919894010117216
231844,0.036605596738493146
231845,0.2509033228646356
231846,0.6406979333790865
231847,0.626140232068757
231848,0.412692424813995
231849,0.05888074320178528
231850,0.3421264333859041
231851,0.7602728830429822
231852,0.6265629189940961
231853,0.888669717890565
231854,0.6825939342153704
231855,0.3610473545707001
231856,0.11108485099149626
231857,0.4045204775907754
231858,0.5967748533094569
231859,0.40325696183546117
231860,0.9801746196953928
231861,0.5112693788320206
231862,0.1711700246794624
231863,0.6729084950981952
231864,0.816194817767395
231865,0.7200358147631363
231866,0.2627431017948286
231867,0.057894473709327744
231868,0.6026606551192841
231869,0.6483790183664286
231870,0.20265338308615996
231871,0.8150812876952656
231872,0.03208784616013926
231873,0.16270265111057583
231874,0.21685657278168904
231875,0.1679021547943151
231876,0.6909749523909082
231877,0.28038687216220265
231878,0.5749269387922062
231879,0.5994791406274855
231880,0.696569872875771
231881,0.49568450284291043
231882,0.48881243154062565
231883,0.6495334536248812
231884,0.08146495107285213
231885,0.3139154898850564
231886,0.06290308652355911
231887,0.8988823794092382
231888,0.6325350761972721
231889,0.08179219256343712
231890,0.13116475245544743
231891,0.6921521127528737
231892,0.7377023102340231
231893,0.2231514264547475
231894,0.876829938960372
231895,0.45076151821871546
231896,0.3809363651651433
231897,0.12998759209348199
231898,0.16977015830307107
231899,0.6492016671135937
231900,0.8500915821671569
231901,0.9844196690315925
231902,0.7413246917339709
231903,0.5439526227041964
231904,0.25297130728430467
231905,0.24378127542370956
231906,0.3741279241526945
231907,0.23853177651224203
231908,0.8515187186677636
231909,0.042791369914689965
231910,0.15453524890805878
231911,0.5494066475472796
231912,0.269746978697488
231913,0.8337476877207176
231914,0.7475104649101677
231915,0.7161907272487626
231916,0.6344167147681358
231917,0.8188354747955877
231918,0.749110312197472
231919,0.6229178123906355
231920,0.8315433526799715
231921,0.8031324282682107
231922,0.14624058612586982
231923,0.05256770944591653
231924,0.7533190013680512
231925,0.5219456324623559
231926,0.15395803127883248
231927,0.30424823085069147
231928,0.5501111257561778
231929,0.8975734134468983
231930,0.16462064984706007
231931,0.48984869626081146
231932,0.5804309588630177
231933,0.4922075620054449
231934,0.5973202557937652
231935,0.18127360570127396
231936,0.29275387349389376
231937,0.35303448307207036
231938,0.7064552929038592
231939,0.435876575417801
231940,0.12671517718763212
231941,0.9754296180819103
231942,0.3268278937010558
231943,0.9794519614036842
231944,0.8799478231623346
231945,0.4311997491148572
231946,0.03831906954336177
231947,0.8084319224074066
231948,0.17018375518700488
231949,0.8842928629539907
231950,0.5503701919362243
231951,0.11508901423045982
231952,0.415710318560501
231953,0.6741083805636735
231954,0.9422964171601802
231955,0.2961671840415233
231956,0.03798728303207421
231957,0.3057026374755137
231958,0.43144518023279593
231959,0.7756986833075026
231960,0.7758850291563079
231961,0.6030378918375973
231962,0.8641266060966909
231963,0.6882706650728794
231964,0.3848132678244349
231965,0.12737420518950465
231966,0.36061103258325344
231967,0.9304748183127974
231968,0.26142504579108355
231969,0.3588202944264411
231970,0.6261538671308648
231971,0.8625767540371146
231972,0.6681816735675231
231973,0.733757232264193
231974,0.6096736220633485
231975,0.6798305616282082
231976,0.28738620404415943
231977,0.7832934129014958
231978,0.10927138773117111
231979,0.4432895041836915
231980,0.8142268238031825
231981,0.2215833943123611
231982,0.662336776944019
231983,0.6467837160998268
231984,0.40601578940192073
231985,0.8467373568886607
231986,0.13392812504260956
231987,0.5200276337258717
231988,0.4288636084737366
231989,0.8326477927106958
231990,0.21166161411865234
231991,0.08627358297617044
231992,0.2968080319605856
231993,0.599410965316947
231994,0.3134291726698815
231995,0.1066534558064912
231996,0.4615877575322355
231997,0.49333927216038465
231998,0.31450179755568786
231999,0.034314906304398214
232000,0.8216488426104781
232001,0.07942423677739852
232002,0.4837810936228814
232003,0.23524118152358184
232004,0.6783534298998732
232005,0.5563741642843184
232006,0.03352407270215116
232007,0.7755941478313434
232008,0.17936924202689744
232009,0.84406488471555
232010,0.23525936160639213
232011,0.6933156380527313
232012,0.4052931311102122
232013,0.9495866303671013
232014,0.9761659114357266
232015,0.7188904695460888
232016,0.5905163598020189
232017,0.6943655378350249
232018,0.7777212175201458
232019,0.5788947418655492
232020,0.8265120147622274
232021,0.9249117129728527
232022,0.31248835338444964
232023,0.6787443016802941
232024,0.5045336581508129
232025,0.30169392921584753
232026,0.19515409892692062
232027,0.8702714740865645
232028,0.14984933256370983
232029,0.7873203012439721
232030,0.36677862567663994
232031,0.969430190754519
232032,0.8446284672826685
232033,0.44306225314856307
232034,0.071652251376005
232035,0.4033387722081074
232036,0.03716917930561174
232037,0.3714827221037992
232038,0.7720263065798265
232039,0.5419755386985788
232040,0.5949432099663214
232041,0.6296853482167611
232042,0.9394785043245872
232043,0.8920330332104663
232044,0.06516650683343862
232045,0.3700964907895155
232046,0.7172860772380818
232047,0.48744892532985484
232048,0.04683643833997664
232049,0.6196135823398675
232050,0.2568436649228937
232051,0.7934197190268202
232052,0.2113843678557956
232053,0.9088723349134856
232054,0.7171315465341944
232055,0.36671499538680397
232056,0.7563050799696392
232057,0.6720903913717328
232058,0.9711027583730644
232059,0.6869480640484317
232060,0.3979074724685371
232061,0.9875420982542575
232062,0.8708941419228166
232063,0.6233223192331642
232064,0.4020843464941983
232065,0.18588225669367925
232066,0.43652651337826837
232067,0.3953849859786111
232068,0.8041732380090991
232069,0.3778730212116116
232070,0.8567500374964208
232071,0.5459115266270038
232072,0.38613132382818
232073,0.37885929070406915
232074,0.5263633925852532
232075,0.6718767753987119
232076,0.12230650710613986
232077,0.32321914726321577
232078,0.11094850037041917
232079,0.41136527876884477
232080,0.809040955181551
232081,0.40547947695901754
232082,0.17378341158343977
232083,0.8999731843778548
232084,0.9695438162720832
232085,0.594715958931193
232086,0.25676639957095
232087,0.8256439158080365
232088,0.9873557524054523
232089,0.5141872821230701
232090,0.05912617431972403
232091,0.9704028251848688
232092,0.05819899009639989
232093,0.4795996745765177
232094,0.23981347235036657
232095,0.43987164861535943
232096,0.752582708014235
232097,0.13242372319005913
232098,0.3049027138318615
232099,0.24837174633330455
232100,0.04456392798869199
232101,0.41521036628321845
232102,0.7643588566545921
232103,0.7399839106267129
232104,0.03098340612941492
232105,0.3905536289717799
232106,0.5286177228537277
232107,0.7765758723030983
232108,0.35682503033801316
232109,0.9329836697406156
232110,0.5773857949922961
232111,0.12592434358538504
232112,0.25515291722153793
232113,0.7232855045654734
232114,0.28534548974870577
232115,0.09343653560341966
232116,0.749564814267729
232117,0.25335763404402306
232118,0.5630598897377979
232119,0.7210720794833221
232120,0.9883511119393149
232121,0.203212420632576
232122,0.2497579776475882
232123,0.2619340881097713
232124,0.15873939305793539
232125,0.07500193163379859
232126,0.25717090641347873
232127,0.10833511346644183
232128,0.25784356947745896
232129,0.7211447998145633
232130,0.7589911872048577
232131,0.6907158862108618
232132,0.9186986696724404
232133,0.10290381372687152
232134,0.033860404234141286
232135,0.7376750401098078
232136,0.2487080778652947
232137,0.278473418446421
232138,0.6200271792238015
232139,0.9354425259407056
232140,0.8039505319946733
232141,0.8662082255784675
232142,0.15074470164211598
232143,0.790256384617832
232144,0.656310079492412
232145,0.8661355052472265
232146,0.7438108180582763
232147,0.9783429763522574
232148,0.8039868921602937
232149,0.4369855604692279
232150,0.1721335690684071
232151,0.9164625194867763
232152,0.4757454970207389
232153,0.41292422086982605
232154,0.501588484735548
232155,0.42530031224292225
232156,0.7208993686966244
232157,0.9305248135405257
232158,0.5608373746142414
232159,0.710700342240059
232160,0.8322614659509774
232161,0.04942255511973857
232162,0.9511682975715955
232163,0.48519005004067794
232164,0.6533967212220652
232165,0.8830111671158662
232166,0.272764872443994
232167,0.8543411765240592
232168,0.1558487598911013
232169,0.758882106707996
232170,0.15788947418655494
232171,0.42412769690165936
232172,0.1103258325341672
232173,0.7102322051076944
232174,0.8401425318492326
232175,0.45484749183032525
232176,0.48072683971075486
232177,0.8338658582589844
232178,0.28888151585530475
232179,0.28364110698524225
232180,0.1789601901636662
232181,0.4961208248303571
232182,0.6173001668022599
232183,0.057439971639070816
232184,0.6795624054067567
232185,0.7744987978420242
232186,0.3534844401216247
232187,0.4040250703341953
232188,0.7648088137041466
232189,0.3579658305343581
232190,0.08116497970648255
232191,0.7846750991950768
232192,0.983137973193468
232193,0.5177914835402075
232194,0.3159789292840229
232195,0.33769958322160154
232196,0.6673453897582503
232197,0.7087823435035747
232198,0.5703182877998009
232199,0.4332540984724185
232200,0.16212088846064693
232201,0.5843442216879298
232202,0.16782034442166885
232203,0.4285500020452593
232204,0.7599138264074794
232205,0.6871207748351295
232206,0.6012926038878107
232207,0.24311315738043188
232208,0.574326996059467
232209,0.07243853995754951
232210,0.6321214793133383
232211,0.711195749496639
232212,0.33938578590225477
232213,0.3406311215747588
232214,0.878793387903882
232215,0.7379704664554748
232216,0.11867049054408442
232217,0.26872434903940984
232218,0.4840719749478458
232219,0.5499384149694803
232220,0.9005049518000554
232221,0.0964680644120334
232222,0.3418673672058576
232223,0.372128115043564
232224,0.11738879470595988
232225,0.26684725548924876
232226,0.37376432249648894
232227,0.54500252248649
232228,0.0756064193872403
232229,0.15951659159807474
232230,0.8329795792219833
232231,0.6930065766449567
232232,0.6513560069266116
232233,0.5159552951763695
232234,0.679971457269988
232235,0.7487058053549434
232236,0.11000313606428477
232237,0.5865803718735939
232238,0.54434803950532
232239,0.44475300084991887
232240,0.5735634325814355
232241,0.2761372778053004
232242,0.7853750323832726
232243,0.202557937651406
232244,0.48754437076460877
232245,0.4679007912881043
232246,0.530976588598361
232247,0.3567386749446644
232248,0.7313756414160467
232249,0.35141191068125316
232250,0.940642029624445
232251,0.7849977956649592
232252,0.38340431140663844
232253,0.610291744878898
232254,0.5181687202585209
232255,0.6006017607410201
232256,0.4761636389253753
232257,0.2608387381204521
232258,0.4839992546166047
232259,0.5495748133132747
232260,0.5910208571000042
232261,0.12472445811990672
232262,0.8677717127001513
232263,0.7184132423723191
232264,0.5244317587866613
232265,0.9152489989591903
232266,0.4576244994795951
232267,0.22828275482794824
232268,0.44302589298294254
232269,0.02696560782834366
232270,0.050831511537535054
232271,0.9148172219924462
232272,0.42248694442803186
232273,0.2606842074165648
232274,0.9191622617841024
232275,0.8758845746542375
232276,0.5905981701746651
232277,0.5562287236218362
232278,0.6859481594938666
232279,0.43894446439203527
232280,0.12435631144299861
232281,0.9887238036369256
232282,0.25109421373414353
232283,0.7219401784375128
232284,0.38728121406593
232285,0.5921252971307285
232286,0.10946227860067902
232287,0.40190254566609546
232288,0.6289626899250527
232289,0.10493998300162256
232290,0.30836601960721927
232291,0.47246853709418646
232292,0.959762931720154
232293,0.3024074974661509
232294,0.6563646197408429
232295,0.8645629280841375
232296,0.8392744328950419
232297,0.6024833993118839
232298,0.3340999268251667
232299,0.4457529054044841
232300,0.02224333131837416
232301,0.4883306593461533
232302,0.5975656869117039
232303,0.9479595129555816
232304,0.01922543757186814
232305,0.45467023602292506
232306,0.9641306966153231
232307,0.13138745846987335
232308,0.5866621822462401
232309,0.07890155939660304
232310,0.02967444016707496
232311,0.44872534894396443
232312,0.6143459033455897
232313,0.2915312629249026
232314,0.4715277178087546
232315,0.6221178887469833
232316,0.8969234754864308
232317,0.9166852255012021
232318,0.3342044623013258
232319,0.5964248867153591
232320,0.8153176287717991
232321,0.5045382031715155
232322,0.04253684875534608
232323,0.3257870839601674
232324,0.18431422455129284
232325,0.4485390030951591
232326,0.7166588643811274
232327,0.270274201098986
232328,0.832170565536926
232329,0.41900545856986376
232330,0.3403629653533071
232331,0.1558351248289936
232332,0.8999640943364497
232333,0.5680094172828958
232334,0.6104144604378673
232335,0.2803368769344744
232336,0.7171179114720868
232337,0.4058748937601411
232338,0.4471709518636857
232339,0.8840747019602674
232340,0.027688266120052176
232341,0.4632694151921862
232342,0.9545861531399276
232343,0.8340976543148154
232344,0.42839092632066933
232345,0.07219765386031332
232346,0.8547275032837774
232347,0.01103985528654083
232348,0.6315079015184915
232349,0.5141281968539367
232350,0.21743379041091535
232351,0.724639920734839
232352,0.04525477113548252
232353,0.1028629085405484
232354,0.15045836533785412
232355,0.9491730334831675
232356,0.34987114866308217
232357,0.409642715922571
232358,0.6057739943005441
232359,0.6189636443794002
232360,0.26409297294349177
232361,0.8802886997150272
232362,0.30003045163870723
232363,0.7251489630535267
232364,0.34139923007349293
232365,0.9714072747601366
232366,0.10427640997904744
232367,0.6051195113193741
232368,0.5879711482085802
232369,0.9237300075901845
232370,0.7028238213625064
232371,0.9034592152567255
232372,0.053567614000481774
232373,0.7525054426622914
232374,0.6554465255589239
232375,0.3061707746078783
232376,0.440171619981729
232377,0.12032942310052222
232378,0.21247517282441222
232379,0.7564096154457983
232380,0.7583639743479033
232381,0.3410992587071234
232382,0.6687088959690212
232383,0.6183227964603378
232384,0.6772944400761746
232385,0.9107039782566211
232386,0.5897891564896078
232387,0.5019975365987792
232388,0.29766249585266863
232389,0.06837983647015512
232390,0.760118352339095
232391,0.6977424882170339
232392,0.289785974975116
232393,0.7764577017648316
232394,0.677712581980811
232395,0.4441576031378822
232396,0.2784915985292313
232397,0.2051804145967885
232398,0.4710823057799028
232399,0.6815713045572923
232400,0.5314220006272129
232401,0.8971916317078825
232402,0.4012935128919512
232403,0.552610887142591
232404,0.3369678348884879
232405,0.09500456774580607
232406,0.02224333131837416
232407,0.3296685316401616
232408,0.7660177892110298
232409,0.23952259102540213
232410,0.8630130760245613
232411,0.03915989837333709
232412,0.27700083173878853
232413,0.3968802977897564
232414,0.5747269578812932
232415,0.4560519223165061
232416,0.44289863240327054
232417,0.3045482022170611
232418,0.7254989296476245
232419,0.41362869907872424
232420,0.921857459060726
232421,0.9520318515050836
232422,0.05389940051176933
232423,0.497852477718036
232424,0.7404565927797802
232425,0.4436167456742765
232426,0.9135446161957268
232427,0.6471564077974375
232428,0.770712795596784
232429,0.14459074361083715
232430,0.6393480622304235
232431,0.49805245862894904
232432,0.4032024215870303
232433,0.15815308538730397
232434,0.1413092386635821
232435,0.7423200512678336
232436,0.3331591075397348
232437,0.4370537357797664
232438,0.6986514923575476
232439,0.7070825057608138
232440,0.6406206680271428
232441,0.7917380613668695
232442,0.2027079233345908
232443,0.9168488462464947
232444,0.45107057962649016
232445,0.08724621740652028
232446,0.9786565827807345
232447,0.466405479476959
232448,0.0051858686216315715
232449,0.42422768735711586
232450,0.37953649878875195
232451,0.05967612182473491
232452,0.1298285163688921
232453,0.37616409342744556
232454,0.8237531871957677
232455,0.8479099722299235
232456,0.11444362129069496
232457,0.5418164629739889
232458,0.46956426886524466
232459,0.7157725853441264
232460,0.6058148994868672
232461,0.8155221547034147
232462,0.7698310615804855
232463,0.49936596961199153
232464,0.859745206139414
232465,0.5542516396162185
232466,0.0792197108457829
232467,0.9296430795242272
232468,0.19670849600719933
232469,0.23326864253866678
232470,0.40826557464969254
232471,0.604719549497548
232472,0.3864494752773599
232473,0.9992273464805632
232474,0.9678121633844042
232475,0.5036428340931094
232476,0.7543325409847242
232477,0.4800041814190463
232478,0.4937210538994005
232479,0.3966939519409511
232480,0.2958490325923434
232481,0.6951291013130565
232482,0.11078942464582925
232483,0.8099635943841724
232484,0.7576458610768972
232485,0.8405788538366792
232486,0.5809854513887311
232487,0.3438035460251521
232488,0.4288181582667109
232489,0.039237163725280765
232490,0.8448466282763919
232491,0.7783666104599106
232492,0.7996509424100428
232493,0.1283013894128288
232494,0.10829875330082127
232495,0.5717772394453257
232496,0.25988882879361513
232497,0.7086959881102258
232498,0.3271096849846151
232499,0.08957326800623576
232500,0.9886374482435768
232501,0.2837092822957808
232502,0.09301384867808073
232503,0.2134432622340595
232504,0.04656373709782248
232505,0.34018116452520436
232506,0.5321401138982189
232507,0.2071029583539753
232508,0.6181682657564506
232509,0.6298989641897819
232510,0.7385567741261061
232511,0.8732893678330704
232512,0.9051363278959735
232513,0.10137668677080824
232514,0.32957763122611017
232515,0.42627294667327204
232516,0.4992341640116171
232517,0.6277309893146564
232518,0.25464841992355275
232519,0.2614159557496784
232520,0.8554001663477577
232521,0.985596829393558
232522,0.9557451334190827
232523,0.8624449484367401
232524,0.6820394416896569
232525,0.511192113480077
232526,0.37799573677058096
232527,0.6058603496938928
232528,0.8244940255702864
232529,0.6574099745024339
232530,0.31528808613723236
232531,0.7497829752614523
232532,0.27103321955631504
232533,0.3786820348966689
232534,0.14105017248353566
232535,0.3645879256980016
232536,0.6222315142645475
232537,0.20272610341740108
232538,0.8074956481426773
232539,0.10924866262765826
232540,0.9325609828152768
232541,0.7412928765890529
232542,0.5121329327655088
232543,0.38634948482190334
232544,0.08367383113430081
232545,0.5482658473509348
232546,0.1858913467350844
232547,0.5476840847010058
232548,0.4600651755968748
232549,0.7339572131751061
232550,0.9653214920393962
232551,0.18512778325705273
232552,0.3016166638639039
232553,0.4286954427077415
232554,0.7336572418087365
232555,0.7594684143786276
232556,0.6541239245344762
232557,0.07462014989478276
232558,0.44764363401675294
232559,0.9540634757591322
232560,0.9140036632866864
232561,0.7783393403356953
232562,0.7931651978674763
232563,0.5652551347371388
232564,0.3927261488676081
232565,0.12748328568636633
232566,0.6488653355816036
232567,0.642465946432386
232568,0.2265556469609719
232569,0.2641247880884097
232570,0.15991200839919828
232571,0.928970416460247
232572,0.9490912231105213
232573,0.8189581903545571
232574,0.3181878093454716
232575,0.21244790270019678
232576,0.15552606342121889
232577,0.11976129551270105
232578,0.716808850064312
232579,0.2502715649869785
232580,0.09854059385240499
232581,0.4772544438939919
232582,0.8544457120002181
232583,0.1686111780239159
232584,0.37022829638989
232585,0.3456124642647747
232586,0.45640643393130653
232587,0.20913912762872636
232588,0.24114516341621936
232589,0.41637389158307614
232590,0.004131423818635493
232591,0.06498470600533585
232592,0.6094645511110304
232593,0.3903672831229746
232594,0.3437899109630444
232595,0.8885833624972161
232596,0.43209511819326335
232597,0.7585503201967085
232598,0.3391676249085314
232599,0.5209866330941137
232600,0.3248280845919253
232601,0.8390153667149954
232602,0.22938264983797002
232603,0.22153794410533542
232604,0.6249903418310071
232605,0.5725226228405471
232606,0.8010780789106495
232607,0.49587539371241834
232608,0.9010230841601483
232609,0.3124747183223419
232610,0.5962658109907691
232611,0.2924175419619036
232612,0.5844351221019811
232613,0.18854109380468229
232614,0.5500293153835316
232615,0.7770667345389758
232616,0.058408061048718075
232617,0.7147181405411301
232618,0.8010280836829212
232619,0.16847937242354138
232620,0.5321991991673523
232621,0.4609514546338758
232622,0.646792806141232
232623,0.08807795619509046
232624,0.8880652301371232
232625,0.5932706423477759
232626,0.3105658096272628
232627,0.7506238040914277
232628,0.951931861049627
232629,0.5721181159980183
232630,0.6135096195363171
232631,0.6885979065634644
232632,0.24733548161311875
232633,0.7671858595315901
232634,0.9489185123238236
232635,0.9226301125801628
232636,0.6069647897246172
232637,0.4289090586807623
232638,0.37364615195822215
232639,0.4399580040087082
232640,0.23051435999290978
232641,0.20269883329318564
232642,0.13922761918180537
232643,0.6305079969639262
232644,0.41424682189427375
232645,0.3370496452611341
232646,0.17179723753641699
232647,0.13463260325150783
232648,0.3244417578322069
232649,0.9751841869639717
232650,0.8394698687852523
232651,0.30446184682371225
232652,0.9045318401425319
232653,0.12102935628871789
232654,0.9628353657150909
232655,0.6217951922771009
232656,0.9138854927484195
232657,0.7993237009194577
232658,0.6449202576117734
232659,0.8921193886038151
232660,0.37362797187541186
232661,0.862658564409761
232662,0.4262684016525695
232663,0.7411065307402476
232664,0.20605760359238437
232665,0.30807513828225486
232666,0.8952781779921007
232667,0.8134269001595303
232668,0.8359611128028689
232669,0.627017421064353
232670,0.3341408320114898
232671,0.2819821744288045
232672,0.5537653224010435
232673,0.41081078624313133
232674,0.13691874866490017
232675,0.7082233059571587
232676,0.20569400193617882
232677,0.09210484453756686
232678,0.4893669240663391
232679,0.8742392771599075
232680,0.32068302571118207
232681,0.26296580780925455
232682,0.891719426781989
232683,0.5399166443203149
232684,0.8863517573322547
232685,0.3707509737706855
232686,0.7202903359224802
232687,0.7880656846391936
232688,0.15998472873043937
232689,0.8118225078515233
232690,0.885324582653474
232691,0.665713727326028
232692,0.37120547584094243
232693,0.8309752250921504
232694,0.7069688802432494
232695,0.27963239872557616
232696,0.7311892955672413
232697,0.7309665895528155
232698,0.1965357852205017
232699,0.7324709914053659
232700,0.5057517236991015
232701,0.12663336681498585
232702,0.7496738947645907
232703,0.3663423036891933
232704,0.03256507333390904
232705,0.7045509292294827
232706,0.7966466837256444
232707,0.3018120997541143
232708,0.11925679821471587
232709,0.6625731180205526
232710,0.34344903441035174
232711,0.21637934560791924
232712,0.5383895173642516
232713,0.9835197549324837
232714,0.34401261697747026
232715,0.45929252207743804
232716,0.4524159057544507
232717,0.4761636389253753
232718,0.7491603074252003
232719,0.13794592334368086
232720,0.08224669463369405
232721,0.873062116797942
232722,0.5514382718013281
232723,0.774816949291204
232724,0.030578899286886254
232725,0.6564964253412175
232726,0.9535498884197418
232727,0.6092600251794148
232728,0.3288913331000222
232729,0.5498747846796442
232730,0.5319719481322238
232731,0.8305707182496217
232732,0.7228719076815395
232733,0.6899341426500198
232734,0.8066366392298917
232735,0.09639534408079227
232736,0.5602192517986919
232737,0.33861767740352056
232738,0.3493848314479072
232739,0.6475654596606687
232740,0.7287849796155822
232741,0.011085305493566523
232742,0.6221769740161167
232743,0.7475104649101677
232744,0.052104117334254456
232745,0.4766408660991451
232746,0.3981710836692861
232747,0.2850455183823362
232748,0.880015998472873
232749,0.024538566773171653
232750,0.05598556501424864
232751,0.021052535894301
232752,0.7171360915548971
232753,0.9942869089768704
232754,0.8129678530685708
232755,0.39812108844155786
232756,0.5738588589271024
232757,0.5532699151444636
232758,0.5516291626708361
232759,0.4168465737361433
232760,0.11307557005922161
232761,0.9821971539080361
232762,0.4905986246767354
232763,0.0520086718995005
232764,0.5223774094290999
232765,0.01304875443707646
232766,0.19839469868785253
232767,0.9001913453715782
232768,0.5737497784302408
232769,0.6581280877734399
232770,0.2542711832052395
232771,0.11300284972798051
232772,0.44149422100617663
232773,0.1175933206375755
232774,0.32108753255371075
232775,0.23134609878147994
232776,0.03805545834261275
232777,0.7831025220319878
232778,0.6941428318205989
232779,0.8002008899150536
232780,0.8764799723662742
232781,0.5903936442430495
232782,0.4490980406415751
232783,0.33735416164820625
232784,0.724017252898587
232785,0.26716540693842855
232786,0.4321996536694225
232787,0.4495252725876166
232788,0.7022375136918749
232789,0.024661282332141023
232790,0.5195640416142097
232791,0.7950741065625554
232792,0.6688407015693957
232793,0.6062103162879907
232794,0.305952613614155
232795,0.8183718826839257
232796,0.7473786593097932
232797,0.47397748396743944
232798,0.45322491943950804
232799,0.20164438849018956
232800,0.4830857054553883
232801,0.9891055853759414
232802,0.60419232709605
232803,0.9022275146463292
232804,0.24948527640543403
232805,0.42281418591861686
232806,0.45114784497843385
232807,0.6690497725217139
232808,0.2570527358752119
232809,0.6649456188272937
232810,0.024420396234904853
232811,0.587930243022257
232812,0.17115184459665214
232813,0.8899059635216638
232814,0.28198671944950704
232815,0.007481104076429068
232816,0.6241631480631394
232817,0.1397139363969803
232818,0.10772608069229754
232819,0.732880043268597
232820,0.8437921834733958
232821,0.4422623295049109
232822,0.7998236531967403
232823,0.8822794187827526
232824,0.22230150758336706
232825,0.20184436940110265
232826,0.32694151921862
232827,0.3067798073820226
232828,0.14657691765785993
232829,0.9014003208784616
232830,0.5701773921580213
232831,0.4218370064675644
232832,0.07991055399257344
232833,0.3982756191454452
232834,0.28787252125933427
232835,0.3563887083505665
232836,0.12174746955972383
232837,0.15329445825625734
232838,0.9091359461142345
232839,0.02279327882338504
232840,0.3303593747869521
232841,0.9517137000559037
232842,0.2347594093291095
232843,0.7057008194672327
232844,0.2714740865644643
232845,0.24033614973116202
232846,0.8601769831061581
232847,0.6020379872830321
232848,0.5761995445889256
232849,0.18780025543016352
232850,0.806813895037292
232851,0.4403034255821035
232852,0.1817553778957463
232853,0.3462714922666472
232854,0.32518259620672574
232855,0.03466032787779348
232856,0.48469464278409785
232857,0.06393480622304233
232858,0.882697560687389
232859,0.5837670040587035
232860,0.5611373459806109
232861,0.15200821739743026
232862,0.9952231832415996
232863,0.5521109348653083
232864,0.9798337431427
232865,0.34377627590093673
232866,0.6048422650565174
232867,0.4930529358561228
232868,0.7906199862740375
232869,0.6254902941082897
232870,0.8361656387344845
232871,0.4627558278527959
232872,0.6335804309588631
232873,0.013553251735061653
232874,0.3519436781034538
232875,0.20473954758863927
232876,0.034546702360229255
232877,0.7837933651787784
232878,0.9276659955186096
232879,0.5336990559992001
232880,0.9361060989632809
232881,0.9015957567686721
232882,0.7933879038819022
232883,0.08506006244858445
232884,0.5704182782552575
232885,0.312706514378173
232886,0.32224651283286593
232887,0.41270605987610276
232888,0.8264438394516888
232889,0.9081769467459925
232890,0.23341862822185155
232891,0.05226319305884439
232892,0.860767835797492
232893,0.39860740565673275
232894,0.8702714740865645
232895,0.6111234836674682
232896,0.45363397130273925
232897,0.6302352957217721
232898,0.660205162234514
232899,0.8101863003985984
232900,0.13900036814667693
232901,0.2571981765376941
232902,0.2332459174351539
232903,0.7645270224205872
232904,0.263224873989301
232905,0.7842342321869277
232906,0.4802177973920671
232907,0.4705278132541893
232908,0.28882697560687387
232909,0.03954622513305548
232910,0.07393839678939737
232911,0.36617413792319825
232912,0.7637816390253658
232913,0.8925420755291541
232914,0.31137936833302277
232915,0.4546975061471405
232916,0.625676639957095
232917,0.5239590766335941
232918,0.11998400152712695
232919,0.4668781616300262
232920,0.04221869730616623
232921,0.5567559460233341
232922,0.16319805836715587
232923,0.9276069102494762
232924,0.6324078156176002
232925,0.29729889419646305
232926,0.812890587716627
232927,0.10789879147899518
232928,0.04947255034746684
232929,0.41415137645951977
232930,0.022375136918748668
232931,0.43885356397798386
232932,0.8549683893810136
232933,0.3254916576145004
232934,0.34798951009221846
232935,0.9802246149231211
232936,0.9111766604096881
232937,0.015889392376182275
232938,0.5530199390058222
232939,0.7659723390040042
232940,0.5495066380027361
232941,0.34128105953522614
232942,0.6663591202657928
232943,0.49425736634230366
232944,0.688602451584167
232945,0.08006508469646079
232946,0.7092141204703188
232947,0.03648288117952377
232948,0.6949927506919794
232949,0.8168583907899701
232950,0.7424064066611823
232951,0.03557387703900991
232952,0.1931906499834107
232953,0.9481049536180638
232954,0.6775262361320056
232955,0.0440003454215734
232956,0.4008344658009917
232957,0.2720967544007163
232958,0.6925429845332945
232959,0.3170015589421009
232960,0.47745896982560754
232961,0.08096954381627207
232962,0.4901713927306939
232963,0.14662691288558818
232964,0.33786774898759664
232965,0.7261352325459842
232966,0.06020788924693552
232967,0.6716995195913118
232968,0.2953627153771685
232969,0.8932374636966471
232970,0.3434217642861363
232971,0.08725076242722285
232972,0.6065602828820885
232973,0.745101603937806
232974,0.08299207802891541
232975,0.6217133819044547
232976,0.21898818749119403
232977,0.6199726389753706
232978,0.01722108344203508
232979,0.5663959349334836
232980,0.8705487203494212
232981,0.5729407647451834
232982,0.2760236522877362
232983,0.8103044709368651
232984,0.5645233864040251
232985,0.2955717863294867
232986,0.7277714399989093
232987,0.12177473968393926
232988,0.0468273482985715
232989,0.963267142681835
232990,0.6806895705409939
232991,0.6206134868944329
232992,0.8062775825943888
232993,0.17612864226596553
232994,0.933560887369842
232995,0.546184227869158
232996,0.6260129714890852
232997,0.44863899355061565
232998,0.12871044127606002
232999,0.4333177287622545
233000,0.0980088264302044
233001,0.5442889542361866
233002,0.3571795419528136
233003,0.6465382849818881
233004,0.5515109921325692
233005,0.9735070743247236
233006,0.46452838592679785
233007,0.726285218229169
233008,0.815972111752969
233009,0.12262011353461715
233010,0.69257025465751
233011,0.23485485476386345
233012,0.5581967175860487
233013,0.24121788374746045
233014,0.40982906177137635
233015,0.39187168497552505
233016,0.8339613036937383
233017,0.6899614127742352
233018,0.3617472877588957
233019,0.41633298639675304
233020,0.5644643011348918
233021,0.18591407183859723
233022,0.4826902886542648
233023,0.3095522700105899
233024,0.3556251448725348
233025,0.9082042168702079
233026,0.027347389567359482
233027,0.5010748973961577
233028,0.5814808586453112
233029,0.44007617454697506
233030,0.6254539339426691
233031,0.9028774526067966
233032,0.14517250626076603
233033,0.22133341817371976
233034,0.9353061753196286
233035,0.9995273178469328
233036,0.028324569018411877
233037,0.5667231764240687
233038,0.6297489785065972
233039,0.19553133564523387
233040,0.08430558901195795
233041,0.3132837320073993
233042,0.14110925775266905
233043,0.4621286149958413
233044,0.027297394339631218
233045,0.8314706323487303
233046,0.4870580535494339
233047,0.38134541702837454
233048,0.05330400279973275
233049,0.586757627680994
233050,0.21752469082496673
233051,0.38743119974911483
233052,0.49566632276010014
233053,0.16383436126551557
233054,0.02209334563518937
233055,0.25444389399193706
233056,0.2836274719231346
233057,0.8817840115261725
233058,0.42241422409679075
233059,0.7466196408524641
233060,0.2399816381163616
233061,0.43084069247935425
233062,0.22219697210720796
233063,0.13633244099426875
233064,0.31271105939887556
233065,0.5288904240958818
233066,0.9833015939387604
233067,0.6008562819003641
233068,0.7083914717231538
233069,0.6057239990728157
233070,0.8676580871825871
233071,0.34751228291844866
233072,0.35449343471759515
233073,0.887983419764477
233074,0.048840792469809706
233075,0.4832129660350603
233076,0.1066080055994655
233077,0.6383345226137506
233078,0.42162793551524624
233079,0.5792537985010522
233080,0.10336740583853359
233081,0.9213166015971203
233082,0.7768712986487654
233083,0.49510274019298156
233084,0.7968239395330445
233085,0.4766954063475759
233086,0.5508928693170198
233087,0.26040696115370804
233088,0.9781293603792366
233089,0.07975602328868607
233090,0.2820048995323174
233091,0.14500434049477096
233092,0.9103221965176052
233093,0.4236595597692947
233094,0.6525377123092796
233095,0.04797269351561897
233096,0.22770553719872194
233097,0.28330932047395474
233098,0.8593088841519673
233099,0.8163857086369029
233100,0.9631126119779475
233101,0.4162602660655119
233102,0.7368523913626427
233103,0.02980624576744947
233104,0.4056658228078229
233105,0.5915344444393944
233106,0.5043564023434127
233107,0.21658387153953487
233108,0.39140809286386297
233109,0.6187273033028665
233110,0.5290313197376614
233111,0.20859372514441804
233112,0.6516287081687657
233113,0.02567027692811141
233114,0.985996791215384
233115,0.6368346657819026
233116,0.4418260075174642
233117,0.8221533399084633
233118,0.03416037560051086
233119,0.5231864231141573
233120,0.5491157662223152
233121,0.2904677280805014
233122,0.9459733389085587
233123,0.6913067389021957
233124,0.2624885806354848
233125,0.05741724653555797
233126,0.5145327036964654
233127,0.03912353820771654
233128,0.9993955122465583
233129,0.21024356765945068
233130,0.8294026479290614
233131,0.4039568950236568
233132,0.03414674053840316
233133,0.5323900900368602
233134,0.9700164984251504
233135,0.07622454220278974
233136,0.45416573872493987
233137,0.38211352552710875
233138,0.5484476481790375
233139,0.4905986246767354
233140,0.8640266156412343
233141,0.45917435153917124
233142,0.5266179137445971
233143,0.21792919766749536
233144,0.47151862776734943
233145,0.0261156889569632
233146,0.890337740488408
233147,0.8424786724903532
233148,0.7110366737720492
233149,0.8504733639061726
233150,0.6180500952181837
233151,0.5719999454597516
233152,0.21890183209784522
233153,0.6002926993332455
233154,0.4613741415592148
233155,0.9859831561532764
233156,0.22745556106008064
233157,0.638920830284382
233158,0.6470064221142527
233159,0.415805763995255
233160,0.92752509987683
233161,0.9247526372482627
233162,0.6265810990769063
233163,0.8555592420723477
233164,0.8813385994973207
233165,0.08093318365065152
233166,0.8580544584380583
233167,0.8880606851164208
233168,0.43415855759222977
233169,0.6380027361024629
233170,0.47266851800509946
233171,0.8558410333559069
233172,0.7610818967280397
233173,0.965798719213166
233174,0.17374250639711664
233175,0.25383940623849544
233176,0.5567604910440368
233177,0.6032515078106181
233178,0.8881697656132824
233179,0.2505442662291327
233180,0.3685602737920471
233181,0.8267938060457866
233182,0.8426559282977534
233183,0.1513173742506397
233184,0.8069911508446922
233185,0.989469187032147
233186,0.4673417537416883
233187,0.5408301934815314
233188,0.6505106330759336
233189,0.25849805245862895
233190,0.4609514546338758
233191,0.4117606955699683
233192,0.0979770112852864
233193,0.9404784088791526
233194,0.4451756877752578
233195,0.04765454206643911
233196,0.4476163638925375
233197,0.9627671904045524
233198,0.7446970970952772
233199,0.6903295594511434
233200,0.7201358052185929
233201,0.8039232618704578
233202,0.5675776403161518
233203,0.13007849250753337
233204,0.09684530113034664
233205,0.9528954054385718
233206,0.7122320142168248
233207,0.2660518768662991
233208,0.41473768413015116
233209,0.9255162007262944
233210,0.8194036023834088
233211,0.6947336845119331
233212,0.7180950909231393
233213,0.5677730762063622
233214,0.1407774712413815
233215,0.9296612596070376
233216,0.9904645465660096
233217,0.6320533040027997
233218,0.6408751891864868
233219,0.15476249994318725
233220,0.5482567573095295
233221,0.03586475836397435
233222,0.6106735266179137
233223,0.281459497048009
233224,0.465750996495789
233225,0.9479140627485558
233226,0.7712491080396872
233227,0.13404629558087638
233228,0.5997745669731526
233229,0.7397339344880716
233230,0.0838692670245113
233231,0.42174610605351304
233232,0.874961935451616
233233,0.8303707373387086
233234,0.10529449461642297
233235,0.40689297839751654
233236,0.2492671154117107
233237,0.5544516205271315
233238,0.925888892423905
233239,0.749037591866231
233240,0.8816067557187723
233241,0.4779316519786747
233242,0.7111684793724236
233243,0.6445793810590807
233244,0.5001068079865104
233245,0.6010062675835489
233246,0.621963358043096
233247,0.24322678289799612
233248,0.6821939723935443
233249,0.6861981356325079
233250,0.7586594006935702
233251,0.46023334136286986
233252,0.8243804000527222
233253,0.8335340717476968
233254,0.8148131314738138
233255,0.0596034014934938
233256,0.5689366015062198
233257,0.7922834638511779
233258,0.5286904431849687
233259,0.049927052417723765
233260,0.49347107776075916
233261,0.2887315301721199
233262,0.38523140972907133
233263,0.2320051267833525
233264,0.11067579912826503
233265,0.1562350866508197
233266,0.4427668268028961
233267,0.6760081992173474
233268,0.6681498584226051
233269,0.6356756855027474
233270,0.9747069597902019
233271,0.5932524622649656
233272,0.8089773248917149
233273,0.2832775053290367
233274,0.2817776484971889
233275,0.9545770630985224
233276,0.9898736938746756
233277,0.6764172510805787
233278,0.14798587407565642
233279,0.45262952172747145
233280,0.8225078515232637
233281,0.7156044195781313
233282,0.4711595711318465
233283,0.4965298766935883
233284,0.5609555451525082
233285,0.08073320273973847
233286,0.48544002617931925
233287,0.28696351711882045
233288,0.6234223096886206
233289,0.0776516787033965
233290,0.4188282027624635
233291,0.36350166575008747
233292,0.032065121056626414
233293,0.9206893887401657
233294,0.5888665172869864
233295,0.13412810595352265
233296,0.22481490403188786
233297,0.747033237736398
233298,0.6862981260879644
233299,0.8497688856972744
233300,0.9211438908104227
233301,0.8334931665613737
233302,0.48733075479158805
233303,0.9326337031465178
233304,0.12748783070706887
233305,0.853254916576145
233306,0.19292703878266168
233307,0.4002936083373859
233308,0.5683502938355884
233309,0.4755591511719336
233310,0.9838060912367457
233311,0.5726180682753009
233312,0.13868221669749706
233313,0.6738538594043296
233314,0.05599011003495121
233315,0.8859608855518337
233316,0.34838038187263937
233317,0.4010435367533099
233318,0.7140909276841756
233319,0.3744097154362538
233320,0.14633603156062377
233321,0.89195122283782
233322,0.7209584539657579
233323,0.99688666081874
233324,0.6997741124710822
233325,0.9697165270587808
233326,0.44880715931661064
233327,0.6895069107039783
233328,0.34339449416192086
233329,0.6769717436062922
233330,0.3195922207425655
233331,0.51581439953459
233332,0.24427213765958705
233333,0.7967830343467215
233334,0.10775789583721553
233335,0.7445789265570105
233336,0.5831443362224514
233337,0.21932906404388675
233338,0.11302102981079079
233339,0.7001331691065853
233340,0.6827484649192578
233341,0.82112162020898
233342,0.6910249476186364
233343,0.8378836565600556
233344,0.215347625908436
233345,0.5063016712041123
233346,0.9486958063093978
233347,0.1610300834920303
233348,0.6510060403325137
233349,0.16384799632762329
233350,0.09867694447348206
233351,0.414360447411838
233352,0.5166325032610524
233353,0.5383577022193337
233354,0.6633639516227997
233355,0.8870607805618556
233356,0.411151662795824
233357,0.8031596983924262
233358,0.5577240354329814
233359,0.8964553383540662
233360,0.8282754827948241
233361,0.7700492225742088
233362,0.12285190959044817
233363,0.22926902432040577
233364,0.8826430204389581
233365,0.798919194076929
233366,0.14330450275201004
233367,0.7290031406093055
233368,0.3061162343594475
233369,0.7821526127051509
233370,0.23625926616095738
233371,0.5703046527376933
233372,0.1717836024743093
233373,0.08894151012857862
233374,0.12177019466323667
233375,0.8338567682175793
233376,0.5482431222474219
233377,0.9975638689034229
233378,0.683516573417992
233379,0.8218942737284168
233380,0.5609464551111031
233381,0.35782038987187587
233382,0.1365096968016689
233383,0.10268110771244562
233384,0.2590798151085578
233385,0.5062789461005995
233386,0.45548833974938757
233387,0.03524663554842492
233388,0.8935510701251245
233389,0.6950836511060308
233390,0.15927116048013598
233391,0.9980683662014082
233392,0.9156716858845292
233393,0.3283959258434422
233394,0.6784988705623555
233395,0.6980288245212957
233396,0.11377095822671471
233397,0.5729498547865887
233398,0.42846364665191045
233399,0.7113411901591211
233400,0.43558569409283654
233401,0.3164016162093618
233402,0.8929056771853596
233403,0.1958085819080906
233404,0.501524854445712
233405,0.6537194176919476
233406,0.6500924911712973
233407,0.08612814231368823
233408,0.895423618654583
233409,0.22436040196163093
233410,0.3336454247549097
233411,0.6420068993414265
233412,0.9704028251848688
233413,0.6332440994268729
233414,0.7502283872903042
233415,0.19964912440176166
233416,0.4069793337908654
233417,0.7222310597624773
233418,0.09065952795414982
233419,0.19261797737488695
233420,0.4784679644215779
233421,0.3721008449193486
233422,0.8082501215793039
233423,0.5303675558242168
233424,0.797273896582599
233425,0.9387649360742838
233426,0.7893019302702924
233427,0.8460783288867881
233428,0.8883606564827903
233429,0.3074888306116234
233430,0.7101413046936429
233431,0.9205803082433041
233432,0.6722540121170252
233433,0.31741515582603474
233434,0.48556728675899113
233435,0.3653651242381409
233436,0.4559701119438599
233437,0.26031606073965663
233438,0.33865403756914114
233439,0.8002054349357562
233440,0.6188454738411334
233441,0.1326691543079979
233442,0.8522550120215798
233443,0.3706100781289059
233444,0.9294203735098014
233445,0.6510287654360266
233446,0.2823275960021998
233447,0.7191449907054327
233448,0.5658414424077701
233449,0.6066239131719245
233450,0.23469123401857095
233451,0.04628649083496575
233452,0.23850905140872916
233453,0.5684775544152604
233454,0.5398439239890739
233455,0.5586012244285773
233456,0.6307579731025675
233457,0.9801655296539875
233458,0.7767349480276883
233459,0.9160398325614374
233460,0.6266629094495526
233461,0.317465151053763
233462,0.6283263870266929
233463,0.7624363128974052
233464,0.7981283604746819
233465,0.0969543816272083
233466,0.04021888819703574
233467,0.5793265188322934
233468,0.3462305870803241
233469,0.9058726212497898
233470,0.9073315728953146
233471,0.16804305043609474
233472,0.22345594284181966
233473,0.9753568977506692
233474,0.2245149326655183
233475,0.21604301407592913
233476,0.4101608482826639
233477,0.2863590293653787
233478,0.8788933783593385
233479,0.1358052185927707
233480,0.497757032283282
233481,0.6641002449766159
233482,0.7411247108230579
233483,0.334518068729803
233484,0.19187713900036815
233485,0.27524190872689425
233486,0.0480272337640498
233487,0.7019602674290181
233488,0.1616118461419592
233489,0.6261447770894597
233490,0.05928525004431395
233491,0.8120133987210312
233492,0.7419837197358434
233493,0.058298980551856415
233494,0.21316601597120277
233495,0.3892810231750605
233496,0.3203739643034074
233497,0.09097767940332968
233498,0.24078610678071638
233499,0.9929552179110176
233500,0.5884756455065653
233501,0.25087150771971767
233502,0.7722990078219807
233503,0.8978733848132678
233504,0.33358179446507374
233505,0.41471495902663835
233506,0.7177042191427182
233507,0.10623076888115225
233508,0.33104112789233753
233509,0.24641284241049718
233510,0.679748751255562
233511,0.40242976806759356
233512,0.7265579194713232
233513,0.7476240904277319
233514,0.4063112157475877
233515,0.39137173269824244
233516,0.6473063934806224
233517,0.502274782861636
233518,0.06169865603737825
233519,0.6614414078656129
233520,0.22331504720004
233521,0.6179501047627273
233522,0.08174219733570887
233523,0.21383413401448045
233524,0.005508565091513991
233525,0.1295558151267379
233526,0.5695229091768513
233527,0.06187136682407588
233528,0.34068111680248697
233529,0.7581730834783953
233530,0.389276478154358
233531,0.5516518877743488
233532,0.9814335904300044
233533,0.07584730548447646
233534,0.6048059048908968
233535,0.9563178060276065
233536,0.6809986319487685
233537,0.7685220956181456
233538,0.23631835143009078
233539,0.03427854613877766
233540,0.6709950413824135
233541,0.5311583894264639
233542,0.3754914303634653
233543,0.028697260716022563
233544,0.9223346862344958
233545,0.24123151880956817
233546,0.2651201476222724
233547,0.5551560987360298
233548,0.7637180087355298
233549,0.3916898841474223
233550,0.16013471441362415
233551,0.4357038646311034
233552,0.6134141741015631
233553,0.09341835552060938
233554,0.45507928788615626
233555,0.08753709873148473
233556,0.2674926484290136
233557,0.2631067034510342
233558,0.7612227923698193
233559,0.8577999372787143
233560,0.9018593679694211
233561,0.08472373091659431
233562,0.07968330295744497
233563,0.749692074847401
233564,0.4479936006108508
233565,0.8782525304402762
233566,0.15386713086478107
233567,0.6388026597461152
233568,0.8174856036469247
233569,0.17879202439767114
233570,0.8168538457692675
233571,0.2762918085091877
233572,0.8921512037487331
233573,0.0988951054672054
233574,0.8752846319214984
233575,0.34445348398561954
233576,0.276669045227501
233577,0.2923539116720676
233578,0.2669881511310284
233579,0.9614036841937815
233580,0.47127774167011327
233581,0.05665368305752633
233582,0.7560141986446748
233583,0.5989382831638798
233584,0.9633444080337786
233585,0.3488666990878143
233586,0.51876866299126
233587,0.37715490794060563
233588,0.8428513641879639
233589,0.5950659255252908
233590,0.9939233073206649
233591,0.9396693951940951
233592,0.949768431195204
233593,0.5075015566695906
233594,0.6126778807477468
233595,0.8023370496452612
233596,0.9482231241563306
233597,0.48044050340649297
233598,0.5501474859217984
233599,0.49113948214034114
233600,0.9809836333804501
233601,0.6917385158689398
233602,0.05397212084301044
233603,0.699419600856282
233604,0.8793069752432722
233605,0.5204957708582363
233606,0.34589425554833403
233607,0.7143545388849246
233608,0.26555646960971907
233609,0.6687043509483186
233610,0.3268915239908917
233611,0.6703496484426487
233612,0.860072447629999
233613,0.8102908358747575
233614,0.8823975893210194
233615,0.5382031715154463
233616,0.5783175242363229
233617,0.3613973211647979
233618,0.3690693161107349
233619,0.9427418291890319
233620,0.33671331372914404
233621,0.8627176496788943
233622,0.8685216411160752
233623,0.8335113466441839
233624,0.7943378132087392
233625,0.5270451456906387
233626,0.761036446521014
233627,0.9280932274646511
233628,0.4263138518595952
233629,0.43101794828675444
233630,0.08542820912549257
233631,0.45311583894264634
233632,0.5149917507874249
233633,0.4799223710464001
233634,0.48904422759645666
233635,0.49524818085546374
233636,0.4048886242676835
233637,0.08989141945541561
233638,0.4465164688825157
233639,0.7796437612773327
233640,0.6090736793306094
233641,0.7200630848873517
233642,0.364128878607042
233643,0.029528999504592743
233644,0.873062116797942
233645,0.35848396289445095
233646,0.7663450307016149
233647,0.4932801868912513
233648,0.27200585398666494
233649,0.45196140368419374
233650,0.008535548879425144
233651,0.5410847146408752
233652,0.7914426350212025
233653,0.09342744556201453
233654,0.33782229878057096
233655,0.6793987846614642
233656,0.01423045981974448
233657,0.7539780293699239
233658,0.6676953563523482
233659,0.5967294031024312
233660,0.3807591093577431
233661,0.9857468150767427
233662,0.17115638961735472
233663,0.8462919448598089
233664,0.87636634684871
233665,0.5639052635884756
233666,0.2349684802814277
233667,0.5554106198953737
233668,0.595993109748615
233669,0.3356906840710659
233670,0.07352479990546357
233671,0.6692043032256012
233672,0.8897832479626945
233673,0.9934824403125156
233674,0.6690270474182011
233675,0.7960331059307975
233676,0.44917076097281616
233677,0.9509955867848978
233678,0.9238118179628309
233679,0.7439653487621637
233680,0.8009326382481673
233681,0.46581008176492245
233682,0.9815290358647584
233683,0.6442975897755214
233684,0.44043068616177544
233685,0.155894210098127
233686,0.19892192108935056
233687,0.6719040455229275
233688,0.3140336604233232
233689,0.21835642961353688
233690,0.7630544357129547
233691,0.9834924848082683
233692,0.6910431277014467
233693,0.03391039946186955
233694,0.24137241445134783
233695,0.5564014344085337
233696,0.6251266924520842
233697,0.5313810954408897
233698,0.4776453156744129
233699,0.20724839901645753
233700,0.034837583685193685
233701,0.26329304929983954
233702,0.5085560014725867
233703,0.29096768035778403
233704,0.08868698896923476
233705,0.1321464769272024
233706,0.1320419414510433
233707,0.563955258816204
233708,0.31355188822885083
233709,0.4050249748887606
233710,0.6167638543593567
233711,0.35078469782429855
233712,0.778680216888388
233713,0.7334209007322029
233714,0.20391235382077166
233715,0.3450761518218715
233716,0.7382795278632495
233717,0.31000222706014424
233718,0.5214865853713964
233719,0.2110162211788875
233720,0.45127965057880837
233721,0.3054163011712518
233722,0.5515428072774872
233723,0.4794724139968457
233724,0.6825484840083447
233725,0.28842701378504776
233726,0.840560673753869
233727,0.21233427718263256
233728,0.15034928484099247
233729,0.02287054417532872
233730,0.7641997809300022
233731,0.16858390789970049
233732,0.5620281700383146
233733,0.5978611132573709
233734,0.17190631803327863
233735,0.5837442789551907
233736,0.09812245194776861
233737,0.5067061780466411
233738,0.9467823525936161
233739,0.9801518945918799
233740,0.9487548915785312
233741,0.10137214175010566
233742,0.7400384508751437
233743,0.09544997977465787
233744,0.15854850218842748
233745,0.6736538784934165
233746,0.08548729439462596
233747,0.7288349748433104
233748,0.19249980683662016
233749,0.04675917298803296
233750,0.8807477468059868
233751,0.7446016516605234
233752,0.13860495134555337
233753,0.6640047995418619
233754,0.3273096658955281
233755,0.11055308356929565
233756,0.30132578253893944
233757,0.698278800659937
233758,0.8868744347130502
233759,0.09589539180350966
233760,0.49832061485040063
233761,0.03294231005222229
233762,0.6605414937665042
233763,0.6224951254652966
233764,0.4002436131096577
233765,0.47605455842851363
233766,0.03551933679057908
233767,0.3127701446680089
233768,0.47591820780743654
233769,0.5017748305843533
233770,0.110739429418101
233771,0.40027997327527826
233772,0.30607532917312436
233773,0.032433267733534527
233774,0.4199235527517828
233775,0.8559728389562815
233776,0.2207425654823858
233777,0.9132628249121675
233778,0.01468496189000141
233779,0.8360883733825408
233780,0.5416301171251835
233781,0.9442371410001773
233782,0.41899182350775604
233783,0.41003813272369455
233784,0.7865976429522638
233785,0.17694220097172544
233786,0.4536612414269547
233787,0.8051685975429619
233788,0.17291531262924903
233789,0.12317006103962803
233790,0.9754705232682335
233791,0.9095677230809787
233792,0.2571027311029402
233793,0.47491375823216875
233794,0.39647124592652516
233795,0.7220174437894565
233796,0.8641902363865267
233797,0.44328495916298893
233798,0.47876793578794746
233799,0.06811168024870352
233800,0.6522559210257203
233801,0.6055285631826053
233802,0.8534776225905709
233803,0.8471736788761073
233804,0.5040109807700175
233805,0.5894619149990229
233806,0.21788374746046968
233807,0.6955699683212057
233808,0.8886515378077547
233809,0.8540775653233101
233810,0.38984460574217916
233811,0.6034287636180183
233812,0.188818340067539
233813,0.5109194122379228
233814,0.325991609891783
233815,0.7250989678257985
233816,0.9953868039868922
233817,0.515846214679508
233818,0.05489930506633457
233819,0.7402384317860569
233820,0.5781584485117329
233821,0.6514696324441758
233822,0.26941519218620036
233823,0.5308220578944737
233824,0.6665681912181111
233825,0.5048881697656132
233826,0.14029569904690917
233827,0.7650224296771672
233828,0.7307984237868204
233829,0.17192449811608893
233830,0.6917566959517502
233831,0.8585544107153409
233832,0.5058289890510451
233833,0.7016512060212434
233834,0.15311720244885718
233835,0.699387785711364
233836,0.07348389471914045
233837,0.3592657064552929
233838,0.175701410319924
233839,0.02921539307611546
233840,0.7581730834783953
233841,0.12826048422650566
233842,0.3057935378895651
233843,0.31150208389199213
233844,0.34003572386272213
233845,0.01220338058639857
233846,0.2599706391662614
233847,0.27860522404679555
233848,0.12498352429995317
233849,0.4099517773303457
233850,0.38301798464692005
233851,0.07455197458424423
233852,0.3636698315160825
233853,0.4464119334063566
233854,0.8734393535162553
233855,0.936378800205435
233856,0.8118225078515233
233857,0.14650874234732142
233858,0.9928506824348585
233859,0.09468641629662623
233860,0.698119724935347
233861,0.6402025261225066
233862,0.20827102867453562
233863,0.4894396443975802
233864,0.7658996186727631
233865,0.9335881574940573
233866,0.7110548538548593
233867,0.4240822466946337
233868,0.7474150194754137
233869,0.9903781911726608
233870,0.4149285749996591
233871,0.9777839388058412
233872,0.6268083501120347
233873,0.3081114984478754
233874,0.7727171497266171
233875,0.7263443034983025
233876,0.7715218092818413
233877,0.518777753032665
233878,0.958317615136737
233879,0.8640902459310702
233880,0.03146517832388727
233881,0.45791992582526214
233882,0.23711827507374297
233883,0.9491639434417624
233884,0.9486049058953464
233885,0.999440962453584
233886,0.1583076160911913
233887,0.22676926293399266
233888,0.9669122492852955
233889,0.4560655573786139
233890,0.5931206566645911
233891,0.8897696129005868
233892,0.13923670922321052
233893,0.21560214706777991
233894,0.10783061616845664
233895,0.6854800223615019
233896,0.7653905763540754
233897,0.49025774812404266
233898,0.6720722112889224
233899,0.7287986146776899
233900,0.051567804891351286
233901,0.6806713904581835
233902,0.8772617159271161
233903,0.22573299821380688
233904,0.21463860267883522
233905,0.16082101253971215
233906,0.11759786565827807
233907,0.07716990650892414
233908,0.9489912326550648
233909,0.9875739133991756
233910,0.7101867549006686
233911,0.7259034364901533
233912,0.05017702855636508
233913,0.09285022793278823
233914,0.6982197153908036
233915,0.39168079410601714
233916,0.7890564991523537
233917,0.5981883547479558
233918,0.4586016789306475
233919,0.7792619795383168
233920,0.481685839078997
233921,0.36477427154680686
233922,0.5398621040718841
233923,0.5582330777516692
233924,0.4492752964489753
233925,0.24236322896450793
233926,0.8422514214552248
233927,0.44945709727707805
233928,0.34401716199817284
233929,0.4777771212747874
233930,0.9766385935887938
233931,0.3792956126915158
233932,0.46414205916707946
233933,0.11476631776057739
233934,0.8252666790897233
233935,0.2101572122661019
233936,0.27266488198853744
233937,0.03463305775357807
233938,0.6331122938264985
233939,0.3524299953186286
233940,0.13022847819071817
233941,0.25024883988346563
233942,0.8629039955276997
233943,0.01051717790574536
233944,0.5112466537285077
233945,0.5393439717117913
233946,0.5281768558455784
233947,0.2159157534962572
233948,0.6422114252730422
233949,0.7269487912517442
233950,0.5347216856572783
233951,0.7308529640352512
233952,0.7033101385776813
233953,0.27637816390253656
233954,0.9184123333681785
233955,0.5704046431931498
233956,0.972975306902523
233957,0.8330613895946297
233958,0.6005699455961023
233959,0.4559746569645624
233960,0.3058798932829139
233961,0.2500034087655269
233962,0.9659487048963509
233963,0.534712595615873
233964,0.017784666009153675
233965,0.45704273682966623
233966,0.8867698992368911
233967,0.8259529772158112
233968,0.24404488662445858
233969,0.16317533326364303
233970,0.3972211743424491
233971,0.7076733584521478
233972,0.3421537035101194
233973,0.7694129196758491
233974,0.9203076070011499
233975,0.5241408774616969
233976,0.46840983360679206
233977,0.49206212134296273
233978,0.8508006053967576
233979,0.5563105339944824
233980,0.32027851886865344
233981,0.5083242054167557
233982,0.7401929815790311
233983,0.9659032546893251
233984,0.832034214915849
233985,0.14740865644643011
233986,0.5840351602801551
233987,0.43923989073770225
233988,0.7342753646242859
233989,0.04416396616686589
233990,0.6438158175810491
233991,0.43875811854322994
233992,0.6228269119765841
233993,0.7637680039632582
233994,0.5583966984969616
233995,0.8097772485353671
233996,0.17042009626353846
233997,0.4400852645883802
233998,0.46475563696192634
233999,0.554942482763009
234000,0.310606714813586
234001,0.2333231827870976
234002,0.9468823430490726
234003,0.9896418978188446
234004,0.8834838492689334
234005,0.732121024811268
234006,0.9627081051354189
234007,0.882043077706219
234008,0.5512837410974407
234009,0.12402452493171105
234010,0.16992468900695845
234011,0.2711332100117716
234012,0.2427813708691443
234013,0.2715968021234336
234014,0.7797573867948969
234015,0.23771367278577954
234016,0.9006231223383223
234017,0.8156994105108148
234018,0.5746360574672419
234019,0.8651265106512561
234020,0.17228355475159188
234021,0.9354879761477314
234022,0.3291594893214739
234023,0.22865090150485637
234024,0.706373482531213
234025,0.7549506638002735
234026,0.1395503156516878
234027,0.4192690697706128
234028,0.7340708386926703
234029,0.5849214393171561
234030,0.4170874598333795
234031,0.46996423068707077
234032,0.6566100508587818
234033,0.45311129392194377
234034,0.4988887424382218
234035,0.6361983628835429
234036,0.7221992446175592
234037,0.41797373887038053
234038,0.8191536262447675
234039,0.13843678557955832
234040,0.8040868826157503
234041,0.6897250716977017
234042,0.248367201312602
234043,0.23752278191627163
234044,0.4421168888424286
234045,0.9793974211552534
234046,0.902345685184596
234047,0.2970443730371191
234048,0.14632239649851606
234049,0.6090600442685017
234050,0.16146640547947697
234051,0.5843396766672273
234052,0.26941973720690293
234053,0.9214075020111716
234054,0.7076097281623118
234055,0.8449966139595766
234056,0.548874880125079
234057,0.5222728739529409
234058,0.6539103085614555
234059,0.8892878407061144
234060,0.15262634021297966
234061,0.15297176178637492
234062,0.7986692179382877
234063,0.09320019452688606
234064,0.3741097440698842
234065,0.4882079437871839
234066,0.5655869212484264
234067,0.9448279936915113
234068,0.6095872666699996
234069,0.10368101226701087
234070,0.8582544393489713
234071,0.17395157734943484
234072,0.3084751001040809
234073,0.064961980901823
234074,0.6029969866512742
234075,0.8445830170756429
234076,0.5708818703669195
234077,0.41194704141877364
234078,0.6529194940482954
234079,0.8466328214125016
234080,0.7206857527236037
234081,0.6878661582303507
234082,0.45001158980279155
234083,0.6264992887042601
234084,0.22426495652687697
234085,0.06071693156562328
234086,0.019675394621422503
234087,0.38908104226414747
234088,0.6143140882006718
234089,0.14020934365356036
234090,0.902072983942442
234091,0.4496934383536117
234092,0.5764813358724848
234093,0.03503301957540417
234094,0.38617677403520567
234095,0.39988001145345214
234096,0.06023515937115094
234097,0.5500793106112598
234098,0.31364278864290224
234099,0.749492093936488
234100,0.7543598111089396
234101,0.544443484940074
234102,0.3613246008335568
234103,0.11819780839101722
234104,0.17039282613932308
234105,0.04811358915739861
234106,0.34954845219319974
234107,0.7832797778393881
234108,0.1059580676389981
234109,0.9912917403338772
234110,0.21035719317701493
234111,0.0704978161175524
234112,0.1988901059444326
234113,0.246235586603097
234114,0.9664168420287155
234115,0.07357025011248926
234116,0.19544498025188503
234117,0.842565027883702
234118,0.8798841928724985
234119,0.6230405279496048
234120,0.1469405193140655
234121,0.8539457597229355
234122,0.39564405215865756
234123,0.24983978802023443
234124,0.01375777766667727
234125,0.6077919834924849
234126,0.6040287063507574
234127,0.9206121233882221
234128,0.9366787715718046
234129,0.7223765004249594
234130,0.5707000695388168
234131,0.06797078460692388
234132,0.505524472663973
234133,0.42318687761622753
234134,0.5252816776580417
234135,0.935828852700424
234136,0.32760963726189773
234137,0.31448816249358014
234138,0.37637770940046633
234139,0.5043473123020076
234140,0.9068407106594372
234141,0.6165093332000127
234142,0.41631480631394274
234143,0.6374073383904264
234144,0.700146804168693
234145,0.613150562900814
234146,0.2746692361183705
234147,0.04986796714859036
234148,0.11248017234718503
234149,0.35682503033801316
234150,0.8132678244349404
234151,0.373605246771899
234152,0.9071088668808887
234153,0.2643384040614305
234154,0.3713827316483426
234155,0.8809386376754946
234156,0.7661995900391326
234157,0.703028347294122
234158,0.44094881852186835
234159,0.609773612518805
234160,0.9962276328168675
234161,0.9153944396216726
234162,0.10732157384976887
234163,0.2193608791888047
234164,0.4787361206430295
234165,0.3713009212756964
234166,0.03606019425418483
234167,0.10684889169670168
234168,0.9806473018484599
234169,0.6789261025083969
234170,0.48263574840583395
234171,0.6837120093082024
234172,0.5430617986464928
234173,0.6448884424668555
234174,0.833015939387604
234175,0.7726626094781862
234176,0.04977706673453898
234177,0.9975502338413152
234178,0.34687598002008896
234179,0.9559996545784266
234180,0.13801864367492195
234181,0.11198022006990241
234182,0.9804018707305212
234183,0.2510169483821999
234184,0.4906986151321919
234185,0.7913790047313666
234186,0.2161066443657651
234187,0.42210516268901604
234188,0.5048427195585876
234189,0.9377741215611237
234190,0.18580044632103299
234191,0.6606414842219607
234192,0.3085387303939169
234193,0.7956331441089715
234194,0.5966475927297848
234195,0.1234563973438899
234196,0.6411115302630204
234197,0.6136096099917735
234198,0.2529485821807918
234199,0.584057885383668
234200,0.3428672717604228
234201,0.01285786356756855
234202,0.2686970789151944
234203,0.7745397030283473
234204,0.510474000209071
234205,0.8710168574817859
234206,0.16596597597502058
234207,0.4909576813122384
234208,0.7967648542639112
234209,0.1544625285768177
234210,0.9014230459819744
234211,0.5928206852982216
234212,0.7991646251948678
234213,0.8443603110612169
234214,0.7730989314656328
234215,0.4550202026170229
234216,0.9555087923425492
234217,0.9363878902468401
234218,0.06707541552851773
234219,0.5628508187854796
234220,0.5927706900704933
234221,0.6725721635662051
234222,0.7922607387476651
234223,0.643120429413556
234224,0.26949245753814405
234225,0.6576644956617778
234226,0.13575067834433988
234227,0.6202180700933093
234228,0.46892796596688496
234229,0.1856822757827662
234230,0.6892205743997164
234231,0.884797360251976
234232,0.5317992373455261
234233,0.9495457251807783
234234,0.07321119347698628
234235,0.7730353011757969
234236,0.9673940214797678
234237,0.4639375332354639
234238,0.24438576317715127
234239,0.6033469532453721
234240,0.8655401075351898
234241,0.8488871516809758
234242,0.2277146272401271
234243,0.9981865367396748
234244,0.292572072665791
234245,0.8656264629285387
234246,0.6234359447507284
234247,0.058217170179210166
234248,0.5180687298030643
234249,0.8576272264920167
234250,0.31096577144908893
234251,0.13431445180232796
234252,0.35622963262597657
234253,0.7870339649397103
234254,0.3553842587752987
234255,0.6664136605142237
234256,0.9233709509546817
234257,0.7810481726744266
234258,0.15308993232464174
234259,0.9369287477104459
234260,0.3369269297021648
234261,0.7512192018034642
234262,0.7530508451465997
234263,0.950836511060308
234264,0.7001831643343136
234265,0.9914053658514415
234266,0.7555778766572282
234267,0.8842474127469651
234268,0.45882438494507344
234269,0.8830429822607843
234270,0.345367033146836
234271,0.7832025124874444
234272,0.3447943605383122
234273,0.11752969034773952
234274,0.9214211370732793
234275,0.6315669867876248
234276,0.6491062216788397
234277,0.04560473772958036
234278,0.6495925388940147
234279,0.17623317774212463
234280,0.4406261220519859
234281,0.8355793310638531
234282,0.9759204803177879
234283,0.21951995491339463
234284,0.6349166670454184
234285,0.6702314779043819
234286,0.8719349516637049
234287,0.528085955431527
234288,0.747105958067639
234289,0.0769699255980111
234290,0.8052685879984184
234291,0.8481644933892675
234292,0.7314256366437749
234293,0.8631812417905563
234294,0.09941323782729829
234295,0.825712091118575
234296,0.2733466350939228
234297,0.5103740097536145
234298,0.14706777989373743
234299,0.5873484803723282
234300,0.4316406161230064
234301,0.7347480467773531
234302,0.46360120170347374
234303,0.6103508301480314
234304,0.9691302193881492
234305,0.4515568968416651
234306,0.22905540834738505
234307,0.2609614536794215
234308,0.22914176374073383
234309,0.6025515746224224
234310,0.29681257698128816
234311,0.36238813567795797
234312,0.2658564409760886
234313,0.11198931011130754
234314,0.37760486499016
234315,0.5453024938528594
234316,0.07426563827998237
234317,0.10887142590934501
234318,0.9868603451488721
234319,0.15833034119470416
234320,0.6552829048136315
234321,0.6465337399611855
234322,0.699324155421528
234323,0.056771853595793134
234324,0.6954745228864517
234325,0.0688116134368992
234326,0.88128405924889
234327,0.6519604946800532
234328,0.34879852377727577
234329,0.785675003749642
234330,0.65780993632426
234331,0.18826839256252814
234332,0.06167138591316284
234333,0.916117097913381
234334,0.061321419319065
234335,0.1260925093513801
234336,0.39916644320314876
234337,0.059607946514196375
234338,0.735561605483113
234339,0.5100558583044347
234340,0.33359997454788404
234341,0.23230509814972208
234342,0.4012344276228178
234343,0.8655037473695693
234344,0.14135014384990524
234345,0.6027470105126329
234346,0.06845255680139622
234347,0.7356615959385695
234348,0.9514909940414779
234349,0.6072647610909867
234350,0.3245644733911763
234351,0.41311511173933396
234352,0.0039814381354507065
234353,0.9073770231023403
234354,0.16919748569454734
234355,0.9304611832506897
234356,0.37005104058248983
234357,0.5031837870021498
234358,0.9157398611950678
234359,0.6675771858140814
234360,0.28309570450093396
234361,0.6777898473327546
234362,0.6401888910603988
234363,0.49720253975756856
234364,0.43305866258220804
234365,0.8309934051749606
234366,0.5959476595415893
234367,0.7200994450529722
234368,0.4339403965985065
234369,0.4991341735561605
234370,0.14537703219238163
234371,0.2999259161625481
234372,0.6785943159971094
234373,0.9700301334872581
234374,0.6625185777721218
234375,0.6043423127792347
234376,0.4566473200285427
234377,0.5746996877570777
234378,0.7099004185964067
234379,0.5683684739183987
234380,0.9487412565164235
234381,0.9977047645452025
234382,0.5959749296658047
234383,0.7438699033274097
234384,0.8882924811722517
234385,0.08792797051190568
234386,0.3019620854372992
234387,0.03799182805277678
234388,0.7329345835170279
234389,0.4235050290654074
234390,0.5005476749946596
234391,0.2052849500729476
234392,0.9725889801428046
234393,0.7999554587971149
234394,0.10259475231909682
234395,0.9401875275541881
234396,0.012894223733189103
234397,0.5478658855291086
234398,0.3356088736984197
234399,0.2612386999422782
234400,0.12558346703269235
234401,0.13280550492907497
234402,0.5710409460915095
234403,0.11691611255289266
234404,0.8785434117652406
234405,0.7885656369164762
234406,0.9843287686175411
234407,0.9758432149658443
234408,0.19569950141122894
234409,0.46301943905354487
234410,0.7023693192922494
234411,0.6354620695297267
234412,0.04290499543225419
234413,0.9928097772485354
234414,0.2806641184250594
234415,0.36636048377200353
234416,0.5223183241599666
234417,0.8062321323873631
234418,0.008680989541907363
234419,0.9850786970334651
234420,0.1882002172519896
234421,0.2975079651487812
234422,0.7469605174051568
234423,0.7588275664595653
234424,0.30283472941219247
234425,0.1827961876366347
234426,0.7050736066102781
234427,0.31704700914912665
234428,0.11456179182896178
234429,0.7959376604960435
234430,0.9373605246771899
234431,0.3010803514210007
234432,0.7662314051840506
234433,0.5148781252698607
234434,0.5156007835615691
234435,0.921130255748315
234436,0.31138391335372534
234437,0.15048563546206956
234438,0.45120693024756725
234439,0.6453520345785175
234440,0.9648033596793033
234441,0.6764808813704147
234442,0.37474604696824393
234443,0.8775616872934856
234444,0.6304807268397107
234445,0.3964803359679303
234446,0.11035764767908517
234447,0.08654628421832461
234448,0.5486748992141659
234449,0.9107585185050517
234450,0.28977233991300827
234451,0.8490780425504838
234452,0.7081369505638099
234453,0.0031224292226651094
234454,0.34547156862299505
234455,0.4518159630217115
234456,0.6148776707677903
234457,0.6115598056549147
234458,0.5613464169329292
234459,0.8259620672572163
234460,0.6711404820448957
234461,0.3492348457647224
234462,0.32643247689993227
234463,0.3701010358102181
234464,0.944450756973198
234465,0.04636375618690944
234466,0.18386881252244106
234467,0.8498234259457051
234468,0.28016871116847936
234469,0.6726903341044719
234470,0.8850427913699147
234471,0.4230732520986633
234472,0.9637943650833329
234473,0.13332818230987042
234474,0.44272137659587035
234475,0.5561060080628668
234476,0.9759341153798956
234477,0.4001799828198217
234478,0.9999272796687589
234479,0.5196776671317739
234480,0.8843019529953959
234481,0.9452915858031733
234482,0.6294944573472532
234483,0.8187854795678595
234484,0.318678671581349
234485,0.36269265206503015
234486,0.982483490212298
234487,0.08305570831875138
234488,0.879256980015544
234489,0.9980138259529773
234490,0.7875702773826135
234491,0.608391926225224
234492,0.9254434803950532
234493,0.9000049995227728
234494,0.1328600451775058
234495,0.8909558633039574
234496,0.9454188463828453
234497,0.833647697265261
234498,0.5905981701746651
234499,0.032433267733534527
234500,0.6339985728634995
234501,0.9046818258257167
234502,0.32871407729262203
234503,0.5647733625426664
234504,0.7143227237400067
234505,0.3717281532217379
234506,0.3879856922748283
234507,0.49291204021434315
234508,0.14848582635293905
234509,0.8645901982083528
234510,0.38431786056785483
234511,0.18560046541011996
234512,0.906577099458688
234513,0.28584544202598844
234514,0.46401934360811015
234515,0.17315165370578264
234516,0.31250653346725993
234517,0.9762159066634549
234518,0.510114943573568
234519,0.4474072929402193
234520,0.7876793578794752
234521,0.33420900732202835
234522,0.09116857027283759
234523,0.9019184532385545
234524,0.6860617850114308
234525,0.02557483149335745
234526,0.6337895019111813
234527,0.13799137355070654
234528,0.4321451134209916
234529,0.2802232514169102
234530,0.14769044772998943
234531,0.9663032165111513
234532,0.3993891492175747
234533,0.5089786883979256
234534,0.4858308979597402
234535,0.7870066948154949
234536,0.009167306757082279
234537,0.18357338617677404
234538,0.4393217011103485
234539,0.8505097240717933
234540,0.6623867721717474
234541,0.670735975202367
234542,0.33313183741551944
234543,0.13952759054817496
234544,0.8557274078383427
234545,0.6148549456642775
234546,0.5332445539289431
234547,0.40530222115161735
234548,0.7414746774171557
234549,0.10429459006185772
234550,0.8288436103826453
234551,0.34933938124088154
234552,0.03556478699760477
234553,0.15840306152594527
234554,0.18470055131101124
234555,0.6071011403456943
234556,0.27151953677149
234557,0.8538366792260739
234558,0.307070688706987
234559,0.49837970011953403
234560,0.06621640661573212
234561,0.43299957731307465
234562,0.7082642111434818
234563,0.9318110543993529
234564,0.9736161548215853
234565,0.20563491666704542
234566,0.04295953568068502
234567,0.28053231282468494
234568,0.5413801409865422
234569,0.9380286427204676
234570,0.468114407261125
234571,0.6062784915985292
234572,0.5607146590552721
234573,0.4829720799378241
234574,0.3115566241404229
234575,0.6055240181619028
234576,0.5561287331663796
234577,0.19220892551165572
234578,0.02060257884474664
234579,0.4802223424127697
234580,0.6503924625376669
234581,0.030501633934942575
234582,0.6872480354148014
234583,0.7410883506574373
234584,0.08464192054394806
234585,0.0987314847219129
234586,0.01578031187932061
234587,0.045891074033842225
234588,0.512732875498248
234589,0.6933292731148392
234590,0.11488448829884419
234591,0.7787665722817367
234592,0.45051608710077673
234593,0.21572486262674925
234594,0.839347153226283
234595,0.5246362847182768
234596,0.7657087278032552
234597,0.28326841528763164
234598,0.36082010353557153
234599,0.7903609200939911
234600,0.8364837901836644
234601,0.8551865503747369
234602,0.8276800850827876
234603,0.667127228764527
234604,0.859745206139414
234605,0.7729489457824481
234606,0.4678871562259966
234607,0.38989005594920484
234608,0.11865685548197671
234609,0.6554510705796265
234610,0.39658032642338686
234611,0.8591270833238646
234612,0.408133769049318
234613,0.47399566405024973
234614,0.7228310024952165
234615,0.8703260143349953
234616,0.3238781752650883
234617,0.832138750392008
234618,0.9361379141081988
234619,0.49066225496657134
234620,0.722117434244913
234621,0.2238059094359175
234622,0.993868767072234
234623,0.3348953054481163
234624,0.7470695979020184
234625,0.609214574972389
234626,0.29689438735393436
234627,0.47275487339844835
234628,0.625317583321592
234629,0.4112743783547934
234630,0.02229332654610242
234631,0.7896564418850929
234632,0.03909626808350112
234633,0.2751828234577608
234634,0.7914289999590949
234635,0.37903654651146934
234636,0.6274491980310971
234637,0.2904177328527731
234638,0.36405615827580096
234639,0.22709650442457766
234640,0.4013753232645974
234641,0.048049958867562644
234642,0.40018907286122685
234643,0.1778466600915367
234644,0.20598942828184583
234645,0.619345426118416
234646,0.5362488126133415
234647,0.8142631839688029
234648,0.635375714136378
234649,0.7307211584348767
234650,0.80684571018221
234651,0.9477186268583454
234652,0.5399439144445304
234653,0.330582080801378
234654,0.01804373218920012
234655,0.49032137841387863
234656,0.3793365178778389
234657,0.3409992682516669
234658,0.5453888492462083
234659,0.848273573886129
234660,0.7190540902913813
234661,0.32532349184850534
234662,0.7975465978247531
234663,0.5336808759163899
234664,0.730212116116189
234665,0.6188727439653487
234666,0.3606246676453611
234667,0.26123415492157565
234668,0.7208311933860859
234669,0.13150562900814014
234670,0.5176914930847509
234671,0.9237390976315897
234672,0.7798846473745688
234673,0.6183909717708764
234674,0.7895928115952568
234675,0.8756073283913809
234676,0.16593870585080514
234677,0.7297394339631217
234678,0.09469096131732879
234679,0.7543234509433191
234680,0.45467023602292506
234681,0.059653396721222066
234682,0.3644470300562219
234683,0.8135223455942842
234684,0.048086319033183195
234685,0.5773812499715937
234686,0.004272319460415142
234687,0.3687057144545293
234688,0.051026947427745536
234689,0.6992968852973125
234690,0.8603996891205841
234691,0.16578872016762036
234692,0.6322260147894975
234693,0.22521941087441652
234694,0.9534135377986647
234695,0.10199935460706022
234696,0.017707400657209993
234697,0.3491212202471582
234698,0.6838256348257666
234699,0.9837924561746378
234700,0.15373987028510916
234701,0.7205812172474446
234702,0.16536148822157887
234703,0.540189345562469
234704,0.3202057985374123
234705,0.5760313788229307
234706,0.41628753618972736
234707,0.6186136777853023
234708,0.8972370819149081
234709,0.4785815899391421
234710,0.48593088841519666
234711,0.2271328645901982
234712,0.17559232982306236
234713,0.5891255834670327
234714,0.6171001858913467
234715,0.968321205703092
234716,0.07789256480063267
234717,0.34575790492725694
234718,0.04636375618690944
234719,0.7470650528813159
234720,0.2344776180455502
234721,0.40509315019929915
234722,0.6253993936942384
234723,0.5932433722235605
234724,0.9244935710682163
234725,0.44443939442144154
234726,0.030038041823280508
234727,0.6283127519645852
234728,0.054453893037482784
234729,0.5927161498220624
234730,0.5008567364024343
234731,0.7503374677871658
234732,0.7985237772758055
234733,0.6038696306261676
234734,0.5602056167365843
234735,0.2144204416851119
234736,0.5531471995854942
234737,0.8435740224796725
234738,0.5054108471464088
234739,0.4051295103649197
234740,0.5381349962049078
234741,0.09882693015666685
234742,0.9411692520259429
234743,0.1457724489935052
234744,0.6348803068797979
234745,0.5858986187682086
234746,0.3502029351743697
234747,0.4688507006149413
234748,0.9266206407570187
234749,0.25124419941732834
234750,0.045154780680026
234751,0.23389131037491875
234752,0.4871125937978647
234753,0.8117588775616873
234754,0.3100294971843597
234755,0.8742938174083383
234756,0.8848200853554888
234757,0.17576049558905743
234758,0.3855359261161434
234759,0.18444603015166733
234760,0.8303752823594113
234761,0.24643102249330745
234762,0.6303261961358234
234763,0.8807477468059868
234764,0.22483308411469816
234765,0.316347075960931
234766,0.7384340585671368
234767,0.7612182473491167
234768,0.9722753737143273
234769,0.28280936819667213
234770,0.7959876557237718
234771,0.5865621917907836
234772,0.057576322260147896
234773,0.7630180755473343
234774,0.24800814467709903
234775,0.03449670713250099
234776,0.8453329454915668
234777,0.2635748405833988
234778,0.9447734534430805
234779,0.19704937255989202
234780,0.7482194881397685
234781,0.2770462819458142
234782,0.36356529603992344
234783,0.31549261206884793
234784,0.8001599847287305
234785,0.049845242045077516
234786,0.9756205089514183
234787,0.37567323119156804
234788,0.0644438485417301
234789,0.09620445321128437
234790,0.054199371878138905
234791,0.2824321314783589
234792,0.039918916830666167
234793,0.13223283232055125
234794,0.5192913403720555
234795,0.8337613227828252
234796,0.3223283232055122
234797,0.47426382027170133
234798,0.5645370214661328
234799,0.5482885724544475
234800,0.21291149481185886
234801,0.36163820726203405
234802,0.6308852336822395
234803,0.22032896859845197
234804,0.5431754241640572
234805,0.7897291622163339
234806,0.863744824357675
234807,0.21718835929297658
234808,0.10722158339431236
234809,0.17097458878925192
234810,0.26966971334554424
234811,0.32951400093627425
234812,0.5475204639557133
234813,0.2865862804005072
234814,0.9461460496952564
234815,0.8814976752219107
234816,0.7293531072034033
234817,0.4000936274264729
234818,0.6361301875730044
234819,0.29035410256293714
234820,0.45844260320605756
234821,0.3023256870935047
234822,0.8089591448089046
234823,0.9924961708200581
234824,0.8159039364424305
234825,0.8043504938164994
234826,0.5735407074779226
234827,0.3986710359465687
234828,0.122611023493212
234829,0.05768994777771213
234830,0.17771030947045963
234831,0.8791024493116566
234832,0.6708405106785262
234833,0.8505733543616291
234834,0.9421464314769954
234835,0.12583344317133366
234836,0.30420732566436837
234837,0.1597302075710955
234838,0.09514091836688315
234839,0.520972998032006
234840,0.6113916398889198
234841,0.8279573313456443
234842,0.1084578290254112
234843,0.21559305702637477
234844,0.6418114634512161
234845,0.5157916744310771
234846,0.23955440617032012
234847,0.1250971498175174
234848,0.30381190886324483
234849,0.9013412356093282
234850,0.9383876993559706
234851,0.8426059330700252
234852,0.970843692193018
234853,0.9435190277291714
234854,0.10073583885174596
234855,0.40569763795274083
234856,0.3509301384867808
234857,0.8973643424945801
234858,0.5842624113152836
234859,0.2820867099049636
234860,0.8786843074070202
234861,0.8720849373468896
234862,0.9397330254839311
234863,0.45020702569300197
234864,0.39084905531744696
234865,0.3787911153935306
234866,0.532453720326696
234867,0.5712591070852328
234868,0.8815294903668287
234869,0.4911485721817463
234870,0.08301025811172569
234871,0.5764586107689721
234872,0.5112830138941283
234873,0.12292917494239186
234874,0.6289081496766218
234875,0.40078447057326344
234876,0.7572822594206917
234877,0.9645624735820671
234878,0.4154239822562391
234879,0.6775444162148159
234880,0.14020934365356036
234881,0.7730716613414175
234882,0.9852741329236755
234883,0.8794751410092673
234884,0.8143631744242595
234885,0.7856250085219139
234886,0.18841383322501035
234887,0.7325891619436327
234888,0.3691965766904068
234889,0.03853268551638253
234890,0.9611128028688172
234891,0.4643602201608028
234892,0.5322991896228088
234893,0.15954840674299273
234894,0.7884020161711837
234895,0.11496629867149044
234896,0.3985074152012762
234897,0.31283831997854744
234898,0.20770290108671446
234899,0.5529790338194991
234900,0.4764817903745551
234901,0.15304448211761604
234902,0.8993641516037106
234903,0.3425718454147558
234904,0.41452861317783296
234905,0.12914221824280409
234906,0.45801991628071864
234907,0.7363115338990369
234908,0.9602310688525186
234909,0.073520254884761
234910,0.5571604528658628
234911,0.8908104226414751
234912,0.5990655437435518
234913,0.6703269233391358
234914,0.4426713813681421
234915,0.26971061853186734
234916,0.4887851614164102
234917,0.19781293603792366
234918,0.33785411392548886
234919,0.43996709405011336
234920,0.9842151430999768
234921,0.2472854863853905
234922,0.8759936551510993
234923,0.3591793510619441
234924,0.5783129792156203
234925,0.6009244572109026
234926,0.12050667890792241
234927,0.16363438035460254
234928,0.7836797396612142
234929,0.8262484035614782
234930,0.16322987351207385
234931,0.6318305979883739
234932,0.6923293685602738
234933,0.47171860867826254
234934,0.30530267565368757
234935,0.26487926152503627
234936,0.17661041446043788
234937,0.4315633507710627
234938,0.26392935219819924
234939,0.9787929334018116
234940,0.7213856859117994
234941,0.6918748664900168
234942,0.9180850918775936
234943,0.6505560832829593
234944,0.46917794210552627
234945,0.08247849068952509
234946,0.04270501452134115
234947,0.1385731362006354
234948,0.8349930233932216
234949,0.17449243481304058
234950,0.8576954018025552
234951,0.8451102394771408
234952,0.574781498129724
234953,0.3088250666981788
234954,0.15878029824425852
234955,0.4910713068298026
234956,0.2974806950245658
234957,0.8430422550574719
234958,0.13205557651315103
234959,0.7103549206666636
234960,0.027583730643893085
234961,0.04425032156021471
234962,0.36918748664900164
234963,0.03196058558046732
234964,0.5891573986119507
234965,0.8446648274482891
234966,0.7305848078137996
234967,0.8915421709745888
234968,0.6829211757059553
234969,0.3978665672822139
234970,0.3561705473568432
234971,0.2978806568463919
234972,0.11250289745069789
234973,0.45188413833225005
234974,0.8144813449625263
234975,0.7535826125688003
234976,0.7146817803755097
234977,0.46108326023425034
234978,0.9086950791060854
234979,0.33408174674235636
234980,0.023493212011580715
234981,0.18615495793583342
234982,0.5599101903909173
234983,0.2594161466405479
234984,0.2110753064480209
234985,0.21601119893101112
234986,0.07184768726621549
234987,0.06778898377882112
234988,0.010180846373755232
234989,0.09026865617372885
234990,0.7475740952000036
234991,0.03416037560051086
234992,0.7503601928906786
234993,0.7111366642275055
234994,0.7920471227746443
234995,0.03236509242299599
234996,0.6812167929424919
234997,0.9995227728262303
234998,0.16871116847937243
234999,0.071652251376005
235000,0.8145949704800906
235001,0.2741329236754673
235002,0.445648369928325
235003,0.6088373382540757
235004,0.9143536298807842
235005,0.0665754632512351
235006,0.9242072347639544
235007,0.17695583603383314
235008,0.3130973861585939
235009,0.2639975275087378
235010,0.7896746219679031
235011,0.5555924207234765
235012,0.8460010635348445
235013,0.6510742156430522
235014,0.3598292890224115
235015,0.9630535267088142
235016,0.1322510124033615
235017,0.7193995118647766
235018,0.24895350898323343
235019,0.8229214484071976
235020,0.8908058776207726
235021,0.03209239118084183
235022,0.7931152026397481
235023,0.08820976179546498
235024,0.13174651510537633
235025,0.2472264011162571
235026,0.6270037860022453
235027,0.6976834029479004
235028,0.5755177914835402
235029,0.9669167943059981
235030,0.8896423523209149
235031,0.7806300307697902
235032,0.07464287499829561
235033,0.10466273673876583
235034,0.9832243285868167
235035,0.15979383786093146
235036,0.9927915971657252
235037,0.4500615850305198
235038,0.6019016366619551
235039,0.7756759582039897
235040,0.30138032278737026
235041,0.2391135391621709
235042,0.2637066461837734
235043,0.24462664927438746
235044,0.7796119461324147
235045,0.2108162402679744
235046,0.9037819117266079
235047,0.4906213497802482
235048,0.5172960762836275
235049,0.30307107048872606
235050,0.7736079737843206
235051,0.3221374323360043
235052,0.5023884083792002
235053,0.8687398021097986
235054,0.5591148117679677
235055,0.902800187254853
235056,0.568977506692543
235057,0.7213447807254761
235058,0.6397252989487366
235059,0.14344994341449227
235060,0.17183814272274012
235061,0.9126219769931052
235062,0.4296089918689579
235063,0.026283854722958265
235064,0.9360606487562552
235065,0.4491162207243854
235066,0.5539698483326592
235067,0.8610905322673745
235068,0.42294144649828874
235069,0.6047786347666814
235070,0.8356429613536891
235071,0.2887633453170379
235072,0.9924961708200581
235073,0.10693070206934792
235074,0.8209852695879031
235075,0.16982924357220447
235076,0.47239581676294534
235077,0.06258948009508182
235078,0.43729462187700263
235079,0.8321978356611414
235080,0.6521559305702638
235081,0.3996573054390262
235082,0.30489816881115894
235083,0.19642215970293744
235084,0.6567736716040742
235085,0.036714677235354806
235086,0.60484681007722
235087,0.4906077147181405
235088,0.11405274951027401
235089,0.5373123474577427
235090,0.971761786374937
235091,0.26417932833684055
235092,0.5340535676140006
235093,0.6675590057312711
235094,0.09145490657709945
235095,0.5264179328336841
235096,0.35757041373323456
235097,0.02781098167902155
235098,0.3414946755082469
235099,0.121397502965626
235100,0.35060744201689836
235101,0.7754123470032406
235102,0.6343030892505716
235103,0.760054722049259
235104,0.473391176296808
235105,0.9134628058230806
235106,0.06001699837742761
235107,0.8605905799900918
235108,0.7923834543066344
235109,0.042177792119843106
235110,0.9732025579376514
235111,0.475554606151231
235112,0.8804659555224275
235113,0.8867380840919731
235114,0.5171506356211453
235115,0.5037064643829453
235116,0.6254221187977511
235117,0.41671476813576885
235118,0.7928606814804041
235119,0.20321696565327854
235120,0.1664068429831698
235121,0.15294903668286208
235122,0.7159134809859059
235123,0.8640629758068549
235124,0.7991918953190832
235125,0.43267233582248965
235126,0.26036605596738494
235127,0.9586675817308348
235128,0.35654323905445384
235129,0.7411247108230579
235130,0.6641911453906673
235131,0.5690456820030816
235132,0.3141654660236977
235133,0.9624672190381827
235134,0.5035473886583554
235135,0.06691633980392779
235136,0.793274278364338
235137,0.13987301212157022
235138,0.92982488035233
235139,0.5581967175860487
235140,0.23960894641875094
235141,0.6250948773071662
235142,0.9071452270465091
235143,0.8079910553992574
235144,0.1505674458347158
235145,0.5490475909117767
235146,0.889451461451407
235147,0.519591311738425
235148,0.8144722549211212
235149,0.8653128565000614
235150,0.04721822007899246
235151,0.4072338549502093
235152,0.604224142240968
235153,0.1581121802009808
235154,0.36856936383345223
235155,0.6103235600238159
235156,0.4737138727666904
235157,0.4750819239981638
235158,0.8913876402707015
235159,0.25843896718949555
235160,0.5393439717117913
235161,0.29665350125669815
235162,0.5229091768513006
235163,0.23380950000227252
235164,0.6179046545557015
235165,0.20063993891492177
235166,0.6658318978642949
235167,0.5139418510051315
235168,0.859058908013326
235169,0.4605878529776703
235170,0.4262411315283541
235171,0.3340044813904127
235172,0.9299112357456789
235173,0.5732498261529582
235174,0.5305266315488067
235175,0.7023329591266289
235176,0.18708668717986013
235177,0.612455174733321
235178,0.18860017907381568
235179,0.8799296430795243
235180,0.2557483149335745
235181,0.318837747305939
235182,0.9530135759768387
235183,0.19810836238359067
235184,0.6603142427313757
235185,0.24278591588984688
235186,0.1733789047409111
235187,0.9011230746156049
235188,0.5606373937033283
235189,0.29458097181632664
235190,0.09262752191836233
235191,0.4650919684939165
235192,0.4239140809286386
235193,0.8250803332409179
235194,0.9061680475954568
235195,0.5211411637980011
235196,0.9889646897341617
235197,0.0002090709523181878
235198,0.3391494448257212
235199,0.3009849059862467
235200,0.6103099249617082
235201,0.9792201653478532
235202,0.5836851936860572
235203,0.35859758841201517
235204,0.80619122720104
235205,0.906727085141873
235206,0.26867889883238416
235207,0.32252830411642525
235208,0.06125778902922903
235209,0.7491830325287131
235210,0.39943914444530293
235211,0.570159212075211
235212,0.13759141172888043
235213,0.12985578649310747
235214,0.91096758945737
235215,0.13874584698733303
235216,0.3929397648406288
235217,0.9167806709359562
235218,0.07538825839351697
235219,0.3627517373341635
235220,0.15253998481963085
235221,0.7321710200389964
235222,0.33334999840924273
235223,0.2643065889165125
235224,0.20498952372728058
235225,0.05543107248853518
235226,0.6694906395298631
235227,0.18391426272946676
235228,0.6395980383690648
235229,0.7705718999550043
235230,0.760972816231178
235231,0.7754759772930766
235232,0.30596170365556014
235233,0.6605505838079093
235234,0.2931765604192327
235235,0.9586221315238092
235236,0.47516373437081005
235237,0.5422255148372201
235238,0.4360129260388781
235239,0.21559305702637477
235240,0.831938769481095
235241,0.7374159739297613
235242,0.7421609755432437
235243,0.48178582953445354
235244,0.34159466596370347
235245,0.8167629453552161
235246,0.06647092777507602
235247,0.034369446552829044
235248,0.9961094622786008
235249,0.294935483431127
235250,0.07916971561805462
235251,0.7702128433195014
235252,0.5615054926575191
235253,0.19081360415596693
235254,0.9988955599692757
235255,0.22749646624640377
235256,0.40843828543639016
235257,0.25894346448748073
235258,0.6291399457324528
235259,0.09889056044650282
235260,0.5877348071320465
235261,0.2624113152835411
235262,0.8102362956263266
235263,0.7862158612132478
235264,0.7933924489026047
235265,0.8003508755982385
235266,0.47220038087273486
235267,0.7803300594034206
235268,0.8073683875630053
235269,0.4278364337949559
235270,0.48767163134428076
235271,0.5040927911426637
235272,0.5071197749305748
235273,0.8321614754955209
235274,0.08784161511855687
235275,0.36513787320301244
235276,0.13502802005263134
235277,0.34435349353016304
235278,0.07342480945000704
235279,0.5402438858108999
235280,0.74242004172329
235281,0.5683184786906704
235282,0.4637693674694688
235283,0.5848350839238073
235284,0.7242990441821463
235285,0.06138959462960354
235286,0.9971184568745711
235287,0.49308929602174334
235288,0.4332859136173365
235289,0.6568782070802333
235290,0.844919348607633
235291,0.42701378504779086
235292,0.4953072661245972
235293,0.08743256325532563
235294,0.2673244826630185
235295,0.8417151090123215
235296,0.39893010212661517
235297,0.3644288499734116
235298,0.689225119420419
235299,0.4140195708591452
235300,0.7684630103490122
235301,0.5057017284713732
235302,0.4381854459347062
235303,0.8933919944005345
235304,0.8065639188986506
235305,0.08641902363865267
235306,0.009340017543779913
235307,0.4508115134464437
235308,0.02019807200221797
235309,0.03343317228809977
235310,0.8351339190350012
235311,0.33348180400961724
235312,0.3196740311152117
235313,0.4644965707818799
235314,0.9709300475863668
235315,0.38621767922152883
235316,0.11482994805041337
235317,0.6977879384240595
235318,0.5897482513032847
235319,0.7111775694138287
235320,0.31325646188318385
235321,0.10003590566355029
235322,0.19556769581085442
235323,0.8266710904868172
235324,0.3319955822398771
235325,0.4556292353911672
235326,0.21010267201767105
235327,0.6975834124924439
235328,0.7234854854763864
235329,0.09165943250871507
235330,0.9761840915185369
235331,0.23049163488939695
235332,0.2283009349107585
235333,0.012189745524290863
235334,0.7231991491721245
235335,0.11500720385781356
235336,0.5814763136246086
235337,0.8328432286009062
235338,0.9661395957658587
235339,0.22206516650683344
235340,0.9754796133096387
235341,0.15706682543938988
235342,0.2947309574995114
235343,0.6220451684157422
235344,0.44006708450556986
235345,0.3170151940042087
235346,0.45453843042255054
235347,0.7090368646629186
235348,0.08531458360792832
235349,0.05137691402184337
235350,0.8467918971370916
235351,0.8171538171356372
235352,0.6686543557205904
235353,0.43282232150567446
235354,0.6575008749164852
235355,0.7182178064821085
235356,0.3092023034164921
235357,0.40243885810899865
235358,0.9527317846932793
235359,0.17566959517500602
235360,0.9421691565805083
235361,0.4586834893032938
235362,0.729039500774926
235363,0.9454370264656555
235364,0.037051008767344934
235365,0.6457565414210462
235366,0.5580240067993509
235367,0.952345457933561
235368,0.3881493130201208
235369,0.5632553256280083
235370,0.002258875289176942
235371,0.40742474581971716
235372,0.7372023579567405
235373,0.5415437617318347
235374,0.9785202321596574
235375,0.4744819812654246
235376,0.5894164647919972
235377,0.17479240617941016
235378,0.6689497820662573
235379,0.6610278109816791
235380,0.9722708286936248
235381,0.3197785665913708
235382,0.9255571059126175
235383,0.8588452920403052
235384,0.5808854609332745
235385,0.11754332540984724
235386,0.9152080937728672
235387,0.19218165538744028
235388,0.17033374087018968
235389,0.02325232591434454
235390,0.3552388181128165
235391,0.3630880688661537
235392,0.02781098167902155
235393,0.668204398671036
235394,0.06664363856177365
235395,0.3027165588739257
235396,0.06205316765217866
235397,0.003649651624163148
235398,0.4536021561578213
235399,0.1295285450025225
235400,0.6948200399052817
235401,0.3684057430881597
235402,0.1434453983937897
235403,0.34756682316687953
235404,0.39023547752260007
235405,0.8591907136137006
235406,0.7805936706041696
235407,0.36633775866849067
235408,0.6919112266556374
235409,0.4601697110730339
235410,0.9697256171001859
235411,0.6115189004685917
235412,0.7276032742329142
235413,0.13734143559023912
235414,0.4522250148849428
235415,0.5009385467750807
235416,0.689911417546507
235417,0.4148785797719308
235418,0.7964330677526237
235419,0.5913299185077788
235420,0.9760159257525418
235421,0.9015593966030515
235422,0.8702896541693749
235423,0.12363819817199266
235424,0.07657450879688757
235425,0.6102735647960876
235426,0.8201808009235483
235427,0.09916780670935955
235428,0.6608232850500635
235429,0.9778157539507593
235430,0.9122401952540894
235431,0.15202639748024055
235432,0.33574067929879414
235433,0.27838251803236963
235434,0.828434558519414
235435,0.6883252053213103
235436,0.6997377523054618
235437,0.44418487326209766
235438,0.5639688938783116
235439,0.048772617159271156
235440,0.8674081110439458
235441,0.05651278741574668
235442,0.6217997372978034
235443,0.7715399893646516
235444,0.8905649915235364
235445,0.49141218338249526
235446,0.9682166702269329
235447,0.8250212479717846
235448,0.4958844837538235
235449,0.02606569372923494
235450,0.9583585203230601
235451,0.28647265488294293
235452,0.66042786824894
235453,0.9648033596793033
235454,0.04661827734625331
235455,0.6288945146145141
235456,0.8163993436990106
235457,0.8158448511732971
235458,0.3880175074197463
235459,0.7357706764354313
235460,0.585471386822167
235461,0.06602097072552164
235462,0.29881238609041866
235463,0.5012339731207476
235464,0.037510055858304435
235465,0.3670922321051172
235466,0.20683025711182115
235467,0.22809186395844033
235468,0.38752210016316624
235469,0.21137527781439047
235470,0.588489280568673
235471,0.05084969162034533
235472,0.8409879056999104
235473,0.18068729803064254
235474,0.5666140959272069
235475,0.9605946705087242
235476,0.27047418200989903
235477,0.446861890455911
235478,0.32555528790433635
235479,0.8499825016702951
235480,0.9005776721312966
235481,0.5017839206257584
235482,0.11468905240863371
235483,0.08593725144418032
235484,0.8903786456747311
235485,0.2342276419069089
235486,0.9959776566782262
235487,0.09480458683489303
235488,0.5745042518668673
235489,0.5319901282150341
235490,0.18416423886810807
235491,0.9839151717336072
235492,0.16372528076865392
235493,0.30022588752891766
235494,0.40643847632725966
235495,0.4218370064675644
235496,0.3247008240122533
235497,0.2177473968393926
235498,0.8387063053072207
235499,0.5335672503988256
235500,0.5377077642588662
235501,0.7319710391280833
235502,0.08516914294544611
235503,0.7240899732298282
235504,0.6983606110325833
235505,0.667940787470287
235506,0.7585548652174111
235507,0.21439771658159903
235508,0.8889060589670986
235509,0.19303157425882075
235510,0.30603896900750377
235511,0.2456220088082501
235512,0.1282832093300185
235513,0.7538144086246313
235514,0.0707068870698706
235515,0.612127933242736
235516,0.3169242935901573
235517,0.10531267469923325
235518,0.03760550129305839
235519,0.08400561764558837
235520,0.8180946364210689
235521,0.5113330091218565
235522,0.054290272292190286
235523,0.9667895337263261
235524,0.5707227946423296
235525,0.9348880334149923
235526,0.20144440757927654
235527,0.09614536794215098
235528,0.06093054753864404
235529,0.1337735943387222
235530,0.3793546979606492
235531,0.5466432749601174
235532,0.877948014053204
235533,0.5425527563278051
235534,0.3472350366555919
235535,0.7117956922293782
235536,0.20684389217392887
235537,0.024224960344694374
235538,0.10712159293885583
235539,0.825743906263493
235540,0.4391353552615432
235541,0.5893482894814586
235542,0.2439221710654892
235543,0.43787183950622893
235544,0.2667472650337922
235545,0.09207757441335145
235546,0.4510523995436799
235547,0.038782661655023844
235548,0.9500911276650865
235549,0.6835392985215049
235550,0.14223642288690624
235551,0.7380613668695262
235552,0.6374800587216675
235553,0.2656064648374473
235554,0.30958408515550784
235555,0.3160880097808845
235556,0.533689965957795
235557,0.9079542407315666
235558,0.6770035587512102
235559,0.6406615732134661
235560,0.39071724971707245
235561,0.7650906049877056
235562,0.8564682462128616
235563,0.21085260043359497
235564,0.9347789529181305
235565,0.770585535017112
235566,0.02676108189672804
235567,0.4609150944682553
235568,0.7973238918103271
235569,0.1932906404388672
235570,0.5001249880693207
235571,0.8809749978411152
235572,0.25942523668195305
235573,0.12447902700196799
235574,0.9963548933965394
235575,0.11159843833088659
235576,0.9456415523972712
235577,0.39447598183809723
235578,0.03321046627367388
235579,0.05324946255130192
235580,0.472504897259807
235581,0.8731439271705882
235582,0.9294885488203399
235583,0.59566586825803
235584,0.3909035955658778
235585,0.3381359052090482
235586,0.8831338826748356
235587,0.17820117170633715
235588,0.20982088073411176
235589,0.30316651592348
235590,0.23895900845828352
235591,0.6195681321328419
235592,0.9145127056053741
235593,0.7112139295794493
235594,0.23316865208321025
235595,0.05836715586239496
235596,0.47804527749623893
235597,0.998386517650588
235598,0.4170965498747847
235599,0.6497561596393072
235600,0.9632853227646452
235601,0.7998327432381455
235602,0.3069706982515305
235603,0.9714618150085673
235604,0.34002663382131704
235605,0.3198831020675299
235606,0.7915653505801719
235607,0.8669081587666632
235608,0.9975002386135868
235609,0.8712032033305912
235610,0.6014334995295905
235611,0.6410797151181024
235612,0.5871621345235227
235613,0.6394435076651775
235614,0.16824757636771034
235615,0.25395303175605966
235616,0.7516418887288031
235617,0.14211825234863948
235618,0.26966062330413915
235619,0.36789215574876943
235620,0.4552429086314488
235621,0.7014603151517355
235622,0.5333990846328306
235623,0.35698410606260306
235624,0.6948473100294973
235625,0.5030065311947496
235626,0.2957535871575895
235627,0.6678226169320202
235628,0.41596483971984494
235629,0.14699960458319888
235630,0.5833170470091492
235631,0.9474277455333809
235632,0.4467482649383468
235633,0.5315628962689926
235634,0.15798946464201147
235635,0.35784765999609125
235636,0.9313292822048804
235637,0.6963198967371297
235638,0.8954690688616087
235639,0.08704169147490466
235640,0.5845396575781403
235641,0.6998013825952978
235642,0.2340458410788061
235643,0.6579371969039319
235644,0.12879225164870628
235645,0.7867203585112331
235646,0.45770176483153874
235647,0.606069420646211
235648,0.010612623340499314
235649,0.7155453343089978
235650,0.31827416473882036
235651,0.7785393212466083
235652,0.6239631671522263
235653,0.9607719263161244
235654,0.20789833697692495
235655,0.13909581358143086
235656,0.0045859258888924235
235657,0.38227260125169865
235658,0.919430418005554
235659,0.23922716467973512
235660,0.9489321473859315
235661,0.8341249244390309
235662,0.9370832784143333
235663,0.1847323664559292
235664,0.8806159412056123
235665,0.846260129714891
235666,0.13356906840710658
235667,0.8060548765799629
235668,0.6938383154335269
235669,0.24114970843692193
235670,0.49337108730530266
235671,0.7710854872943947
235672,0.42551392821594297
235673,0.38734938937646857
235674,0.16770217388340206
235675,0.791342644565746
235676,0.4867898973279823
235677,0.992264374764227
235678,0.10948500370419187
235679,0.007572004490480453
235680,0.08775071470450546
235681,0.12947854977479423
235682,0.935797037555506
235683,0.20679844196690317
235684,0.7048099954095292
235685,0.5283495666322761
235686,0.04282773008031052
235687,0.8666081874002937
235688,0.4919212257011831
235689,0.7575458706214407
235690,0.6033105930797514
235691,0.7208039232618705
235692,0.8468827975511429
235693,0.5627053781229975
235694,0.7773439808018325
235695,0.5928843155880575
235696,0.16166638639039002
235697,0.6492562073620246
235698,0.32004672281282237
235699,0.9654123924534477
235700,0.460010635348444
235701,0.654960208343749
235702,0.8529322201062627
235703,0.7244217597411157
235704,0.047768167584003346
235705,0.6173456170092855
235706,0.8775116920657574
235707,0.8279164261593213
235708,0.5560241976902205
235709,0.46954608878243437
235710,0.9101267606273947
235711,0.11692065757359524
235712,0.6259720663027621
235713,0.6638639039000823
235714,0.4565745996973016
235715,0.40785652278646123
235716,0.3438444512114753
235717,0.09339563041709655
235718,0.463587566641366
235719,0.9198712850137033
235720,0.07713809136400616
235721,0.34271728607723806
235722,0.9821244335767949
235723,0.7650406097599775
235724,0.8562455401984357
235725,0.979401966175956
235726,0.759400239068089
235727,0.5662368592088937
235728,0.4168511187568459
235729,0.1791828961780921
235730,0.6998150176574055
235731,0.542184609650897
235732,0.4599742751828234
235733,0.146776898568773
235734,0.6432522350139306
235735,0.32227832797778394
235736,0.46870071493175647
235737,0.0931501992991578
235738,0.8852473173015304
235739,0.3361406411206203
235740,0.33259552497261624
235741,0.3318955917844206
235742,0.45018884561019173
235743,0.5137055099285978
235744,0.34613059662486756
235745,0.6561328236850119
235746,0.8246485562741739
235747,0.7451697792483445
235748,0.9243299503229238
235749,0.7230491634889398
235750,0.7799846378300254
235751,0.03861449588902877
235752,0.3008849155307902
235753,0.5602556119643125
235754,0.2601842551392822
235755,0.05388576544966162
235756,0.12768326659727935
235757,0.6182046259220711
235758,0.6919794019661759
235759,0.5527972329913963
235760,0.4977524872625794
235761,0.7746078783388858
235762,0.38306343485394573
235763,0.7639316247085506
235764,0.2993305184505115
235765,0.11019857195449526
235766,0.6267038146358757
235767,0.14791769876511787
235768,0.4045068425286677
235769,0.18810931683793822
235770,0.24963071706791626
235771,0.0787606637548234
235772,0.675190095490885
235773,0.3260416051195113
235774,0.7592320733020939
235775,0.7664268410742611
235776,0.37721399320973903
235777,0.45440207980147346
235778,0.8420287154407988
235779,0.07300666754537066
235780,0.29574449711618434
235781,0.7792392544348039
235782,0.4704823630471636
235783,0.9856968198490145
235784,0.71454088473373
235785,0.49113948214034114
235786,0.29324019070906865
235787,0.9942732739147627
235788,0.06805259497957013
235789,0.557433154108017
235790,0.7920471227746443
235791,0.6415842124160877
235792,0.3812090664072975
235793,0.7235672958490326
235794,0.9578040277973466
235795,0.12759691120393055
235796,0.6602460674208371
235797,0.9113539162170884
235798,0.9569313838224534
235799,0.08596452156839574
235800,0.7315074470164211
235801,0.2572890769517455
235802,0.11566623185968611
235803,0.9108812340640212
235804,0.43925352579981003
235805,0.5700728566818623
235806,0.5621690656800942
235807,0.08777343980801831
235808,0.2491216747492285
235809,0.8265120147622274
235810,0.4030524359038455
235811,0.4488207943787184
235812,0.9734798042005082
235813,0.7312302007535645
235814,0.3322137432336004
235815,0.815085832715968
235816,0.6227496466246404
235817,0.845637461878639
235818,0.8915830761609119
235819,0.5172324459937916
235820,0.9165715999836379
235821,0.8559501138527686
235822,0.2703469214302271
235823,0.37271896773489804
235824,0.32230105308129675
235825,0.27456924566291396
235826,0.20981633571340919
235827,0.5655551061035083
235828,0.19865830988860156
235829,0.5518564137059645
235830,0.6397480240522495
235831,0.6909931324737184
235832,0.2761963630744338
235833,0.7629044500297698
235834,0.9904236413796865
235835,0.8138359520227615
235836,0.5820535312538349
235837,0.44147149590266377
235838,0.15871666795442255
235839,0.557687675267361
235840,0.04185055062925812
235841,0.502970171029129
235842,0.2965535108012417
235843,0.36867844433031394
235844,0.6452656791851686
235845,0.6503651924134515
235846,0.35444343948986684
235847,0.10626258402607024
235848,0.5925752541802828
235849,0.7753759868376201
235850,0.7050736066102781
235851,0.3446716449793429
235852,0.5681684930074857
235853,0.605151326464292
235854,0.6348712168383928
235855,0.02567482194881398
235856,0.9548815794855946
235857,0.9855059289795065
235858,0.5922298326068876
235859,0.9978002099799566
235860,0.5450570627349208
235861,0.8210534448984416
235862,0.7780166438658128
235863,0.6225405756723222
235864,0.5673049390739975
235865,0.18521413865040154
235866,0.6343758095818126
235867,0.5674185645915617
235868,0.39087178042095977
235869,0.10867144499843195
235870,0.6435612964217052
235871,0.7992782507124321
235872,0.25171233654969294
235873,0.2204744092609342
235874,0.5648915330809332
235875,0.8893923761822736
235876,0.9748478554319815
235877,0.17954649783429766
235878,0.9258070820512588
235879,0.6842392317097005
235880,0.056649138036823754
235881,0.7916471609528182
235882,0.5417255625599375
235883,0.9878284345585194
235884,0.4675371896318988
235885,0.5620190799969095
235886,0.18516868844337586
235887,0.583898809659078
235888,0.20252612250648802
235889,0.14107744260775107
235890,0.6312397452970399
235891,0.27755532426450197
235892,0.30912958308525096
235893,0.08128769526545193
235894,0.04988160221069807
235895,0.5074379263797546
235896,0.8173901582121706
235897,0.3572159021184341
235898,0.1253244008526459
235899,0.2917857840842465
235900,0.9739979365606011
235901,0.5498793297003468
235902,0.9296476245449299
235903,0.9510637620954364
235904,0.4772226287490739
235905,0.14799950913776413
235906,0.6864981069988775
235907,0.6358802114343631
235908,0.8134950754700688
235909,0.5879938733120931
235910,0.14312270192390728
235911,0.216920203071525
235912,0.0034133105476295443
235913,0.7118820476227269
235914,0.9300203162425404
235915,0.21504310952136388
235916,0.9667986237677313
235917,0.321823825907527
235918,0.15899391421727926
235919,0.11927497829752615
235920,0.3207330209389104
235921,0.7833706782534395
235922,0.6132596433976758
235923,0.019198167447652726
235924,0.12820139895737226
235925,0.4198008371928134
235926,0.8165902345685185
235927,0.6511696610778063
235928,0.5428527276941747
235929,0.8951236472882134
235930,0.25772539893919216
235931,0.0120806650274292
235932,0.7750214752228197
235933,0.1890592261647752
235934,0.7386204044159421
235935,0.4326768808431922
235936,0.7962285418210081
235937,0.3840087991600802
235938,0.7360342876361802
235939,0.7998736484244685
235940,0.5525563468941601
235941,0.6200771744515297
235942,0.7260306970698251
235943,0.4893987392112571
235944,0.12303371041855095
235945,0.3182105344489844
235946,0.8080455956476882
235947,0.4104426395662232
235948,0.1295558151267379
235949,0.40014362265420117
235950,0.5442707741533762
235951,0.1663750278382518
235952,0.3432081483131155
235953,0.09264570200117261
235954,0.9802746101508493
235955,0.031028856336440612
235956,0.19206802986987606
235957,0.032842319596765764
235958,0.46618277346253306
235959,0.9927325118965917
235960,0.7829207212038851
235961,0.0841328782252603
235962,0.7437335527063326
235963,0.984128787706628
235964,0.4143831725153508
235965,0.21099349607537463
235966,0.01859367969421101
235967,0.8854063930261203
235968,0.7031510628530914
235969,0.7907290667708992
235970,0.04269137945923344
235971,0.9144445302948355
235972,0.17294712777416701
235973,0.8028415469432463
235974,0.2718831384276955
235975,0.21584303316501607
235976,0.11210748064957436
235977,0.9889692347548643
235978,0.43355406983878814
235979,0.6725585285040974
235980,0.8451602347048691
235981,0.4338222260602397
235982,0.8961962721740198
235983,0.33819953549888415
235984,0.5554197099367787
235985,0.31458815294903664
235986,0.5197231173387995
235987,0.387903881902182
235988,0.6264720185800448
235989,0.19686757173178926
235990,0.6130960226523832
235991,0.23390494543702647
235992,0.41179705573558884
235993,0.8286481744924348
235994,0.20434413078751573
235995,0.12891042218697307
235996,0.7275987292122116
235997,0.037096458974370625
235998,0.9183668831611529
235999,0.39998000190890864
236000,0.7012466991787147
236001,0.6978833838588135
236002,0.3157653133110021
236003,0.34814404079610584
236004,0.35719317701492126
236005,0.3320273973847951
236006,0.33322728285027337
236007,0.22701014903122882
236008,0.8438876289081497
236009,0.512246558283073
236010,0.47205039518955005
236011,0.8580226432931403
236012,0.7887428927238764
236013,0.6865208321023903
236014,0.7813845042064167
236015,0.3048572636248358
236016,0.2596979379241072
236017,0.6245949250298836
236018,0.04180510042223243
236019,0.9853150381099987
236020,0.3007849250753337
236021,0.4980160984633285
236022,0.36452429540816556
236023,0.9391149026683817
236024,0.04250957863113067
236025,0.5066970880052358
236026,0.5259543407220221
236027,0.6077192631612438
236028,0.3239372605342217
236029,0.8893787411201658
236030,0.774848764436122
236031,0.9518682307597912
236032,0.39419873557524054
236033,0.2220288063412129
236034,0.40422050622440586
236035,0.9943505392667064
236036,0.20693933760868283
236037,0.7260761472768509
236038,0.012339731207475649
236039,0.5332809140945637
236040,0.2978306616186636
236041,0.6561100985814992
236042,0.3691556715040837
236043,0.9688756982288055
236044,0.46701451225110324
236045,0.2648201762559028
236046,0.5464796542148249
236047,0.8476463610291746
236048,0.9692529349471187
236049,0.4732730057585412
236050,0.3889583267051781
236051,0.9564905168143042
236052,0.40541584666918157
236053,0.2744692552074574
236054,0.9767613091477632
236055,0.18889106039878015
236056,0.10723067343571749
236057,0.571690884051977
236058,0.8065411937951378
236059,0.008999140991087213
236060,0.003622381499947732
236061,0.8536094281909454
236062,0.8441739652124115
236063,0.15989837333709056
236064,0.08302389317383341
236065,0.5371759968366656
236066,0.823116884297408
236067,0.9765158780298244
236068,0.41179705573558884
236069,0.991568986596734
236070,0.4997659314338177
236071,0.7523554569791066
236072,0.4092563891628526
236073,0.33862222242422313
236074,0.5652460446957337
236075,0.5437480967725808
236076,0.47611364369764697
236077,0.21127074233823137
236078,0.011735243454033933
236079,0.01805736725130783
236080,0.11797510237659133
236081,0.6565736906931612
236082,0.35915208093772866
236083,0.23652742238240898
236084,0.9241617845569287
236085,0.49251207839251704
236086,0.2783552479081542
236087,0.6001790738156813
236088,0.8710941228337296
236089,0.3551342826366574
236090,0.17238809022775098
236091,0.665809172760782
236092,0.47171860867826254
236093,0.2878270710523086
236094,0.9001913453715782
236095,0.6218224624013162
236096,0.04919075906390754
236097,0.3134109925870712
236098,0.12708332386454022
236099,0.5415074015662142
236100,0.6284990978133906
236101,0.18070547811345283
236102,0.9701937542325505
236103,0.7915517155180642
236104,0.40332968216670223
236105,0.4792678880652301
236106,0.6207362024534021
236107,0.9651896864390218
236108,0.6384481481313148
236109,0.2685970884597379
236110,0.9734025388485644
236111,0.02229787156680499
236112,0.3159380240976998
236113,0.4629149035773858
236114,0.1986401298057913
236115,0.7028919966730449
236116,0.6886751719154082
236117,0.22302416587507556
236118,0.22775098740574765
236119,0.1953904400034542
236120,0.78045277496239
236121,0.979170170120125
236122,0.26282945718817746
236123,0.9611582530758428
236124,0.05158143995345899
236125,0.6860208798251077
236126,0.8809749978411152
236127,0.08319205893982846
236128,0.5006340303880085
236129,0.8166720449411647
236130,0.8247894519159535
236131,0.5271860413324182
236132,0.5909026865617373
236133,0.284372855318356
236134,0.15598056549147582
236135,0.19646306488926057
236136,0.6778080274155649
236137,0.31296103553751686
236138,0.9273796592143477
236139,0.44027615545788806
236140,0.028047322755555153
236141,0.4660646029242663
236142,0.7384022434222188
236143,0.2931447452743147
236144,0.8238213625063062
236145,0.40763381677203536
236146,0.33485894528249577
236147,0.14262274964662466
236148,0.033951304648192675
236149,0.48671717699674116
236150,0.8882652110480364
236151,0.9059226164775182
236152,0.01631207930152122
236153,0.673681148617632
236154,0.4681553124474482
236155,0.8586816712950128
236156,0.4729912144749819
236157,0.007408383745187958
236158,0.30289835970202844
236159,0.7137909563178061
236160,0.2743329045863804
236161,0.9265297403429672
236162,0.0011589802791551714
236163,0.6545557015012203
236164,0.6883752005490384
236165,0.3306229859877012
236166,0.11646161048263574
236167,0.860895096377164
236168,0.5051381459042547
236169,0.14045022975079652
236170,0.28733166379572855
236171,0.9416782943446307
236172,0.6223178696578964
236173,0.6794351448270847
236174,0.6802577935742498
236175,0.16688861517764214
236176,0.7443562205425845
236177,0.6561237336436068
236178,0.425872984851446
236179,0.0031587893882856636
236180,0.8935374350630167
236181,0.06095781766285945
236182,0.6999195531335645
236183,0.7259443416764764
236184,0.03718735938842202
236185,0.680371419091814
236186,0.9232436903750096
236187,0.9020048086319034
236188,0.6555692411178934
236189,0.14022752373637062
236190,0.3412037941832825
236191,0.7078460692388454
236192,0.7201085350943773
236193,0.9396512151112848
236194,0.7793846950972861
236195,0.3224283136609687
236196,0.5882302143886265
236197,0.320673935669777
236198,0.45965157871294104
236199,0.31265197412974216
236200,0.009571813599610946
236201,0.0014634966662273147
236202,0.14696324441757833
236203,0.9431826961971812
236204,0.8620540766563193
236205,0.0301425772994396
236206,0.8981733561796374
236207,0.7821117075188279
236208,0.5755405165870531
236209,0.7836751946405116
236210,0.1558669399739116
236211,0.45642006899341425
236212,0.3034483072070393
236213,0.5552924493571069
236214,0.07929697619772658
236215,0.697678857927198
236216,0.3061162343594475
236217,0.9434144922530123
236218,0.9461914999022821
236219,0.5209275478249804
236220,0.2541757377704855
236221,0.7006831166115962
236222,0.14231368823884993
236223,0.5734225369396557
236224,0.3625926616095736
236225,0.4226005699455961
236226,0.611082578481145
236227,0.9483867449016231
236228,0.26344303498302435
236229,0.03945532471900409
236230,0.5337899564132514
236231,0.38004099608673714
236232,0.880143259052545
236233,0.04897714309088678
236234,0.6560191981674477
236235,0.8979006549374833
236236,0.05928525004431395
236237,0.1877411701610301
236238,0.724967162225424
236239,0.28909513182832547
236240,0.20098081546761445
236241,0.16619322701014902
236242,0.4423623199603674
236243,0.7974057021829735
236244,0.999440962453584
236245,0.4826811986128597
236246,0.10452638611768876
236247,0.022806913885492747
236248,0.1354188918330523
236249,0.5198821930633895
236250,0.01662114070929593
236251,0.497557051372369
236252,0.9842333231827871
236253,0.14829493548343112
236254,0.9067589002867908
236255,0.5398848291753969
236256,0.49886147231400635
236257,0.13303730098490602
236258,0.5146372391726245
236259,0.4620058994368719
236260,0.38742665472841226
236261,0.23614564064339313
236262,0.6181137255080197
236263,0.8493371087305303
236264,0.67912608341931
236265,0.6170274655601057
236266,0.13416446611914318
236267,0.8850109762249968
236268,0.08762345412483354
236269,0.49650715159007547
236270,0.1568713895491794
236271,0.3127792347094141
236272,0.6717449697983375
236273,0.4898259711572986
236274,0.8821748833065935
236275,0.6656591870775971
236276,0.9524272683062072
236277,0.4763863449398012
236278,0.4956117825116693
236279,0.6941155616963836
236280,0.6280400507224311
236281,0.4747728625903891
236282,0.41987355752405453
236283,0.6586825802991534
236284,0.09720435776584962
236285,0.22257875384622378
236286,0.7070416005744906
236287,0.060098808750073854
236288,0.7649451643252235
236289,0.7066552738147722
236290,0.6621640661573214
236291,0.8465010158121271
236292,0.41617845569286566
236293,0.6058830747974057
236294,0.8353657150908322
236295,0.12620158984824176
236296,0.9770385554106199
236297,0.4507706082601206
236298,0.26706087146226953
236299,0.7010058130814786
236300,0.11928406833893128
236301,0.3240781561760014
236302,0.44206689361470036
236303,0.41000631757877654
236304,0.23671831325191686
236305,0.38819476322714647
236306,0.8706259857013648
236307,0.6448838974461529
236308,0.4319905827171043
236309,0.32670063312138387
236310,0.9684484662827639
236311,0.9083496575326901
236312,0.02293417446516469
236313,0.010080855918298706
236314,0.7241217883747461
236315,0.7236945564287046
236316,0.4585244135787038
236317,0.14664509296839848
236318,0.8073865676458157
236319,0.24669463369405648
236320,0.07167497647951786
236321,0.2651565077878929
236322,0.12002490671345008
236323,0.944187145772449
236324,0.10633984937801391
236325,0.3607610182664382
236326,0.9459460687843433
236327,0.5488339749387559
236328,0.6029424464028434
236329,0.519854922939174
236330,0.4785997700219524
236331,0.7752805414028662
236332,0.5796310352193654
236333,0.8922830093491076
236334,0.203180605487658
236335,0.34410806241222425
236336,0.6763354407079325
236337,0.674535612509715
236338,0.5276769035682958
236339,0.24065884620104444
236340,0.2568800250885142
236341,0.7305893528345022
236342,0.030774335177096733
236343,0.15853486712631976
236344,0.03900536766944974
236345,0.787502102072075
236346,0.9942323687284396
236347,0.2747010512632885
236348,0.869094313724599
236349,0.16530240295244547
236350,0.5664050249748888
236351,0.07878338885833625
236352,0.571931770149213
236353,0.9856059194349631
236354,0.8225987519373151
236355,0.1803100613123293
236356,0.09060953272642157
236357,0.25797992009853604
236358,0.7791483540207526
236359,0.4489480549583903
236360,0.14868126224314954
236361,0.857804482299417
236362,0.012221560669208847
236363,0.23030983406129416
236364,0.7622181519036819
236365,0.23510937592320733
236366,0.8933919944005345
236367,0.3726189772794415
236368,0.7418791842596844
236369,0.5289358743029074
236370,0.7665041064262048
236371,0.9667122683743825
236372,0.48682625749360287
236373,0.6040468864335677
236374,0.19137264170238297
236375,0.7302939264888352
236376,0.3151744606196681
236377,0.9181669022502398
236378,0.981447225492112
236379,0.8917921471132301
236380,0.9914280909549543
236381,0.8586725812536076
236382,0.2554665236500152
236383,0.7283213875039201
236384,0.9530817512873772
236385,0.7706264402034352
236386,0.8542866362756283
236387,0.8640629758068549
236388,0.747169588357475
236389,0.21346598733757233
236390,0.9121856550056585
236391,0.8878516141641026
236392,0.1022402407042964
236393,0.5751769149308475
236394,0.7837888201580758
236395,0.5059607946514196
236396,0.6209907236127461
236397,0.16466610005408575
236398,0.9972684425577559
236399,0.11132573708873243
236400,0.1876184546020607
236401,0.15975293267460833
236402,0.6559419328155041
236403,0.4953163561660023
236404,0.34375809581812644
236405,0.25409847241854183
236406,0.07105685366396844
236407,0.4775816853845769
236408,0.13443262234059478
236409,0.667190859054363
236410,0.5018657309984048
236411,0.31550624713095565
236412,0.21293421991537173
236413,0.7409792701605755
236414,0.3484121970175574
236415,0.1373596156730494
236416,0.8019643579476505
236417,0.5331218383699737
236418,0.8732030124397218
236419,0.8999050090673163
236420,0.13032846864617467
236421,0.4777134909849514
236422,0.5376032287827072
236423,0.28949963867085415
236424,0.7657996282173065
236425,0.9555996927566005
236426,0.673817499238709
236427,0.7133864494752774
236428,0.7793801500765837
236429,0.3901491221292513
236430,0.6789988228396381
236431,0.5097649769794702
236432,0.37320528495007294
236433,0.15563514391808056
236434,0.940019361788193
236435,0.8272164929711255
236436,0.996454883851996
236437,0.8797342071893137
236438,0.8028097317983284
236439,0.6282718467782622
236440,0.531821962449039
236441,0.3324546293308366
236442,0.6716495243635835
236443,0.7124047250035224
236444,0.17824662191336282
236445,0.9380877279896009
236446,0.40828829975320535
236447,0.11830234386717631
236448,0.16133914489980503
236449,0.9216847482740285
236450,0.9441189704619105
236451,0.7019239072633976
236452,0.23923625472114027
236453,0.6181500856736403
236454,0.9206621186159503
236455,0.3327909608628267
236456,0.32838683580203704
236457,0.5371850868780708
236458,0.30351648251757785
236459,0.5712318369610174
236460,0.473422991441726
236461,0.28610450820603484
236462,0.6468700714931757
236463,0.30984315133555435
236464,0.5773994300544039
236465,0.9304839083542026
236466,0.0886506288036142
236467,0.3817135637052827
236468,0.7116002563391677
236469,0.8909558633039574
236470,0.9898418787297576
236471,0.7798982824366765
236472,0.2119888556092373
236473,0.3184741456497334
236474,0.6863799364606106
236475,0.7150272019489049
236476,0.7853841224246777
236477,0.5887165316038014
236478,0.2739874830129851
236479,0.8154494343721735
236480,0.08711895682684834
236481,0.8240395235000295
236482,0.5550152030942501
236483,0.43142245512928307
236484,0.2539893919216802
236485,0.6278855200185437
236486,0.4024979433781321
236487,0.07996963926170683
236488,0.46855527426927424
236489,0.15116738856745493
236490,0.8937010558083093
236491,0.833088659718845
236492,0.36665591011767057
236493,0.8038869017048373
236494,0.4033251371459997
236495,0.3030028951781875
236496,0.9508910513087387
236497,0.051885956340531135
236498,0.09370923684557383
236499,0.7328664082064894
236500,0.3462714922666472
236501,0.4818903650106126
236502,0.5647415473977484
236503,0.29460824194054197
236504,0.8361929088586999
236505,0.6420705296312624
236506,0.9221892455720135
236507,0.5901118529594902
236508,0.3710600351784602
236509,0.7590048222669654
236510,0.9941778284800087
236511,0.3435762949900236
236512,0.9588493825589376
236513,0.4381399957276805
236514,0.9694665509201394
236515,0.8197172088118861
236516,0.30414824039523497
236517,0.3452443175878666
236518,0.39799382786188586
236519,0.925752541802828
236520,0.10044495752678154
236521,0.5225001249880694
236522,0.25478022552392726
236523,0.28048231759695663
236524,0.9438144540748383
236525,0.440171619981729
236526,0.7578822021534308
236527,0.7871566804986797
236528,0.19657669040682482
236529,0.8307070688706988
236530,0.8450011589802792
236531,0.46000154530703885
236532,0.5701546670545085
236533,0.4124833538616768
236534,0.5964339767567641
236535,0.8399880011453452
236536,0.87981601756196
236537,0.6854572972579891
236538,0.45175687775257817
236539,0.16379345607919246
236540,0.15569422918721396
236541,0.74242004172329
236542,0.8389471914044568
236543,0.6208725530744792
236544,0.6966653183105249
236545,0.4170556446884615
236546,0.6731175660505134
236547,0.04465937342344595
236548,0.00714022752373637
236549,0.17689220574399717
236550,0.8966189590993587
236551,0.9509455915571695
236552,0.16474336540602944
236553,0.3498575136009744
236554,0.647942696378982
236555,0.49991591711700245
236556,0.1584712368364838
236557,0.17159271160480136
236558,0.7896246267401749
236559,0.05496748037687312
236560,0.4757000468137132
236561,0.8380336422432405
236562,0.3954577063098522
236563,0.6906795260452412
236564,0.7147772258102636
236565,0.3966439567132228
236566,0.392494352811777
236567,0.7808663718463238
236568,0.28090500452229555
236569,0.3132201017175633
236570,0.31864685643643104
236571,0.5405893073842951
236572,0.8563273505710819
236573,0.7445971066398208
236574,0.8086000881734017
236575,0.3474486526286127
236576,0.41531490175937746
236577,0.788683807454743
236578,0.9102131160207435
236579,0.954349812063394
236580,0.2808095590875416
236581,0.4761227337390522
236582,0.7629089950504725
236583,0.6551056490062312
236584,0.5659141627390113
236585,0.928475009203667
236586,0.6808122860999632
236587,0.24807177496693497
236588,0.3526117961467314
236589,0.87243944896169
236590,0.4002890633166834
236591,0.4536566964062521
236592,0.986251312374728
236593,0.6522241058808024
236594,0.9405602192517988
236595,0.1303421037082824
236596,0.10786697633407719
236597,0.3365951431908772
236598,0.644070338740393
236599,0.08151494630058038
236600,0.15444889351470997
236601,0.4308270574172465
236602,0.6332031942405498
236603,0.20491680339603946
236604,0.8077728944055341
236605,0.7128592270737794
236606,0.09653623972257193
236607,0.3753505347216856
236608,0.1262697651587803
236609,0.5589602810640802
236610,0.47383204330495726
236611,0.6578144813449626
236612,0.4369719254071202
236613,0.5828898150631077
236614,0.8056230996132188
236615,0.14185464114789043
236616,0.3906308943237236
236617,0.5649415283086615
236618,0.4348175855941024
236619,0.26430204389580997
236620,0.5387031237927289
236621,0.46046513741870093
236622,0.5439480776834938
236623,0.6325032610523541
236624,0.3687647997236627
236625,0.2447357297712491
236626,0.9234209461824099
236627,0.8930783879720573
236628,0.8858563500756745
236629,0.4146922339231255
236630,0.8945009794519614
236631,0.6117234264002073
236632,0.32351457360888275
236633,0.1745060698751483
236634,0.6585825898436968
236635,0.8166311397548416
236636,0.997836570145577
236637,0.5431981492675699
236638,0.10664436576508605
236639,0.09899964094336448
236640,0.7604774089745979
236641,0.16353438989914598
236642,0.922248330841147
236643,0.09049590720885733
236644,0.531821962449039
236645,0.9570495543607201
236646,0.11960221978811113
236647,0.9514819040000728
236648,0.33807227491921227
236649,0.3375268724349039
236650,0.9348607632907768
236651,0.4699733207284759
236652,0.9276887206221225
236653,0.10381736288808795
236654,0.25062153158107636
236655,0.09507274305634461
236656,0.6315760768290299
236657,0.16876570872780325
236658,0.08818703669195213
236659,0.1734243549479368
236660,0.3045709273205739
236661,0.08022416042105071
236662,0.16136187000331786
236663,0.8486508106044424
236664,0.01083987437562778
236665,0.8565227864612923
236666,0.8849428009144582
236667,0.6697815208548275
236668,0.08633721326600642
236669,0.935692502079347
236670,0.07050690615895755
236671,0.9566859527045146
236672,0.4765272405815808
236673,0.6125051699610492
236674,0.45876984469664256
236675,0.7915562605387667
236676,0.5861849550724704
236677,0.4230096218088273
236678,0.5146645092968398
236679,0.8209443644015798
236680,0.15334445348398562
236681,0.7534189918235078
236682,0.5527108775980475
236683,0.10569900145895164
236684,0.992982488035233
236685,0.26829711709336834
236686,0.8897377977556687
236687,0.7422291508537822
236688,0.08543275414619514
236689,0.6213316001654388
236690,0.5073515709864059
236691,0.8394244185782266
236692,0.8710804877716218
236693,0.6486698996913931
236694,0.19769476549965687
236695,0.582094436440158
236696,0.7825571195476796
236697,0.6894341903727372
236698,0.6469564268865245
236699,0.4839310793060662
236700,0.1625390303652833
236701,0.507487921607483
236702,0.4449029865331036
236703,0.11376186818530958
236704,0.8341385595011386
236705,0.9569041136982379
236706,0.9940142077347163
236707,0.34217188359292977
236708,0.11349825698456056
236709,0.12276555419709936
236710,0.1878866108235123
236711,0.36372891678521596
236712,0.2805913980938183
236713,0.7306575281450407
236714,0.41733289095131826
236715,0.620854372991669
236716,0.9996636684680099
236717,0.9436326532467356
236718,0.9952504533658151
236719,0.6242767735807037
236720,0.4760591034492162
236721,0.3393585157780393
236722,0.07328845882892997
236723,0.14623604110516722
236724,0.7420291699428692
236725,0.5801037173724326
236726,0.5919662214061385
236727,0.7380568218488235
236728,0.3716417978283891
236729,0.15255816490244112
236730,0.09664077519873103
236731,0.7785347762259057
236732,0.2550892869317019
236733,0.536012471536808
236734,0.8472418541866458
236735,0.40048904422759646
236736,0.24515387167588548
236737,0.37183723371859956
236738,0.7152317278805206
236739,0.5881074988296573
236740,0.2447220947091414
236741,0.8762118161448226
236742,0.8045913799137355
236743,0.5584694188282028
236744,0.5432572345367034
236745,0.2949763886174501
236746,0.41138345885165506
236747,0.8232532349184851
236748,0.7519645851986856
236749,0.4638329977593048
236750,0.9580812740602034
236751,0.4190190936319715
236752,0.9888101590302744
236753,0.40102535667049966
236754,0.21856095554515254
236755,0.3830861599574586
236756,0.9349880238704488
236757,0.4531249289840515
236758,0.4290863144881625
236759,0.21931088396107645
236760,0.43323137336890566
236761,0.5387849341653751
236762,0.8955236091100396
236763,0.01883911081214975
236764,0.5605919434963027
236765,0.6179182896178093
236766,0.152549074861036
236767,0.8268801614391353
236768,0.09173669786065874
236769,0.4983842451402366
236770,0.05422664200235432
236771,0.46750991950768334
236772,0.8372564437031011
236773,0.617277441698747
236774,0.11151208293753777
236775,0.3730189391012676
236776,0.9848059957913109
236777,0.28221397048463553
236778,0.8403697828843611
236779,0.02690197753850769
236780,0.3187150317469696
236781,0.636925566195954
236782,0.12124751728244121
236783,0.10341285604555928
236784,0.027901882093072938
236785,0.936019743569932
236786,0.9118993187013967
236787,0.04524568109407739
236788,0.5395303175605966
236789,0.30360738293162925
236790,0.572322641929634
236791,0.8009190031860596
236792,0.5280495952659064
236793,0.5140963817090187
236794,0.23235509337745036
236795,0.010735338899468686
236796,0.19459051635980204
236797,0.4592788870153304
236798,0.7971966312306553
236799,0.17890110489453281
236800,0.7694401898000646
236801,0.21252062303143793
236802,0.39931642888633356
236803,0.9889555996927566
236804,0.7155044291226746
236805,0.10802150703796455
236806,0.5789583721553851
236807,0.3702101163070798
236808,0.8242167793074298
236809,0.16793851495993564
236810,0.746410569900146
236811,0.6437976374982388
236812,0.7039100813104204
236813,0.9123401857095459
236814,0.9813881402229787
236815,0.6246221951540989
236816,0.766585916798851
236817,0.2609932688243395
236818,0.775048745347035
236819,0.790710886688089
236820,0.8787252125933434
236821,0.766163229873512
236822,0.19358606678453422
236823,0.241349689347835
236824,0.2953081751287377
236825,0.59009367287668
236826,0.6267083596565783
236827,0.7650269746978698
236828,0.965630553447171
236829,0.7106321669295204
236830,0.9679712391089942
236831,0.8179855559242073
236832,0.1585894073747506
236833,0.5948704896350803
236834,0.5518882288508825
236835,0.8357202267056326
236836,0.009926325214411351
236837,0.413610518995914
236838,0.7687038964462483
236839,0.8667627181041809
236840,0.30353466260038814
236841,0.6946427840978816
236842,0.9943050890596806
236843,0.4211325282586662
236844,0.46804168692988396
236845,0.12664700187709355
236846,0.735561605483113
236847,0.31918771390003675
236848,0.9074315633507711
236849,0.5128010508087865
236850,0.0495952659064362
236851,0.14494525522563756
236852,0.5826489289658715
236853,0.9170306470745975
236854,0.6802487035328446
236855,0.3532208289208757
236856,0.772358093091114
236857,0.7674449257116366
236858,0.8105408120133988
236859,0.6632685061880457
236860,0.7192677062644021
236861,0.4866126415205821
236862,0.08575545061607756
236863,0.856072829411738
236864,0.1049490730430277
236865,0.5882756645956522
236866,0.2691152208198308
236867,0.0724839901645752
236868,0.694670054222097
236869,0.24994432349639353
236870,0.8422014262274965
236871,0.9003686011789783
236872,0.4499252344094427
236873,0.7297348889424192
236874,0.6683634743956259
236875,0.03343317228809977
236876,0.7859704300953091
236877,0.3113884583744279
236878,0.7201676203635108
236879,0.2938537685039155
236880,0.0033724053613064207
236881,0.675717317892383
236882,0.5731634707596094
236883,0.18214624967616727
236884,0.16430704341858277
236885,0.5236727403293322
236886,0.4023343226328396
236887,0.06505288131587439
236888,0.28503642834093107
236889,0.8362292690243204
236890,0.5017793756050559
236891,0.9026274764681553
236892,0.04063703010167211
236893,0.6010517177905745
236894,0.3984074247458197
236895,0.4821994264183873
236896,0.047063689375105106
236897,0.8403697828843611
236898,0.17661041446043788
236899,0.7813526890614987
236900,0.9599856377345799
236901,0.8209625444843902
236902,0.15056290081401322
236903,0.14123197331163845
236904,0.4891533080933183
236905,0.9782657110003137
236906,0.3429945323400948
236907,0.446830075310993
236908,0.12666063693920127
236909,0.9716390708159676
236910,0.20163984346948702
236911,0.8087182587116685
236912,0.29438099090541353
236913,0.42254602969716526
236914,0.24180873643879447
236915,0.3772639884374673
236916,0.48132223742279145
236917,0.9152717240627032
236918,0.5099649578903833
236919,0.33898582408042865
236920,0.44033069570631894
236921,0.017784666009153675
236922,0.3146108780525495
236923,0.05385395030474364
236924,0.49021684293771955
236925,0.8331295649051682
236926,0.7611137118729575
236927,0.5932751873684785
236928,0.9890737702310235
236929,0.023775003295140013
236930,0.5756450520632123
236931,0.3877857113639152
236932,0.35802946082419407
236933,0.6099417782848001
236934,0.9123038255439254
236935,0.3086841710563991
236936,0.060735111648433565
236937,0.604096881661296
236938,0.9371605437662769
236939,0.47613636880115984
236940,0.21399775475977292
236941,0.9066452747692265
236942,0.3719781293603792
236943,0.07294303725553469
236944,0.23741370141940996
236945,0.5317946923248236
236946,0.5171597256625505
236947,0.5883574749682986
236948,0.8683943805364034
236949,0.07974238822657836
236950,0.7792756146004245
236951,0.5670867780802742
236952,0.22948264029342652
236953,0.467323573658878
236954,0.3557978556592325
236955,0.6233814045022975
236956,0.5268678898832384
236957,0.38726303398311973
236958,0.4637511873866585
236959,0.3245417482876634
236960,0.5646960971907227
236961,0.7871021402502488
236962,0.5173506165320583
236963,0.5879620581671751
236964,0.23966803168788434
236965,0.6188363837997283
236966,0.2113525527108776
236967,0.37503692829320834
236968,0.5729180396416707
236969,0.8517141545579741
236970,0.20309879511501178
236971,0.8813976847664542
236972,0.21131619254525705
236973,0.2731602892451175
236974,0.9215983928806796
236975,0.708050595170461
236976,0.8427695538153177
236977,0.9517546052422269
236978,0.4603469668804341
236979,0.7076233632244195
236980,0.692211198022007
236981,0.5277541689202395
236982,0.7567323119156808
236983,0.8959372059939733
236984,0.9330200299062362
236985,0.4704460028815431
236986,0.3377859386149504
236987,0.3449852514078201
236988,0.050858781661750466
236989,0.1140981997172997
236990,0.11185295949023047
236991,0.43227237400066354
236992,0.6189545543379951
236993,0.18760027451925043
236994,0.617372887133501
236995,0.8540412051576894
236996,0.961926361574577
236997,0.005199503683739279
236998,0.027738261347780443
236999,0.36963744369855606
237000,0.39428963598929195
237001,0.857813572340822
237002,0.5686411751605528
237003,0.9281932179201077
237004,0.4134559882920267
237005,0.9604901350325651
237006,0.6798896468973415
237007,0.5035837488239759
237008,0.9257707218856381
237009,0.5091377641225157
237010,0.4104562746283309
237011,0.46805986701269425
237012,0.8420968907513374
237013,0.0773380722749192
237014,0.5882302143886265
237015,0.148908513278278
237016,0.24720367601274426
237017,0.6879752387272124
237018,0.17779666486380846
237019,0.9790883597474787
237020,0.03160607396566691
237021,0.44115788947418655
237022,0.8932101935724318
237023,0.03410583535208003
237024,0.8130451184205144
237025,0.7771258198081092
237026,0.5268178946555102
237027,0.25644370310106757
237028,0.6730539357606774
237029,0.30737975011476176
237030,0.26765626917430607
237031,0.4752546347848614
237032,0.00629485367305848
237033,0.13046936428795433
237034,0.06382118070547811
237035,0.19192258920739386
237036,0.7389249208030143
237037,0.9337381431772422
237038,0.15041291513082844
237039,0.48725348943964436
237040,0.15181278150721977
237041,0.3581839915280814
237042,0.6659182532576435
237043,0.912899223255962
237044,0.19877193540616578
237045,0.48956690497725214
237046,0.22200153621699747
237047,0.9115448070865964
237048,0.8865744633466806
237049,0.07014330450275201
237050,0.7169133855404711
237051,0.6963744369855605
237052,0.11811599801837096
237053,0.973893401084442
237054,0.47150499270524177
237055,0.17244263047618183
237056,0.45054790224569474
237057,0.6627049236209271
237058,0.9027638270892324
237059,0.19783111612073395
237060,0.5617736488789706
237061,0.8201762559028456
237062,0.08996413978665671
237063,0.6549692983851542
237064,0.47525008976415883
237065,0.5171142754555248
237066,0.4586380390962681
237067,0.6891433090477728
237068,0.5319128628630904
237069,0.7911290285927253
237070,0.24365401484403762
237071,0.23155516973379814
237072,0.13222374227914607
237073,0.06768899332336459
237074,0.1427045600192709
237075,0.8354566155048836
237076,0.7174496979833744
237077,0.9559587493921036
237078,0.72306734357175
237079,0.9979092904768181
237080,0.670663254871126
237081,0.44369401102622025
237082,0.3061571395457706
237083,0.06824348584907804
237084,0.01565305129964867
237085,0.3700328604996796
237086,0.720935728862245
237087,0.27595093195649506
237088,0.9200303607382933
237089,0.40174346994150556
237090,0.6947700446775535
237091,0.9331881956722313
237092,0.6333349998409242
237093,0.1362506306216225
237094,0.9739070361465497
237095,0.8942328232305099
237096,0.23590475454615698
237097,0.30425732089209667
237098,0.9849559814744956
237099,0.6777080369601084
237100,0.050840601578940194
237101,0.5061698656037379
237102,0.3970166484108335
237103,0.28834520341240155
237104,0.5420800741747379
237105,0.1106348939419419
237106,0.8207080233250462
237107,0.11437544598015643
237108,0.641179705573559
237109,0.1993309729525818
237110,0.9718981369960141
237111,0.9316519786747628
237112,0.7328891333100023
237113,0.3169333836315624
237114,0.7950422914176374
237115,0.5591420818921831
237116,0.9975365987792075
237117,0.3800682662109526
237118,0.2841456042832275
237119,0.42304598197444787
237120,0.9749160307425201
237121,0.12116570690979497
237122,0.29327200585398666
237123,0.16936110643983984
237124,0.5014248639902555
237125,0.2415542152794506
237126,0.9986773989755523
237127,0.8891469450643348
237128,0.4280455047472741
237129,0.46330577535780676
237130,0.8963962530849329
237131,0.5560287427109231
237132,0.2700924002708832
237133,0.3939760295608146
237134,0.940082992078029
237135,0.0007181132710059494
237136,0.0859690665890983
237137,0.94507342480945
237138,0.7854068475281906
237139,0.3662423132337368
237140,0.554351630071675
237141,0.642465946432386
237142,0.849773430717977
237143,0.7621999718208716
237144,0.8954827039237164
237145,0.04504570018316433
237146,0.3413310547629544
237147,0.8759800200889916
237148,0.7421700655846487
237149,0.7360297426154776
237150,0.07263397584775999
237151,0.820658028097318
237152,0.9057044554837947
237153,0.6388072047668177
237154,0.5853032210561719
237155,0.894800950818331
237156,0.14851309647715447
237157,0.5127101503947351
237158,0.9740206616641139
237159,0.8566909522272874
237160,0.41212884224687646
237161,0.5079469686984424
237162,0.98851927770531
237163,0.5312038396334895
237164,0.633285004613196
237165,0.14158193990573628
237166,0.9689893237463697
237167,0.9609037319164989
237168,0.010412642429586267
237169,0.8121770194663237
237170,0.7509101403956896
237171,0.5540152985396848
237172,0.792756146004245
237173,0.08942328232305097
237174,0.02897450697887929
237175,0.7527008785525019
237176,0.19686757173178926
237177,0.49022138795842213
237178,0.04007344753455352
237179,0.2957990373646152
237180,0.5352261829552634
237181,0.7520691206748447
237182,0.2264374764227051
237183,0.050972407179314706
237184,0.4373400720840283
237185,0.7042236877388977
237186,0.9112266556374164
237187,0.16206180319151356
237188,0.15801673476622685
237189,0.7101867549006686
237190,0.11934769862876725
237191,0.5221319783111612
237192,0.1434453983937897
237193,0.5058380790924503
237194,0.8659173442535032
237195,0.4904213688693352
237196,0.012830593443353133
237197,0.5429754432531441
237198,0.8549365742360956
237199,0.5296858027188314
237200,0.24110425822989623
237201,0.8230577990282746
237202,0.24535385258679854
237203,0.8050867871703157
237204,0.21840642484126516
237205,0.19629035410256296
237206,0.7478831566077784
237207,0.7263624835811128
237208,0.6470564173419809
237209,0.8147358661218702
237210,0.21010267201767105
237211,0.23408220124442666
237212,0.5112330186664
237213,0.45458842565027885
237214,0.33028665445571104
237215,0.6935110739429419
237216,0.0355011567077688
237217,0.9665804627740079
237218,0.7572640793378814
237219,0.1986401298057913
237220,0.5840760654664783
237221,0.3378950191118121
237222,0.5827034692143024
237223,0.09663623017802844
237224,0.25888892423904986
237225,0.8493098386063149
237226,0.13973666150049316
237227,0.46877343526299764
237228,0.5464342040077993
237229,0.3781275423709555
237230,0.7279896009926325
237231,0.6502242967716718
237232,0.527358752119116
237233,0.5198821930633895
237234,0.23679557860386055
237235,0.6055240181619028
237236,0.8424104971798148
237237,0.12804232323278233
237238,0.28371382731648337
237239,0.5304630012589708
237240,0.0020816194817767394
237241,0.1994809586357666
237242,0.27562369046591007
237243,0.27862794915030836
237244,0.9223346862344958
237245,0.9289658714395443
237246,0.42841819644488477
237247,0.7401702564755183
237248,0.3753505347216856
237249,0.833206830257112
237250,0.8690534085382758
237251,0.033978574772408086
237252,0.11734788951963676
237253,0.37128274119288607
237254,0.993182468946146
237255,0.3201376232268738
237256,0.030315288086137232
237257,0.3461124165420573
237258,0.22095163643470397
237259,0.1839778930193027
237260,0.34866671817690126
237261,0.8402834274910123
237262,0.8336613323273688
237263,0.4927575095104558
237264,0.04200962635384804
237265,0.40022997804754995
237266,0.8933874493798319
237267,0.9518500506769808
237268,0.6865708273301185
237269,0.2055031110666709
237270,0.7698446966425933
237271,0.2587207584730548
237272,0.7946059694301908
237273,0.683125701637571
237274,0.15565332400089082
237275,0.2609160034723958
237276,0.5193140654755684
237277,0.7153362633566797
237278,0.5238045459297067
237279,0.8533094568245759
237280,0.36368346657819023
237281,0.3779684666463656
237282,0.17816935656141913
237283,0.796555783311593
237284,0.25864803814181375
237285,0.8177764849718892
237286,0.5717317892383
237287,0.3972711695701774
237288,0.7636407433835861
237289,0.8633175924116334
237290,0.15978929284022889
237291,0.7873248462646748
237292,0.04028706350757428
237293,0.7258216261175069
237294,0.840201617118366
237295,0.9305748087682539
237296,0.22066530013044208
237297,0.039787111230291654
237298,0.6341031083396584
237299,0.5640643393130655
237300,0.5995200458138087
237301,0.4466664545657005
237302,0.046850073402084344
237303,0.05423118702305689
237304,0.8865199230982498
237305,0.9020320787561188
237306,0.9105903527390568
237307,0.8522413769594721
237308,0.4733548161311874
237309,0.9872194017843752
237310,0.2879952368183037
237311,0.3201148981233609
237312,0.3561523672740329
237313,0.9454370264656555
237314,0.25888892423904986
237315,0.42110525813445077
237316,0.8336340622031534
237317,0.8276664500206798
237318,0.9034001299875921
237319,0.0685298221533399
237320,0.49897509783157057
237321,0.14569972866226405
237322,0.9263024893078388
237323,0.2515078106180773
237324,0.4533612700605851
237325,0.7037873657514511
237326,0.2775416892023943
237327,0.6112552892678427
237328,0.5126101599392786
237329,0.8326114325450753
237330,0.691029492639339
237331,0.9816108462374047
237332,0.5531335645233865
237333,0.4294408261029629
237334,0.7324573563432581
237335,0.28423195967657633
237336,0.9311293012939674
237337,0.628589998227442
237338,0.5795855850123397
237339,0.6234359447507284
237340,0.3451306920703024
237341,0.5152144568018507
237342,0.5940023906808896
237343,0.5359624763090796
237344,0.9466414569518364
237345,0.8038914467255398
237346,0.06779352879952368
237347,0.019657214538612227
237348,0.48483099340517494
237349,0.46177410338104086
237350,0.36784216052104113
237351,0.11562987169406556
237352,0.8545684275591876
237353,0.22262874907395205
237354,0.2669063407583821
237355,0.4439621672476718
237356,0.3510483090250476
237357,0.09434099472323096
237358,0.8109998591043582
237359,0.27161498220624397
237360,0.9653714872671245
237361,0.6266492743874448
237362,0.2600479045182051
237363,0.7045872893951032
237364,0.8853518527776895
237365,0.9763386222224243
237366,0.7699901373050755
237367,0.35783402493398353
237368,0.30223024165875073
237369,0.2645111148481281
237370,0.9877738943100887
237371,0.7125774357902201
237372,0.6811258925284406
237373,0.14428168220306242
237374,0.22498306979788293
237375,0.20927547824980341
237376,0.9253525799810018
237377,0.7536826030242568
237378,0.9896464428395472
237379,0.8438603587839343
237380,0.9251435090286837
237381,0.341662841274242
237382,0.7837433699510502
237383,0.6167365842351412
237384,0.9924734457165453
237385,0.6083237509146855
237386,0.5011794328723167
237387,0.08457829025411209
237388,0.20549856604596836
237389,0.07717445152962672
237390,0.21211611618890924
237391,0.26218860926911525
237392,0.9905599920007636
237393,0.4796951200112716
237394,0.5880120533949033
237395,0.9694074656510061
237396,0.4555974202462492
237397,0.7817481058626222
237398,0.2730693888310661
237399,0.35615691229473545
237400,0.7961967266760901
237401,0.5353125383486123
237402,0.12347912244740274
237403,0.6884706459837925
237404,0.7434199462778553
237405,0.1331282013989574
237406,0.13104658191718066
237407,0.1514809949959322
237408,0.8022052440448866
237409,0.03634198553774413
237410,0.6301671204112336
237411,0.8299207802891542
237412,0.728544093518346
237413,0.790983587930243
237414,0.9437053735779767
237415,0.3887628908149676
237416,0.6604824084973707
237417,0.49747069597902016
237418,0.13736870571445453
237419,0.07718354157103186
237420,0.5257498147904064
237421,0.24738547684084702
237422,0.9865921889274206
237423,0.9899873193922398
237424,0.5225819353607156
237425,0.4265774630603442
237426,0.8248576272264921
237427,0.9647488194308725
237428,0.23525481658568956
237429,0.35928843155880574
237430,0.4141059262524941
237431,0.39503956440521587
237432,0.3658605314947209
237433,0.4115288995141373
237434,0.2743874448348112
237435,0.5510746701451226
237436,0.2512032942310052
237437,0.13834134014480437
237438,0.13687784347857704
237439,0.8921284786452203
237440,0.6666545466114598
237441,0.17401975265997335
237442,0.8533867221765196
237443,0.4910531267469923
237444,0.17054735684321043
237445,0.17489694165556924
237446,0.11379368333022756
237447,0.6604778634766681
237448,0.7281259516137096
237449,0.9350516541602848
237450,0.42998168356656863
237451,0.43937624135877934
237452,0.22209698165175143
237453,0.12319733116384345
237454,0.9513910035860214
237455,0.9257116366165048
237456,0.7528826793806046
237457,0.5912935583421584
237458,0.17070643256780035
237459,0.3281141345598829
237460,0.3159289340562946
237461,0.8117316074374719
237462,0.851545988791979
237463,0.37662768553910764
237464,0.21773830679798747
237465,0.49965685093695594
237466,0.1930861145072516
237467,0.9584766908613269
237468,0.5301584848718986
237469,0.2173974302452948
237470,0.9741706473472986
237471,0.8356384163329864
237472,0.7886474472891225
237473,0.021925179869194306
237474,0.13060571490903142
237475,0.9073406629367198
237476,0.6826530194845037
237477,0.8862335867939879
237478,0.3882038532685516
237479,0.8320069447916336
237480,0.15647597274805589
237481,0.17730125760722842
237482,0.31532899132355546
237483,0.9509774067020875
237484,0.2952854500252248
237485,0.6145277041736925
237486,0.2512214743138155
237487,0.8987051236018381
237488,0.6853436717404249
237489,0.8131814690415915
237490,0.9007367478558865
237491,0.5411847050963318
237492,0.588162039078088
237493,0.8034960299244163
237494,0.28662718558683037
237495,0.32468264392944307
237496,0.05293131110212207
237497,0.35436617413792315
237498,0.994755046109235
237499,0.4731457451788693
237500,0.8251257834479436
237501,0.4706232586889433
237502,0.02501579394694143
237503,0.1539262161339145
237504,0.4757454970207389
237505,0.1635752950854691
237506,0.6411433454079384
237507,0.46844164875171
237508,0.4340858372609887
237509,0.7053008576454066
237510,0.9477277168997504
237511,0.7075642779552861
237512,0.288277028101863
237513,0.8000372691697611
237514,0.9785429572631703
237515,0.6273673876584508
237516,0.652469536998741
237517,0.501693020211707
237518,0.6226360211070762
237519,0.8023961349143945
237520,0.8810022679653307
237521,0.9721662932174656
237522,0.10637620954363447
237523,0.5425345762449948
237524,0.06825257589048318
237525,0.08328750437458242
237526,0.4854991114484526
237527,0.33914489980501855
237528,0.08151040127987783
237529,0.3686466291853959
237530,0.47450470636893743
237531,0.31585621372505346
237532,0.47828161857277257
237533,0.9880647756350531
237534,0.1815508519641307
237535,0.7266624549474824
237536,0.2017761940905641
237537,0.5303039255343809
237538,0.6140777471241382
237539,0.18964553383540664
237540,0.752191836233814
237541,0.9046500106807986
237542,0.8597815663050346
237543,0.515191731698338
237544,0.13151017402884269
237545,0.8186900341331055
237546,0.6452020488953327
237547,0.49446643729462186
237548,0.11242108707805164
237549,0.012653337635952932
237550,0.4403761459133446
237551,0.4998386517650588
237552,0.5836897387067599
237553,0.08323296412615158
237554,0.47170951863685734
237555,0.2846137414155921
237556,0.2603342408224669
237557,0.6955381531762878
237558,0.31991037219174534
237559,0.7913608246485563
237560,0.5701273969302931
237561,0.9534362629021775
237562,0.9362424495843579
237563,0.31327009694529157
237564,0.5668731621072534
237565,0.19016821121620212
237566,0.16672499443234964
237567,0.6928429558996642
237568,0.42572754418896375
237569,0.9735525245317493
237570,0.44948891242199607
237571,0.840760654664782
237572,0.059562496307170684
237573,0.6408433740415688
237574,0.8304798178355703
237575,0.07686993514255458
237576,0.5539880284154695
237577,0.675940023906809
237578,0.8155630598897378
237579,0.7755123374586971
237580,0.49915235363897076
237581,0.4295817217447425
237582,0.506569827425564
237583,0.6136550601987992
237584,0.10658982551665523
237585,0.3631880593216102
237586,0.18047822707832434
237587,0.735952477263534
237588,0.01337599592766145
237589,0.8309797701128528
237590,0.9869876057285442
237591,0.737070552356366
237592,0.05499020548038597
237593,0.6533830861599575
237594,0.49560723749096675
237595,0.1405865803718736
237596,0.7325573467987146
237597,0.16075283722917358
237598,0.5961840006181228
237599,0.993732416451157
237600,0.3844496661682294
237601,0.5750541993718781
237602,0.7332754600697206
237603,0.3116793396993923
237604,0.8047504556383255
237605,0.24746728721349326
237606,0.09223210511723881
237607,0.9113811863413038
237608,0.007776530422096072
237609,0.1891183114339086
237610,0.036305625372123576
237611,0.2861590484544657
237612,0.5733725417119275
237613,0.202262511305739
237614,0.43533117293349266
237615,0.2618204625922071
237616,0.30076219997182085
237617,0.0654073929306748
237618,0.34551701883002073
237619,0.6715404438667218
237620,0.36139277614409526
237621,0.9971002767917608
237622,0.24408124679007911
237623,0.7716354347994056
237624,0.5049427100140441
237625,0.8318524140877462
237626,0.27965057880838645
237627,0.7176178637493693
237628,0.7141136527876885
237629,0.5150281109530453
237630,0.9037819117266079
237631,0.9110721249335291
237632,0.28798160175619597
237633,0.7908699624126788
237634,0.03431036128369565
237635,0.11453452170474636
237636,0.9383513391903501
237637,0.06842983169788337
237638,0.4122606478472509
237639,0.17523781820826193
237640,0.8076183637016466
237641,0.5767994873216648
237642,0.5525927070597807
237643,0.2020716204362311
237644,0.5490203207875612
237645,0.15778039368969327
237646,0.10517177905745359
237647,0.3865494657328164
237648,0.5340399325518927
237649,0.47665450116125274
237650,0.42063712100208617
237651,0.5827216492971126
237652,0.8014325905254499
237653,0.6437612773326183
237654,0.2739647579094722
237655,0.7091323100976725
237656,0.22550574717867838
237657,0.5637507328845883
237658,0.5721453861222339
237659,0.8636402888815159
237660,0.3717281532217379
237661,0.03000168165765995
237662,0.40032542348230393
237663,0.9927006967516737
237664,0.8529504001890729
237665,0.7635816581144527
237666,0.1341917362433586
237667,0.7039691665795539
237668,0.18137814117743306
237669,0.6081101349416647
237670,0.4221733379995546
237671,0.536012471536808
237672,0.9434644874807405
237673,0.5965248771708155
237674,0.5429572631703338
237675,0.04468664354766136
237676,0.4551383731552897
237677,0.9363151699155989
237678,0.1078215261270515
237679,0.8945782448039051
237680,0.42795914935392526
237681,0.01873003031528809
237682,0.5238136359711119
237683,0.47283668377109456
237684,0.5597192995214093
237685,0.4340540221160707
237686,0.34643511301193974
237687,0.8342930902050258
237688,0.3507665177414883
237689,0.6538057730852964
237690,0.023961349143945352
237691,0.2540666572736239
237692,0.7005194958663037
237693,0.08910967589457369
237694,0.44792542530031226
237695,0.1398002917903291
237696,0.41980992723421856
237697,0.7252080483226601
237698,0.7189495548152223
237699,0.9522909176851301
237700,0.9475050108853247
237701,0.15970748246758262
237702,0.32537803209693617
237703,0.863976620413506
237704,0.464305679912372
237705,0.5830897959740208
237706,0.9019411783420673
237707,0.27741442862272236
237708,0.19230437094640968
237709,0.40473409356379614
237710,0.48746256039196256
237711,0.11738879470595988
237712,0.9140582035351171
237713,0.696210816240268
237714,0.9858013553251735
237715,0.44114879943278135
237716,0.5211048036323807
237717,0.2594615968475736
237718,0.10796242176883115
237719,0.7568004872262194
237720,0.04672735784311498
237721,0.7919107721535672
237722,0.7153135382531668
237723,0.5644597561141891
237724,0.8210716249812517
237725,0.681975811399821
237726,0.7109548633994027
237727,0.6452429540816558
237728,0.9755886938065003
237729,0.47166861345053424
237730,0.893555615145827
237731,0.9244663009440008
237732,0.5138327705082697
237733,0.1363051708700533
237734,0.5452070484181055
237735,0.04498206989332836
237736,0.3664286590825421
237737,0.1611346189681894
237738,0.053513073752050944
237739,0.38324978070275106
237740,0.9144763454397535
237741,0.7113093750142032
237742,0.3410129033137746
237743,0.48637175542334593
237744,0.7693447443653106
237745,0.5626690179573768
237746,0.9544179873739326
237747,0.13578249348925786
237748,0.774416987469378
237749,0.7896791669886057
237750,0.38123633653151284
237751,0.9262524940801106
237752,0.06668908876879934
237753,0.18808204671372278
237754,0.6004972252648612
237755,0.5801128074138379
237756,0.6669499729571268
237757,0.8935192549802065
237758,0.48834883942896357
237759,0.7302802914267275
237760,0.9397375705046337
237761,0.026597461151435544
237762,0.2509078678853382
237763,0.5249998863744825
237764,0.6243176787670268
237765,0.34379445598374697
237766,0.9851695974475164
237767,0.9520045813808682
237768,0.7029147217765578
237769,0.6683452943128155
237770,0.8878379791019948
237771,0.1253698510596716
237772,0.4371946314215461
237773,0.7384795087741626
237774,0.5955158825748451
237775,0.4860672390362738
237776,0.893069297930652
237777,0.48394016934747136
237778,0.11080305970793697
237779,0.9996591234473073
237780,0.6781625390303653
237781,0.11204839538044095
237782,0.7427881884001982
237783,0.40088446102872
237784,0.28455465614645875
237785,0.3765458751664613
237786,0.7944378036641958
237787,0.868630721612937
237788,0.8784888715168098
237789,0.5124147240490681
237790,0.9905963521663842
237791,0.7174906031696975
237792,0.9845242045077516
237793,0.5827034692143024
237794,0.9501593029756251
237795,0.7362069984228778
237796,0.6982333504529112
237797,0.8840110716704316
237798,0.6867253580340059
237799,0.07149317565141508
237800,0.9952277282623023
237801,0.2866590007317483
237802,0.6593325182596207
237803,0.41101076715404433
237804,0.30595715863485756
237805,0.40424777634862125
237806,0.2414814949482095
237807,0.4596970289199667
237808,0.10502633839497139
237809,0.5655096558964826
237810,0.44688916058012645
237811,0.2953627153771685
237812,0.9651033310456729
237813,0.40507042509578634
237814,0.37795483158425786
237815,0.8749392103481032
237816,0.05380850009771795
237817,0.4279955095195458
237818,0.7539053090386827
237819,0.1994036932838229
237820,0.6552192745237955
237821,0.1634434894850946
237822,0.6177910290381372
237823,0.32460083355679686
237824,0.43862176792215285
237825,0.13416446611914318
237826,0.05941705564468846
237827,0.7821980629121765
237828,0.2810413551433727
237829,0.8825884801905273
237830,0.10448093591066307
237831,0.8489371469087043
237832,0.5984883261143255
237833,0.46421932451902315
237834,0.32276464519295883
237835,0.6356120552129115
237836,0.9141491039491686
237837,0.7089232391453544
237838,0.5559151171933588
237839,0.17721035719317701
237840,0.9590266383663378
237841,0.8399470959590221
237842,0.4555110648529004
237843,0.6201226246585553
237844,0.8527731443816726
237845,0.7891019493593794
237846,0.5060426050240658
237847,0.572090845873803
237848,0.72897587048509
237849,0.2792460719658578
237850,0.767272214924939
237851,0.9855513791865322
237852,0.9153035392076212
237853,0.6673999300066812
237854,0.42189154671599527
237855,0.39346244222142435
237856,0.004463210329923052
237857,0.435517518782298
237858,0.6866480926820622
237859,0.18833656787306668
237860,0.08498279709664076
237861,0.5798401061716837
237862,0.7676676317260626
237863,0.2069711527536008
237864,0.581998991005404
237865,0.7169724708096045
237866,0.5973293458351703
237867,0.029210848055412894
237868,0.9250571536353348
237869,0.8956235995654961
237870,0.6590689070588717
237871,0.266570009226392
237872,0.7978465691911227
237873,0.42044623013257826
237874,0.4141468314388172
237875,0.6274537430517996
237876,0.4355902391135391
237877,0.4645829261752287
237878,0.247712718331432
237879,0.771735425254862
237880,0.10199026456565509
237881,0.6346212406997515
237882,0.12193836042923174
237883,0.421841551488267
237884,0.2674835583876084
237885,0.2740965635098468
237886,0.7336390617259262
237887,0.024983978802023445
237888,0.6395662232241468
237889,0.42907722444675733
237890,0.22351048309025048
237891,0.43465396484880986
237892,0.588257484512842
237893,0.09958594861399593
237894,0.9112175655960113
237895,0.5289449643443126
237896,0.5942069166125052
237897,0.21613845951068308
237898,0.12155657869021594
237899,0.7759713845496566
237900,0.31219747205948517
237901,0.034464891987583006
237902,0.31404275046472835
237903,0.2920721203885084
237904,0.8206852982215334
237905,0.3136700587671176
237906,0.2335595238636312
237907,0.9350516541602848
237908,0.36951018311888406
237909,0.6164729730343922
237910,0.7647042782279874
237911,0.9668758891196749
237912,0.9635489339653943
237913,0.8298253348544002
237914,0.40642029624444936
237915,0.3180423686829893
237916,0.10951681884910984
237917,0.4731002949718436
237918,0.9214529522181973
237919,0.36420159893828313
237920,0.6133505438117272
237921,0.6035469341562851
237922,0.6746265129237664
237923,0.7409929052226834
237924,0.6507833343180878
237925,0.8832975034201281
237926,0.5933933579067453
237927,0.21915180823648653
237928,0.0170256475518246
237929,0.24346766899523228
237930,0.13298730575717774
237931,0.890833147744988
237932,0.2806413933215466
237933,0.18040096172638068
237934,0.28783616109371374
237935,0.9096768035778403
237936,0.3939214893123838
237937,0.5710454911122121
237938,0.5932388272028579
237939,0.03980074629239936
237940,0.9681257698128816
237941,0.18667763531662887
237942,0.8009780884551929
237943,0.5936842392317098
237944,0.05268133496348076
237945,0.29828061866821803
237946,0.39989364651555986
237947,0.4684007435653869
237948,0.8873380268247122
237949,0.2708923239145354
237950,0.022506942519123174
237951,0.18622313324637196
237952,0.2706468927965967
237953,0.2602206153049027
237954,0.707723353679876
237955,0.5705137236900115
237956,0.32769144763454394
237957,0.6809531817417428
237958,0.49262570391008126
237959,0.5168324841719655
237960,0.5678685216411161
237961,0.7151499175078744
237962,0.6331622890542267
237963,0.2519850377918471
237964,0.86752173656151
237965,0.9376650410642621
237966,0.26840619759023
237967,0.9343017257443608
237968,0.7025283950168394
237969,0.5061562305416301
237970,0.16404797723853634
237971,0.889292385726817
237972,0.5517018830020771
237973,0.9902782007172043
237974,0.9716845210229933
237975,0.40650210661709557
237976,0.12913767322210154
237977,0.5588921057535418
237978,0.6077647133682694
237979,0.23657287258943466
237980,0.18112362001808918
237981,0.27959149353925306
237982,0.7984328768617541
237983,0.16497516146186045
237984,0.9330927502374774
237985,0.2891496720767563
237986,0.27945514291817597
237987,0.7102503851905045
237988,0.1195749496638957
237989,0.39785293222010626
237990,0.8744074429259026
237991,0.4451893228373655
237992,0.7922061984992342
237993,0.26686998059276157
237994,0.030038041823280508
237995,0.13553251735061653
237996,0.16393889674167467
237997,0.33753141745560644
237998,0.4262456765490567
237999,0.4754864308406925
238000,0.6237268260756927
238001,0.5581285422755101
238002,0.3188786524922621
238003,0.7771349098495144
238004,0.9749660259702483
238005,0.4073974756955017
238006,0.6583871539534863
238007,0.4663782093527436
238008,0.3058480781379959
238009,0.36526967880338695
238010,0.22369228391835325
238011,0.9759568404834085
238012,0.025956613232373273
238013,0.49513001031719694
238014,0.033674058385335943
238015,0.3268687988873789
238016,0.09045045700183164
238017,0.3927625090332286
238018,0.3049163488939692
238019,0.15978474781952634
238020,0.04922711922952809
238021,0.3221556124188145
238022,0.2739693029301748
238023,0.19939914826312033
238024,0.6348848519005004
238025,0.8747892246649184
238026,0.09437280986814894
238027,0.22626931065671005
238028,0.8535276178182992
238029,0.09787702082982988
238030,0.7685266406388481
238031,0.46888706078056186
238032,0.584298771480904
238033,0.35682503033801316
238034,0.6731493811954314
238035,0.9607264761090988
238036,0.10240840647029147
238037,0.307197949286659
238038,0.9636852845864713
238039,0.429154489798701
238040,0.8541502856545512
238041,0.06802986987605729
238042,0.9070316015289449
238043,0.08110134941664658
238044,0.8858563500756745
238045,0.5877529872148568
238046,0.5304266410933502
238047,0.05989428281845824
238048,0.17738306797987466
238049,0.46244222142431857
238050,0.33959485685457297
238051,0.07352479990546357
238052,0.7821753378086637
238053,0.22110162211788875
238054,0.5526699724117244
238055,0.9104858172628977
238056,0.18213261461405958
238057,0.2646929156762309
238058,0.6749537544143515
238059,0.7344617104730913
238060,0.4151467359933824
238061,0.8702169338381337
238062,0.7384795087741626
238063,0.45620190799969096
238064,0.1798782843455852
238065,0.02312961035537517
238066,0.9992818867289941
238067,0.9583448852609523
238068,0.5287222583298867
238069,0.2410678980642757
238070,0.19152262738556775
238071,0.5011521627481014
238072,0.9323246417387432
238073,0.37238263620290785
238074,0.48305389031047036
238075,0.11246199226437475
238076,0.18521868367110414
238077,0.5353807136591507
238078,0.09105948977597593
238079,0.37058735302539303
238080,0.01728016871116848
238081,0.017393794228732714
238082,0.5658414424077701
238083,0.11175296903477394
238084,0.7718581408138314
238085,0.6454656600960818
238086,0.09448643538571316
238087,0.1284286499925007
238088,0.7935924298135179
238089,0.020288972416269358
238090,0.7635816581144527
238091,0.3475350080219615
238092,0.02623385949523
238093,0.6745310674890124
238094,0.019011821598847387
238095,0.8324887169861059
238096,0.9860876916294354
238097,0.12938764936074285
238098,0.9037001013539616
238099,0.49877966194136014
238100,0.2862817640134351
238101,0.7660405143145427
238102,0.1500356784125152
238103,0.09654532976397706
238104,0.6397071188659265
238105,0.22698287890701344
238106,0.8578862926720632
238107,0.3469850605169506
238108,0.7963603474213825
238109,0.3742642747737716
238110,0.9424509478640676
238111,0.9334290817694675
238112,0.3749642079619672
238113,0.7497920653028575
238114,0.9858286254493889
238115,0.7111230291653978
238116,0.4759818380972725
238117,0.1288467918971371
238118,0.8164766090509543
238119,0.8809250026133869
238120,0.11937951377368523
238121,0.9862467673540253
238122,0.5037382795278633
238123,0.3725280768653901
238124,0.39703482849364374
238125,0.7727171497266171
238126,0.9698119724935348
238127,0.31619254525704366
238128,0.03624654010299017
238129,0.12631976038650858
238130,0.11973402538848564
238131,0.19655396530331196
238132,0.6877570777334892
238133,0.7958103999163717
238134,0.3727371478177083
238135,0.9968093954667964
238136,0.19268160766472292
238137,0.8570727339663032
238138,0.09790883597474785
238139,0.20818921830188938
238140,0.7600365419664487
238141,0.5912526531558352
238142,0.3695238181809918
238143,0.8310434004026889
238144,0.12151112848319025
238145,0.129660350602897
238146,0.3817590139123084
238147,0.24933983574295182
238148,0.04113243735825217
238149,0.8506869798791934
238150,0.8331113848223579
238151,0.9213575067834434
238152,0.24082246694633694
238153,0.377014012298826
238154,0.19459506138050459
238155,0.822462401316238
238156,0.3631153389903691
238157,0.018352793596974833
238158,0.7067825343944442
238159,0.0018998186536739673
238160,0.03656469155217002
238161,0.23268233486803533
238162,0.4039432599615491
238163,0.13123747278668854
238164,0.9112584707823344
238165,0.09975411437999099
238166,0.11176205907617909
238167,0.8513005576740402
238168,0.17372887133500894
238169,0.5775539607582912
238170,0.3226510196753946
238171,0.28673172106298944
238172,0.3698146995059562
238173,0.23251871412274283
238174,0.4689416010289926
238175,0.7232673244826631
238176,0.9289022411497085
238177,0.018984551474631968
238178,0.9329927597820209
238179,0.7999736388799251
238180,0.5924525386213134
238181,0.12830593443353136
238182,0.3133428172765327
238183,0.12380181891728516
238184,0.6646729175851396
238185,0.09336836029288113
238186,0.039514409988137496
238187,0.644102153885311
238188,0.724017252898587
238189,0.3468987051236018
238190,0.5448389017411975
238191,0.7613591429908964
238192,0.12046122870089672
238193,0.4690006862981261
238194,0.4088609723617291
238195,0.7243990346376028
238196,0.22229696256266446
238197,0.6157275896391708
238198,0.953399902736557
238199,0.9848968962053622
238200,0.2570118306888888
238201,0.5980883642924993
238202,0.1309329563996164
238203,0.7084232868680718
238204,0.041809645442934994
238205,0.9196031287922517
238206,0.13131473813863223
238207,0.7432472354911577
238208,0.9456597324800815
238209,0.54680689570541
238210,0.7766985878620677
238211,0.15541243790365467
238212,0.28937237809118216
238213,0.9413646879161535
238214,0.2576981288149767
238215,0.4876489062407679
238216,0.2957172269919689
238217,0.29212666063693915
238218,0.21402502488398836
238219,0.8023506847073688
238220,0.8538866744538022
238221,0.7969012048849883
238222,0.4462346775989564
238223,0.2663018530049404
238224,0.3307911517536962
238225,0.4186418569136582
238226,0.5403438762663565
238227,0.437090095945387
238228,0.7629499002367955
238229,0.359043000440867
238230,0.4265774630603442
238231,0.33827225583012527
238232,0.7513691874866489
238233,0.6897477968012146
238234,0.1093032028760891
238235,0.05119511319374059
238236,0.8683489303293777
238237,0.12863317592411636
238238,0.7102322051076944
238239,0.6680862281327692
238240,0.7440198890105945
238241,0.7593956940473865
238242,0.5257407247490012
238243,0.5873348453102204
238244,0.16006199408238306
238245,0.6914794496888933
238246,0.36951018311888406
238247,0.07891519445871076
238248,0.8649674349266662
238249,0.8593997845660187
238250,0.5984019707209767
238251,0.8179673758413969
238252,0.048049958867562644
238253,0.3013530526631549
238254,0.9047363660741475
238255,0.6259220710750337
238256,0.1357006831166116
238257,0.7575867758077638
238258,0.7339026729266752
238259,0.1886410842601388
238260,0.392030760700115
238261,0.6798896468973415
238262,0.13906399843651288
238263,0.29149035773857945
238264,0.8799023729553088
238265,0.042018716395253175
238266,0.8207989237390976
238267,0.7424336767853978
238268,0.6033151381004541
238269,0.1771558169447462
238270,0.6728039596220361
238271,0.6514514523613655
238272,0.8130860236068376
238273,0.7003967803073343
238274,0.17127001513491896
238275,0.6325350761972721
238276,0.09015503065616463
238277,0.2830275291903954
238278,0.6719858558955737
238279,0.5611782511669341
238280,0.07619272705787174
238281,0.9519091359461143
238282,0.06655728316842482
238283,0.7451106939792111
238284,0.6202589752796324
238285,0.2818140086628094
238286,0.955826943791729
238287,0.7746533285459115
238288,0.3222328777707582
238289,0.9301930270292382
238290,0.7673858404425032
238291,0.29191304466391843
238292,0.8270801423500485
238293,0.21056171910863053
238294,0.9546634184918713
238295,0.5651596893023848
238296,0.7522463764822449
238297,0.6600551765513293
238298,0.8291299466869072
238299,0.36996468518914105
238300,0.03740552038214534
238301,0.5172006308488736
238302,0.7401293512891951
238303,0.08207398384699642
238304,0.8263756641411503
238305,0.7878475236454703
238306,0.7827616454792952
238307,0.23193240645211138
238308,0.2809186395844033
238309,0.34760318333250007
238310,0.11983856086464474
238311,0.9218074638329978
238312,0.6749310293108386
238313,0.5674821948813977
238314,0.2751191931679248
238315,0.8368110316742493
238316,0.5735179823744098
238317,0.6312851955040655
238318,0.8408742801823462
238319,0.29149035773857945
238320,0.41142436403797816
238321,0.6400979906463474
238322,0.4104517296076284
238323,0.8646265583739735
238324,0.1431454270274201
238325,0.49292113025574824
238326,0.7287077142636385
238327,0.19704482753918945
238328,0.7123047345480659
238329,0.8661491403093341
238330,0.9643988528367747
238331,0.7226673817499238
238332,0.5771085487294395
238333,0.16643865812808778
238334,0.3961303693738325
238335,0.3713827316483426
238336,0.9748342203698739
238337,0.9563905263588476
238338,0.6692315733498166
238339,0.2295053653969394
238340,0.3610655346535103
238341,0.5342353684421033
238342,0.49477549870239657
238343,0.8248394471436817
238344,0.36622413315092645
238345,0.8849246208316479
238346,0.5824444030342559
238347,0.0494634603060617
238348,0.19568586634912125
238349,0.8636857390885416
238350,0.26398843746733264
238351,0.42626385663186694
238352,0.6919839469868786
238353,0.36396525786174955
238354,0.78979279250617
238355,0.8741665568286664
238356,0.192522531940133
238357,0.5713000122715559
238358,0.7266215497611592
238359,0.8309025047609092
238360,0.8079956004199599
238361,0.7037464605651279
238362,0.2294281000449957
238363,0.5375441435135737
238364,0.37612318824112245
238365,0.03401947995873121
238366,0.8853427627362843
238367,0.12277009921780192
238368,0.31553351725517104
238369,0.04885442753191741
238370,0.4781316328895878
238371,0.350421096168093
238372,0.9180532767326756
238373,0.6273083023893173
238374,0.954086200862645
238375,0.10175392348912149
238376,0.7041464223869539
238377,0.640007090232296
238378,0.28992687061689565
238379,0.605151326464292
238380,0.7579731025674822
238381,0.28894969116584324
238382,0.11511628435467523
238383,0.6008835520245794
238384,0.488671535898846
238385,0.7991146299671394
238386,0.7301303057435428
238387,0.30160757382249875
238388,0.3222328777707582
238389,0.49695710863962983
238390,0.2746601460769654
238391,0.20338058639857104
238392,0.8209034592152568
238393,0.794033296821667
238394,0.24970798241985992
238395,0.09278205262224969
238396,0.02825184868717077
238397,0.24723549115766222
238398,0.6158912103844634
238399,0.2044986614914031
238400,0.5007203857813574
238401,0.3533708146040605
238402,0.7752941764649738
238403,0.15937115093559254
238404,0.8193581521763832
238405,0.03417855568332114
238406,0.8472736693315638
238407,0.26654728412287915
238408,0.10851236927384203
238409,0.9610582626203863
238410,0.46400570854600237
238411,0.643806727539644
238412,0.6139913917307893
238413,0.30522995532244646
238414,0.7864203871448635
238415,0.2593343362679017
238416,0.9872512169292932
238417,0.16909295021838824
238418,0.03761459133446353
238419,0.5720999359152081
238420,0.8378291163116248
238421,0.557233173197104
238422,0.9453006758445784
238423,0.48198126542466396
238424,0.9125947068688898
238425,0.8359883829270842
238426,0.14470891414910395
238427,0.4695779039273524
238428,0.8442057803573295
238429,0.8485871803146063
238430,0.5485430936137915
238431,0.8969689256934565
238432,0.06363937987737535
238433,0.9099267797164816
238434,0.05161780011907954
238435,0.3829725344398944
238436,0.9006413024211325
238437,0.833838588134769
238438,0.5662913994573245
238439,0.25881620390780874
238440,0.6609596356711406
238441,0.14435440253430354
238442,0.6440612486989878
238443,0.438303616472973
238444,0.4085655460160621
238445,0.3837542780007363
238446,0.15284450120670298
238447,0.5588239304430032
238448,0.38024552201835277
238449,0.7625817535598874
238450,0.3555887847069143
238451,0.7214038659946097
238452,0.5756132369182942
238453,0.136677862567664
238454,0.86407206584826
238455,0.9895237272805778
238456,0.4793360633757686
238457,0.25491657614500435
238458,0.5267497193449716
238459,0.6134914394535067
238460,0.6927020602578845
238461,0.9719026820167166
238462,0.7013512346548739
238463,0.7196631230655256
238464,0.19054544793451536
238465,0.2646656455520155
238466,0.5537835024838539
238467,0.14956754128015054
238468,0.7016830211661614
238469,0.8426332031942405
238470,0.2732648247212766
238471,0.4766772262647656
238472,0.2917130637530054
238473,0.5245817444698462
238474,0.42539121265697366
238475,0.7331300194072384
238476,0.8110634893941943
238477,0.853813954122561
238478,0.45502929265842806
238479,0.1515582603478759
238480,0.3506210770790061
238481,0.0343921716563419
238482,0.3441898727848705
238483,0.6245358397607501
238484,0.06898432422359684
238485,0.6071284104699097
238486,0.5359442962262694
238487,0.5512337458697125
238488,0.8678080728657719
238489,0.18760027451925043
238490,0.45692456629139944
238491,0.5810899868648902
238492,0.8329023138700398
238493,0.44954799769112946
238494,0.16755673322091985
238495,0.5755223365042428
238496,0.9856831847869066
238497,0.5775312356547785
238498,0.12176110462183154
238499,0.8643311320283065
238500,0.8402107071597712
238501,0.4732411906136232
238502,0.4447484558292163
238503,0.9314474527431472
238504,0.006426659273432989
238505,0.8510096763490759
238506,0.13258734393535165
238507,0.5732998213806865
238508,0.03328773162561756
238509,0.9264297498875108
238510,0.3711373005304039
238511,0.4472391271742242
238512,0.5918026006608461
238513,0.342053713054663
238514,0.6034560337422337
238515,0.5762631748787616
238516,0.31021129801246244
238517,0.21820189890964956
238518,0.2558846655546516
238519,0.7244762999895465
238520,0.7098004281409501
238521,0.24524022706923432
238522,0.17503329227664632
238523,0.2880543220874371
238524,0.23945896073556616
238525,0.6456974561519129
238526,0.9807291122211061
238527,0.7355525154417079
238528,0.23014166829529908
238529,0.1911726607914699
238530,0.987505738088637
238531,0.5074742865453753
238532,0.13138291344917075
238533,0.9458642584116971
238534,0.5297130728430469
238535,0.4321996536694225
238536,0.7098958735757042
238537,0.29354470709614083
238538,0.972352639066271
238539,0.5299039637125547
238540,0.6855345626099327
238541,0.3456897296167184
238542,0.39482140341149247
238543,0.5743497211629799
238544,0.9228346385117784
238545,0.19784020616213907
238546,0.9868558001281696
238547,0.9977002195244999
238548,0.8477418064639284
238549,0.12094300089536907
238550,0.8227805527654178
238551,0.42863181241790554
238552,0.06837074642874998
238553,0.9396193999663669
238554,0.25927070597806573
238555,0.712313824589471
238556,0.11238472691243108
238557,0.637834570336468
238558,0.25011248926238855
238559,0.7323437308256939
238560,0.1468496189000141
238561,0.06917521509310474
238562,0.4429122674653783
238563,0.8910922139250345
238564,0.9591266288217942
238565,0.1350825603010622
238566,0.3984983251598711
238567,0.9239027183768823
238568,0.6251448725348945
238569,0.2504260956908658
238570,0.20595761313692784
238571,0.14534521704746367
238572,0.26662909449552535
238573,0.3470168756618686
238574,0.6256948200399053
238575,0.6277628044595744
238576,0.16615232182382592
238577,0.7785256861845006
238578,0.2560846464655646
238579,0.046568282118525046
238580,0.17580140077538053
238581,0.4941619209075497
238582,0.675062834911213
238583,0.6572372637157362
238584,0.16943382677108093
238585,0.7319437690038678
238586,0.9827925516200726
238587,0.22305598101999355
238588,0.16863390312742876
238589,0.3057935378895651
238590,0.7125547106867073
238591,0.554542520941183
238592,0.3541434681234973
238593,0.029256298262438585
238594,0.9511001222610569
238595,0.8603542389135583
238596,0.8075274632875953
238597,0.8339658487144409
238598,0.763504392762509
238599,0.4082973897946105
238600,0.19002731557442246
238601,0.7932833684057431
238602,0.16785215956658683
238603,0.6275764586107689
238604,0.582748919421328
238605,0.6716495243635835
238606,0.7431108848700806
238607,0.8125269860604215
238608,0.16623867721717472
238609,0.38464964707914245
238610,0.020261702292053943
238611,0.7210857145454297
238612,0.5119784020616214
238613,0.49097131637434605
238614,0.9628580908186037
238615,0.6147731352916312
238616,0.825575740497498
238617,0.642338685852714
238618,0.18352793596974834
238619,0.7766576826757445
238620,0.33240008908240576
238621,0.23102794733230012
238622,0.33961758195808583
238623,0.5061562305416301
238624,0.7548234032206017
238625,0.770099217801937
238626,0.17486058148994868
238627,0.4906713450079765
238628,0.11757059553406266
238629,0.41785556833211374
238630,0.7678357974920577
238631,0.023956804123242782
238632,0.8014325905254499
238633,0.48988960144713456
238634,0.9494548247667268
238635,0.05346762354502525
238636,0.32591434453983936
238637,0.379472868498916
238638,0.1171933588157494
238639,0.22621022538757665
238640,0.2280236886479018
238641,0.920316697042555
238642,0.6346439658032643
238643,0.09137764122515576
238644,0.1675794583244327
238645,0.5431754241640572
238646,0.4816040287063508
238647,0.9614036841937815
238648,0.45467478104362763
238649,0.4914076383617927
238650,0.3586430386190409
238651,0.35097104367310394
238652,0.9422646020152622
238653,0.5594875034655783
238654,0.21079806018516414
238655,0.6877616227541916
238656,0.4459210711704792
238657,0.09684075610964407
238658,0.6699315065380123
238659,0.3241781466314579
238660,0.7525554378900197
238661,0.7605001340781107
238662,0.799110084946437
238663,0.7879066089146036
238664,0.07011148935783401
238665,0.4006572099935915
238666,0.046441021538853114
238667,0.2305234500343149
238668,0.13858222624204053
238669,0.542152794505979
238670,0.6460610578081184
238671,0.7014739502138432
238672,0.18571409092768418
238673,0.1902000263611201
238674,0.17045645642915902
238675,0.1525036246540103
238676,0.33369541998263796
238677,0.053826680180528226
238678,0.2613432354184373
238679,0.8721712927402385
238680,0.6278991550806514
238681,0.3353861676839938
238682,0.7294349175760495
238683,0.5745633371360007
238684,0.48127224219506315
238685,0.8244213052390453
238686,0.3612246103781003
238687,0.8984551474631967
238688,0.08663718463237599
238689,0.6725176233177743
238690,0.3877766213225101
238691,0.5473522981897182
238692,0.34785770449184394
238693,0.7051781420864371
238694,0.8930102126615187
238695,0.05062698560591944
238696,0.5447343662650384
238697,0.26850164302498397
238698,0.26389299203257865
238699,0.12464719276796306
238700,0.15838488144313498
238701,0.33394539612127927
238702,0.6032878679762386
238703,0.13135564332495536
238704,0.7140272973943396
238705,0.3701510310379464
238706,0.6802077983465216
238707,0.6647910881234065
238708,0.8093272914858127
238709,0.42420496225360305
238710,0.2579253798501052
238711,0.6326577917562415
238712,0.13294185555015203
238713,0.9892828411833416
238714,0.8002963353498076
238715,0.057189995500429504
238716,0.4721503856450066
238717,0.12900586762172703
238718,0.5734952572708969
238719,0.2371591802600661
238720,0.8174219733570887
238721,0.09872239468050775
238722,0.19464505660823286
238723,0.04769999227346481
238724,0.1278287072597616
238725,0.3346862344957981
238726,0.41453770321923816
238727,0.050236113825498474
238728,0.5394666872707605
238729,0.9841333327273306
238730,0.31165661459587946
238731,0.6315669867876248
238732,0.025361215520336697
238733,0.1598347430472546
238734,0.20225796628503645
238735,0.9876693588339296
238736,0.46975061471405
238737,0.831634253094023
238738,0.08468737075097375
238739,0.44638466328214127
238740,0.7080233250462457
238741,0.8947009603628745
238742,0.6129187668449829
238743,0.31074306543466307
238744,0.19698119724935348
238745,0.9938733120929366
238746,0.7994782316233451
238747,0.714213643243145
238748,0.3108975961385504
238749,0.11841596938474054
238750,0.11438908104226414
238751,0.9710573081660386
238752,0.13319637670949594
238753,0.9621854277546235
238754,0.704241867821708
238755,0.7473832043304958
238756,0.8626812895132737
238757,0.44297589775521423
238758,0.7847750896505334
238759,0.11240745201594392
238760,0.5745315219910827
238761,0.9224301316692498
238762,0.9917553324455393
238763,0.20521677476240904
238764,0.8623767731262016
238765,0.22502852000490864
238766,0.28962689925052604
238767,0.13397357524963527
238768,0.9951277378068457
238769,0.6785625008521914
238770,0.23072797596593053
238771,0.02765645097513419
238772,0.7275350989223757
238773,0.24285409120038542
238774,0.3047981783557024
238775,0.7246126506106236
238776,0.5465478295253635
238777,0.7870703251053308
238778,0.06315306266220042
238779,0.9819244526658819
238780,0.0699796837574595
238781,0.8006463019439054
238782,0.40467500829466274
238783,0.47297303439217164
238784,0.13005122238331795
238785,0.9383331591075398
238786,0.5128010508087865
238787,0.6325078060730567
238788,0.042386863072161295
238789,0.32131478358883925
238790,0.3293731052944946
238791,0.7219538134996205
238792,0.7660177892110298
238793,0.9111493902854728
238794,0.45074333813590517
238795,0.7421973357088641
238796,0.2989941869185214
238797,0.17183359770203754
238798,0.4243413128746801
238799,0.3547297757941287
238800,0.008076501788465645
238801,0.24020434413078753
238802,0.05672185836806486
238803,0.8538230441639661
238804,0.7129637625499385
238805,0.6993968757527691
238806,0.15322628294571883
238807,0.03557842205971248
238808,0.439612582435313
238809,0.8144358947555007
238810,0.7180541857368161
238811,0.9773476168183947
238812,0.26561555487885247
238813,0.9112902859272524
238814,0.6050422459674304
238815,0.7632862317687857
238816,0.839315338081365
238817,0.03413765049699802
238818,0.8138314070020589
238819,0.5570059221619754
238820,0.8816113007394749
238821,0.9941687384386035
238822,0.33101385776812214
238823,0.30929774885124595
238824,0.5478340703841906
238825,0.24524931711063946
238826,0.2496807122956445
238827,0.1496902568391199
238828,0.9816653864858355
238829,0.32097390703614653
238830,0.09049590720885733
238831,0.5740679298794206
238832,0.05080878643402221
238833,0.49762522668290754
238834,0.04665918253257644
238835,0.701360324696279
238836,0.7254443893991938
238837,0.7775394166920431
238838,0.20487589820971636
238839,0.5861304148240396
238840,0.42266420023543205
238841,0.9939233073206649
238842,0.7522372864408398
238843,0.6856981833552253
238844,0.24147694992750693
238845,0.3603383313410992
238846,0.919694029206303
238847,0.7953877129910327
238848,0.028719985819535408
238849,0.2562209970866417
238850,0.16176637684584652
238851,0.11685702728375927
238852,0.9960685570922776
238853,0.46935519791292646
238854,0.1324009980865463
238855,0.16321623844996613
238856,0.2546438749028502
238857,0.9501956631412456
238858,0.5124465391939861
238859,0.2838592679789656
238860,0.08244213052390453
238861,0.8475191004495026
238862,0.004904077338072275
238863,0.8780570945500656
238864,0.33005940342058254
238865,0.9392239831652434
238866,0.7821117075188279
238867,0.323005531290195
238868,0.5864803814181374
238869,0.7248217215629418
238870,0.35840669754250726
238871,0.47322301053081295
238872,0.49345289767794887
238873,0.8699987728444104
238874,0.9460824194054204
238875,0.8108816885660914
238876,0.3203739643034074
238877,0.5747360479226983
238878,0.03995073197558415
238879,0.7785438662673109
238880,0.5083151153753506
238881,0.28365474204735003
238882,0.6511923861813191
238883,0.9673894764590654
238884,0.7417701037628227
238885,0.1002131614709505
238886,0.02288417923743643
238887,0.7699901373050755
238888,0.5043382222606024
238889,0.5280632303280142
238890,0.2882270328741347
238891,0.9734934392626158
238892,0.654305725362579
238893,0.7722671926770627
238894,0.5560832829593539
238895,0.03521936542420951
238896,0.39302612023397765
238897,0.559237527326937
238898,0.15693956485971794
238899,0.8747210493543799
238900,0.4635375714136378
238901,0.2515714409079133
238902,0.04420487135318902
238903,0.13998209261843186
238904,0.19392694333722693
238905,0.8407061144163511
238906,0.36950563809818154
238907,0.47722717376977647
238908,0.47816799305520835
238909,0.16850209752705422
238910,0.5087923425491203
238911,0.3581067261761377
238912,0.9623717736034288
238913,0.5687638907195223
238914,0.30817512873771136
238915,0.3790001863458488
238916,0.1416228450920594
238917,0.739952095481795
238918,0.6676271810418096
238919,0.1362006353938942
238920,0.3207148408561001
238921,0.9484731002949719
238922,0.2913858222624204
238923,0.5519518591407184
238924,0.5764949709345927
238925,0.22856454611150753
238926,0.5802673381177252
238927,0.3743688102499307
238928,0.2388771980856373
238929,0.10970770971861776
238930,0.33731325646188315
238931,0.42993623335954295
238932,0.7726580644574836
238933,0.2447220947091414
238934,0.32699605946705085
238935,0.26292490262293144
238936,0.6206771171842688
238937,0.13728235032110572
238938,0.45954249821607934
238939,0.9125947068688898
238940,0.8317024284045614
238941,0.4791360824648556
238942,0.7853977574867854
238943,0.05632644156694134
238944,0.444962071802237
238945,0.49676167274941935
238946,0.019143627199221892
238947,0.6309306838892651
238948,0.52664063884811
238949,0.9722344685280041
238950,0.2061575940478409
238951,0.4810858963462578
238952,0.30124397216629323
238953,0.03563296230814332
238954,0.989932779143809
238955,0.09445916526149775
238956,0.12696515332627342
238957,0.533267279032456
238958,0.00812195199549134
238959,0.9555451525081696
238960,0.4339676667227219
238961,0.1955267906245313
238962,0.555956022379682
238963,0.9410465364669737
238964,0.36582871634980296
238965,0.7260125169870149
238966,0.5940342058258076
238967,0.8371337281441317
238968,0.7440153439898919
238969,0.40047540916548874
238970,0.8587089414192282
238971,0.15711682066711816
238972,0.48040414324087244
238973,0.061857731761968175
238974,0.8256666409115494
238975,0.877907108866881
238976,0.8628494552792688
238977,0.4045432026942883
238978,0.5321991991673523
238979,0.9578176628594544
238980,0.3450170665527381
238981,0.04200962635384804
238982,0.6428613632335095
238983,0.9005231318828657
238984,0.6007017511964767
238985,0.623640470682344
238986,0.5648142677289896
238987,0.8246121961085533
238988,0.7983601565305131
238989,0.4957754032569618
238990,0.34420350784697823
238991,0.003945077969830153
238992,0.9085723635471159
238993,0.9170079219710846
238994,0.1403775094195554
238995,0.4975934115379895
238996,0.019207257489057866
238997,0.32841865094695505
238998,0.13016939292158478
238999,0.7950332013762322
239000,0.615609419100904
239001,0.5558696669863331
239002,0.20332604615014022
239003,0.995145917889656
239004,0.6479972366274129
239005,0.45803809636352893
239006,0.9936324259957005
239007,0.162943537207812
239008,0.9340790197299349
239009,0.8099408692806596
239010,0.8453920307607001
239011,0.017007467469014322
239012,0.032551438271801326
239013,0.17607864703823725
239014,0.3924716277082642
239015,0.8793024302225697
239016,0.8695669958776663
239017,0.3416128460465137
239018,0.42722285600010906
239019,0.22148340385690457
239020,0.6409751796419433
239021,0.9325927979601948
239022,0.7056371891773967
239023,0.5346353302639294
239024,0.039073542979988274
239025,0.1365096968016689
239026,0.4137877748033142
239027,0.4094836401979811
239028,0.10522631930588443
239029,0.6382663473032121
239030,0.4301952995395894
239031,0.9748614904940892
239032,0.5312174746955972
239033,0.9850923320955727
239034,0.7249262570391007
239035,0.6211043491303103
239036,0.18580499134173556
239037,0.9571131846505562
239038,0.6458201717108821
239039,0.5305902618386427
239040,0.8905059062544031
239041,0.8058276255448343
239042,0.9421873366633184
239043,0.8534049022593297
239044,0.06812531531081123
239045,0.8647447289122402
239046,0.13231464269319745
239047,0.6351484631012494
239048,0.5022611477995284
239049,0.619704482753919
239050,0.03444671190477273
239051,0.029206303034710324
239052,0.31571986310397643
239053,0.2823275960021998
239054,0.7090777698492418
239055,0.9460687843433128
239056,0.1935269815154008
239057,0.3963667104503661
239058,0.6706541648297208
239059,0.2731602892451175
239060,0.6814258638948101
239061,0.6288672444902986
239062,0.13955486067239037
239063,0.6708041505129057
239064,0.20887551642797733
239065,0.6913340090264112
239066,0.26792897041646024
239067,0.527758713940942
239068,0.05897164361583667
239069,0.4019661759559315
239070,0.18131451088759712
239071,0.4751546443294049
239072,0.3050436094736412
239073,0.05973975211457088
239074,0.7472286736266084
239075,0.39956640502497487
239076,0.22623749551179206
239077,0.23449125310765792
239078,0.866435476613596
239079,0.7674812858772572
239080,0.0653028574545157
239081,0.9714890851327829
239082,0.1214565882347594
239083,0.31153844405761266
239084,0.3319728571363642
239085,0.14105471750423823
239086,0.6838665400120897
239087,0.012330641166070511
239088,0.45247953604428665
239089,0.14491344008071957
239090,0.41804191418091907
239091,0.056926384299680485
239092,0.9078178901104895
239093,0.6530512996486699
239094,0.17926470655073834
239095,0.06758900286790805
239096,0.8607632907767896
239097,0.8294208280118716
239098,0.5179505592647975
239099,0.23790456365528748
239100,0.5291267651724154
239101,0.17498329704891807
239102,0.08035596602142522
239103,0.9560541948268574
239104,0.25395303175605966
239105,0.3893310184027888
239106,0.2097390703614655
239107,0.4196735766131414
239108,0.4451347825889347
239109,0.3062025897527963
239110,0.1605574013389631
239111,0.07912881043173152
239112,0.3923080069629717
239113,0.1981038173628881
239114,0.3631107939696665
239115,0.18190990859963369
239116,0.2966353211738879
239117,0.8238531776512242
239118,0.7015875757314075
239119,0.14677235354807042
239120,0.01129892146658728
239121,0.659359788383836
239122,0.5133464532930948
239123,0.30488453374905117
239124,0.801641661477768
239125,0.21403411492539348
239126,0.07775621417955558
239127,0.9292794778680217
239128,0.24620831647888156
239129,0.18204171420000817
239130,0.8129905781720835
239131,0.7461742288236123
239132,0.7086278127996873
239133,0.6715540789288296
239134,0.487489830516178
239135,0.9760613759595675
239136,0.8694715504429122
239137,0.6955381531762878
239138,0.7835433890401371
239139,0.26459747024147695
239140,0.7548915785311402
239141,0.5449979774657874
239142,0.26868344385308673
239143,0.5536017016557511
239144,0.31256107371569075
239145,0.13995482249421648
239146,0.19336790579081087
239147,0.3418446421023448
239148,0.2414042295962658
239149,0.4886124506297126
239150,0.08377382158975732
239151,0.4894123742733648
239152,0.2628612723330954
239153,0.5735588875607328
239154,0.21876548147676814
239155,0.1258879834197645
239156,0.17092913858222625
239157,0.02688379745569741
239158,0.3060253339453961
239159,0.5969475640961545
239160,0.04847719081360416
239161,0.6887433472259467
239162,0.7197585685002795
239163,0.3144199871830416
239164,0.23859995182278054
239165,0.829248117225174
239166,0.5943159971093669
239167,0.45791992582526214
239168,0.7613409629080861
239169,0.9133991755332446
239170,0.35589784611468905
239171,0.28816794760500136
239172,0.5531653796683044
239173,0.5910663073070298
239174,0.5880711386640366
239175,0.4526840619759023
239176,0.5562605387667542
239177,0.3783911535717045
239178,0.33839042636839206
239179,0.5105512655610146
239180,0.19692211198022008
239181,0.5336217906472565
239182,0.6675090105035429
239183,0.4005435844760273
239184,0.8144495298176083
239185,0.1368096681680385
239186,0.8520232159657487
239187,0.6092963853450353
239188,0.5594829584448757
239189,0.5750723794546885
239190,0.13880038723576385
239191,0.25378941101076713
239192,0.8385017793756051
239193,0.1041491493993755
239194,0.634393989664623
239195,0.6357574958753938
239196,0.1817144727094232
239197,0.18040096172638068
239198,0.9376332259193441
239199,0.8368837520054904
239200,0.33009121856550055
239201,0.23426854709323203
239202,0.4238368155766949
239203,0.7802846091963949
239204,0.29583085250953317
239205,0.8172992577981193
239206,0.6644411215293086
239207,0.44190327286940795
239208,0.4042523213693238
239209,0.32630067129955775
239210,0.9158307616091191
239211,0.9701392139841197
239212,0.3438626312942855
239213,0.8978006644820268
239214,0.8472645792901586
239215,0.10786243131337463
239216,0.35157553142654563
239217,0.10901232155112466
239218,0.25634371264561107
239219,0.30861599574586057
239220,0.7683539298521505
239221,0.735297994282364
239222,0.12194290544993432
239223,0.6679998727394204
239224,0.48721258425332126
239225,0.004958617586503106
239226,0.6082464855627417
239227,0.6507833343180878
239228,0.2754691597620227
239229,0.11446180137350524
239230,0.6010562628112771
239231,0.8782298053367633
239232,0.8913649151671886
239233,0.1377595774948755
239234,0.013148744892532985
239235,0.7511964766999514
239236,0.08359656578235714
239237,0.03925079878738848
239238,0.3480122351957313
239239,0.18540957454061202
239240,0.4615104921802919
239241,0.7186268583453398
239242,0.8130587534826221
239243,0.47738170447366385
239244,0.672794869580631
239245,0.2631703337408702
239246,0.3764095245453843
239247,0.9089768703896446
239248,0.8745574286090874
239249,0.44560291972129934
239250,0.9792156203271507
239251,0.2959035728407743
239252,0.9067225401211703
239253,0.6513332818230987
239254,0.13327818708214217
239255,0.3233918580499134
239256,0.5212956945018885
239257,0.5515700774017026
239258,0.5059607946514196
239259,0.7034055840124352
239260,0.07463832997759304
239261,0.7944287136227905
239262,0.542057349071225
239263,0.28078228896332624
239264,0.17572868044413945
239265,0.8650310652165021
239266,0.44489844151240104
239267,0.6022970534630786
239268,0.9407374750591989
239269,0.9307793346998695
239270,0.5647370023770458
239271,0.5958613041482405
239272,0.7134364447030056
239273,0.35408438285436383
239274,0.7130910231296104
239275,0.6405706727994146
239276,0.1521036628321842
239277,0.6976197726580644
239278,0.879743297230719
239279,0.6973697965194231
239280,0.6410569900145896
239281,0.6241176978561138
239282,0.23295503611018947
239283,0.5538062275873666
239284,0.225446661909545
239285,0.8404152330913868
239286,0.938805841260607
239287,0.27053326727903243
239288,0.9735025293040209
239289,0.07145681548579452
239290,0.4500752200926275
239291,0.5630962499034183
239292,0.72290826784716
239293,0.5058335340717477
239294,0.9103994618695489
239295,0.23319592220742566
239296,0.8049913417355616
239297,0.8254348448557184
239298,0.5466705450843329
239299,0.3235736588780162
239300,0.33642697742488215
239301,0.751664613832316
239302,0.25376668590725426
239303,0.6620458956190545
239304,0.4052749510274019
239305,0.8606042150521996
239306,0.9144899805018613
239307,0.6508560546493289
239308,0.8333340908367838
239309,0.42070075129192214
239310,0.12966489562359956
239311,0.6811895228182765
239312,0.37095095468159855
239313,0.9170897323437308
239314,0.11510264929256753
239315,0.5326855163825271
239316,0.3130428459101631
239317,0.5501883911081216
239318,0.43208148313115563
239319,0.9794474163829816
239320,0.5522381954449803
239321,0.9848968962053622
239322,0.8132178292072121
239323,0.6836074738320433
239324,0.9192031669704256
239325,0.39197167543098155
239326,0.7635225728453193
239327,0.8001872548529458
239328,0.7191449907054327
239329,0.09462278600679026
239330,0.47146408751891866
239331,0.49195304084610103
239332,0.9573858858927103
239333,0.15458069911508446
239334,0.23516846119234075
239335,0.6418387335754314
239336,0.7497193449716164
239337,0.8936737856840937
239338,0.5752723603656015
239339,0.0018589134673508438
239340,0.40805195867667177
239341,0.12193381540852918
239342,0.31271560441957813
239343,0.7937151453724872
239344,0.5053063116702496
239345,0.5259179805564015
239346,0.4968025779357425
239347,0.8671581349053045
239348,0.39965276041832365
239349,0.42813186014062293
239350,0.1575985928615905
239351,0.9908645083878358
239352,0.6409933597247536
239353,0.6703632835047565
239354,0.8402379772839865
239355,0.2198517414246822
239356,0.9121583848814432
239357,0.7929288567909426
239358,0.04386399480049631
239359,0.034583062525849806
239360,0.1389412828775435
239361,0.585207775621418
239362,0.9243344953436263
239363,0.678671581349053
239364,0.013439626217497419
239365,0.40684298316978834
239366,0.9813199649124402
239367,0.2921902909267752
239368,0.5807991055399258
239369,0.8408015598511052
239370,0.3988392017125638
239371,0.9223483212966035
239372,0.9393103385585921
239373,0.9288795160461957
239374,0.6178910194935938
239375,0.9495048199944551
239376,0.1540307516100736
239377,0.19602219788111136
239378,0.8501506674362902
239379,0.35784765999609125
239380,0.8902741101985719
239381,0.4511614800405416
239382,0.7721217520145804
239383,0.4783497938833111
239384,0.8024324950800151
239385,0.04300498588771072
239386,0.5566605005885802
239387,0.8721894728230487
239388,0.29127219674485616
239389,0.6734857127274215
239390,0.8343521754741594
239391,0.9322791915317175
239392,0.8794115107194314
239393,0.23116884297407977
239394,0.12678335249817066
239395,0.4363174424259503
239396,0.8316433431354281
239397,0.017248353566250495
239398,0.09187304848173583
239399,0.3464623831361552
239400,0.22779643761277332
239401,0.7340390235477523
239402,0.5562832638702669
239403,0.25124874443803086
239404,0.8534094472800324
239405,0.9774930574808768
239406,0.7770576444975708
239407,0.7537553233554979
239408,0.7389703710100399
239409,0.4913076479063362
239410,0.16706132596433979
239411,0.9972184473300275
239412,0.8693715599874557
239413,0.9755796037650952
239414,0.04570472818503688
239415,0.6806395753132656
239416,0.03551024674917394
239417,0.8693397448425378
239418,0.7263579385604102
239419,0.7086868980688207
239420,0.9626444748455829
239421,0.17916926111598439
239422,0.7290531358370338
239423,0.5830079856013743
239424,0.03466941791919862
239425,0.2658791660796015
239426,0.13941851005131328
239427,0.18561410047222768
239428,0.31477904381854455
239429,0.426432022397862
239430,0.9234345812445176
239431,0.5518836838301798
239432,0.9066679998727394
239433,0.6796169456551875
239434,0.892342094618241
239435,0.5662686743538117
239436,0.8938692215743044
239437,0.8089955049745252
239438,0.05118147813163289
239439,0.9901509401375324
239440,0.46500561310056765
239441,0.0602987896609869
239442,0.01090350466546375
239443,0.8167084051067852
239444,0.8761845460206071
239445,0.9169533817226537
239446,0.8334022661473224
239447,0.9231573349816609
239448,0.24737638679944188
239449,0.36436976470427823
239450,0.037787302121161166
239451,0.5036246540102991
239452,0.16738856745492475
239453,0.9622717831479722
239454,0.39412601524399943
239455,0.857518145995155
239456,0.4709050499725026
239457,0.6929702164793361
239458,0.5993518800478137
239459,0.6379254707505193
239460,0.903686466291854
239461,0.1879911462996714
239462,0.47477740761109166
239463,0.1988446557374069
239464,0.6667499920462139
239465,0.8400698115179914
239466,0.3603837815481249
239467,0.28626812895132736
239468,0.5491975765949614
239469,0.39503501938451324
239470,0.5549788429286296
239471,0.9375786856709133
239472,0.7167861249607992
239473,0.18775935024384036
239474,0.66207316574327
239475,0.8144086246312852
239476,0.8058958008553729
239477,0.7860749655714683
239478,0.5265633734961663
239479,0.6488789706437113
239480,0.34139014003208784
239481,0.4503206512105662
239482,0.769858331704701
239483,0.9000140895641779
239484,0.8779207439289887
239485,0.6245176596779398
239486,0.11006676635412074
239487,0.3527572368092136
239488,0.9766840437958195
239489,0.04578653855768313
239490,0.33628153676239997
239491,0.45682912085664545
239492,0.5500020452593162
239493,0.8864653828498189
239494,0.9311929315838035
239495,0.7335390712704697
239496,0.6786397662041351
239497,0.34482163066252763
239498,0.4656782761645479
239499,0.6974107017057463
239500,0.0064675644597561146
239501,0.9222756009653624
239502,0.85849987046691
239503,0.07327027874611969
239504,0.49428009144581647
239505,0.14826766535921573
239506,0.5384622376954927
239507,0.4698278800659937
239508,0.8678035278450693
239509,0.5221274332904586
239510,0.07656087373477985
239511,0.7435517518782297
239512,0.9217711036673772
239513,0.7024602197063008
239514,0.1692656610050859
239515,0.08156039650760608
239516,0.19814017752850865
239517,0.4418396425795719
239518,0.5740906549829334
239519,0.829343562659928
239520,0.8378563864358403
239521,0.6685180050995133
239522,0.5890710432186019
239523,0.22983260688752438
239524,0.15322173792501625
239525,0.8187173042573209
239526,0.4796269447007331
239527,0.44777089459642483
239528,0.10049495275450979
239529,0.024043159516591597
239530,0.5801082623931353
239531,0.579794655964658
239532,0.5127283304775453
239533,0.5856350075674595
239534,0.9579767385840443
239535,0.22081983083432946
239536,0.5184323314592698
239537,0.30484817358343064
239538,0.9827334663509393
239539,0.3497847932697333
239540,0.3427445562014535
239541,0.34643511301193974
239542,0.5370850964226143
239543,0.8973052572254467
239544,0.5560878279800564
239545,0.6486244494843675
239546,0.7549006685725453
239547,0.14619513591884412
239548,0.39870285109148673
239549,0.1871048672626704
239550,0.07583367042236877
239551,0.5156416887478923
239552,0.09659532499170534
239553,0.30601624390399096
239554,0.8552910858508961
239555,0.12909222301507584
239556,0.5591057217265625
239557,0.9925688911512992
239558,0.44287136227905516
239559,0.9386331304739094
239560,0.9930370282836638
239561,0.3086478108907786
239562,0.5660277882565755
239563,0.11728880425050335
239564,0.699660486953518
239565,0.5250907867885339
239566,0.02117525145327037
239567,0.3360542857272715
239568,0.9765658732575527
239569,0.4965026065693729
239570,0.5624417669222483
239571,0.8418832747783166
239572,0.09724071793147017
239573,0.33254098472418536
239574,0.6307761531853778
239575,0.20893460169711073
239576,0.4842992259829743
239577,0.3379995545879711
239578,0.6461792283463852
239579,0.48336749673894763
239580,0.17021557033192286
239581,0.08214670417823752
239582,0.2535621599756387
239583,0.8000145440662483
239584,0.7768667536280628
239585,0.5665550106580736
239586,0.14705868985233228
239587,0.784547838615405
239588,0.29660805104967247
239589,0.2676108189672804
239590,0.8657809936324261
239591,0.5205230409824516
239592,0.02663836633775867
239593,0.09078678853382176
239594,0.41442407770167394
239595,0.261325055335627
239596,0.7461060535130738
239597,0.3777593956940474
239598,0.5516746128778617
239599,0.5580649119856741
239600,0.2618750028406379
239601,0.7534871671340463
239602,0.61305511746606
239603,0.9632898677853478
239604,0.026097508874152922
239605,0.7054281182250784
239606,0.9005231318828657
239607,0.09472732148294935
239608,0.16586598551956405
239609,0.07145227046509196
239610,0.5734907122501943
239611,0.5583239781657205
239612,0.03044254866580917
239613,0.04695006385754088
239614,0.9445325673458442
239615,0.15929843060435142
239616,0.7286486289945051
239617,0.02347503192877044
239618,0.692442994077838
239619,0.5619327246035606
239620,0.21461133255461978
239621,0.11263924807177496
239622,0.0175437799119175
239623,0.5465478295253635
239624,0.27647815435799306
239625,0.40047540916548874
239626,0.8280164166147777
239627,0.8246349212120662
239628,0.47745442480490496
239629,0.44958890287745257
239630,0.4446302852909495
239631,0.4090700433140473
239632,0.02630657982647111
239633,0.29939869376105005
239634,0.06293035664777452
239635,0.06936156094191008
239636,0.16944291681248608
239637,0.5996973016212088
239638,0.9346971425454843
239639,0.5953431717881476
239640,0.6175365078787934
239641,0.8535776130460274
239642,0.9067952604524114
239643,0.9314247276396344
239644,0.13736870571445453
239645,0.5814217733761777
239646,0.6554965207866522
239647,0.4782361683657469
239648,0.08992323460033359
239649,0.6675090105035429
239650,0.9773657969012048
239651,0.8294435531153844
239652,0.9743160880097809
239653,0.9519454961117348
239654,0.4694415533062753
239655,0.351898227896428
239656,0.8457374523340954
239657,0.5457115457160908
239658,0.1586621277059917
239659,0.7758395789492821
239660,0.8349066679998728
239661,0.1752878134359902
239662,0.5010203571477269
239663,0.08401925270769608
239664,0.7973511619345427
239665,0.5539607582912541
239666,0.4281591302648383
239667,0.3742869998772844
239668,0.4505797173906127
239669,0.8280027815526699
239670,0.10427640997904744
239671,0.4525749814790406
239672,0.19361788192945217
239673,0.8662491307647907
239674,0.49692074847400924
239675,0.8656491880320515
239676,0.6793033392267103
239677,0.7177314892669336
239678,0.22289690529540362
239679,0.6682725739815745
239680,0.2501443044073065
239681,0.9127174224278591
239682,0.9905054517523327
239683,0.007781075442798641
239684,0.4212597888383381
239685,0.30803877811663427
239686,0.4833175015112193
239687,0.9304611832506897
239688,0.635048472645793
239689,0.897037101003995
239690,0.8911694792769781
239691,0.4451302375682321
239692,0.93113384631467
239693,0.26388390199117356
239694,0.4826493834679417
239695,0.9377741215611237
239696,0.24351766422296053
239697,0.6130096672590344
239698,0.08569636534694415
239699,0.1257107276123643
239700,0.5160007453833952
239701,0.6138732211925226
239702,0.15982565300584944
239703,0.11647979056544602
239704,0.3420400779925552
239705,0.25006703905536287
239706,0.7585548652174111
239707,0.835179369242027
239708,0.672204016889297
239709,0.5148054049386196
239710,0.42863181241790554
239711,0.22675562787188497
239712,0.34498070638711753
239713,0.4020888915149008
239714,0.6945927888701533
239715,0.7921652933129111
239716,0.556842301416683
239717,0.12737875021020723
239718,0.8252984942346412
239719,0.19632671426818352
239720,0.787502102072075
239721,0.3284095609055499
239722,0.17625590284563747
239723,0.7106458019916281
239724,0.03744188054776589
239725,0.9117493330182119
239726,0.3899400511769331
239727,0.9329973048027234
239728,0.6275037382795279
239729,0.8060276064557474
239730,0.5522700105898982
239731,0.050813331454724775
239732,0.7122183791547171
239733,0.17454243004076886
239734,0.7378795660414234
239735,0.13305093604701368
239736,0.6078101635752952
239737,0.7233582248967144
239738,0.6209770885506384
239739,0.9785202321596574
239740,0.06038514505433572
239741,0.49629353561705475
239742,0.142481854004845
239743,0.2193017939196713
239744,0.11588439285340944
239745,0.4667281759468414
239746,0.17710127669631534
239747,0.7858795296812577
239748,0.6420250794242368
239749,0.7380931820144442
239750,0.19800382690743157
239751,0.7377341253789411
239752,0.17319710391280832
239753,0.7708627812799688
239754,0.8796069466096419
239755,0.40212979670122395
239756,0.15490794060566948
239757,0.31927406929338564
239758,0.018984551474631968
239759,0.3576794942300962
239760,0.8832066030060768
239761,0.4052204107789711
239762,0.8914694506433477
239763,0.17309711345735182
239764,0.6024652192290736
239765,0.25053517618772747
239766,0.28090045950159304
239767,0.9858377154907941
239768,0.9155762404497754
239769,0.9747978602042533
239770,0.3198649219847196
239771,0.38984915076288174
239772,0.7465196503970075
239773,0.6194272364910622
239774,0.2679062453129474
239775,0.1666295489975957
239776,0.7662859454324815
239777,0.3054026661091441
239778,0.5789856422796006
239779,0.2783097977011285
239780,0.2749192122570118
239781,0.6338622222424224
239782,0.06028969961958177
239783,0.5810672617613774
239784,0.7484285590920867
239785,0.2269147035964749
239786,0.7377523054617513
239787,0.5319174078837929
239788,0.20607578367519466
239789,0.8611268924329951
239790,0.536644229414465
239791,0.104640011635253
239792,0.4476618140995632
239793,0.25098967825798446
239794,0.6692770235568424
239795,0.11346644183964257
239796,0.11846141959176623
239797,0.6669863331227475
239798,0.776484971889047
239799,0.4623240508860517
239800,0.19922643747642269
239801,0.45237954558883015
239802,0.33774048840792464
239803,0.07791528990414551
239804,0.13717781484494662
239805,0.7978420241704202
239806,0.5981065443753096
239807,0.10075401893455624
239808,0.29910326741538307
239809,0.6364483390221842
239810,0.30565264224778543
239811,0.847641816008472
239812,0.6560328332295554
239813,0.5072788506551648
239814,0.5762268147131411
239815,0.3309456824575836
239816,0.6989151035582968
239817,0.08905059062544028
239818,0.26741538307706986
239819,0.08458283527481468
239820,0.8827384658737121
239821,0.6386481290422278
239822,0.7717536053376723
239823,0.20313970030133488
239824,0.6516423432308734
239825,0.054722049258934376
239826,0.48938964916985195
239827,0.6949291204021435
239828,0.05955795128646811
239829,0.44738002281600386
239830,0.5912344730730249
239831,0.8540321151162844
239832,0.24215415801218976
239833,0.9515864394762319
239834,0.687716172547166
239835,0.9866876343621745
239836,0.221183432490535
239837,0.5456024652192291
239838,0.5599829107221583
239839,0.028238213625063065
239840,0.5848850791515355
239841,0.3906490744065339
239842,0.6107507919698575
239843,0.6566873162107254
239844,0.8622131523809091
239845,0.7305757177723945
239846,0.6815440344330769
239847,0.3278141631935133
239848,0.5399257343617201
239849,0.309984046977334
239850,0.8980097354343449
239851,0.5953568068502552
239852,0.07429745342490034
239853,0.2869726071602256
239854,0.7439426236586508
239855,0.3462714922666472
239856,0.5373532526440659
239857,0.20381236336531514
239858,0.9620763472577618
239859,0.351602801550761
239860,0.07247490012317005
239861,0.07998781934451711
239862,0.32996850300653113
239863,0.9392376182273511
239864,0.8507733352725422
239865,0.863153971666341
239866,0.7564459756114189
239867,0.7741533762686289
239868,0.8665491021311602
239869,0.5345217047463652
239870,0.2516032560528313
239871,0.06158957554051658
239872,0.5699637761850005
239873,0.3771003676921748
239874,0.7558687579821926
239875,0.09025502111162116
239876,0.7991964403397858
239877,0.5238727212402453
239878,0.5206593916035287
239879,0.4901941178342067
239880,0.19236345621554307
239881,0.8898786933974484
239882,0.5801764377036738
239883,0.0970589171033674
239884,0.9926643365860532
239885,0.7745397030283473
239886,0.3519391330827512
239887,0.03850541539216711
239888,0.6197499329609446
239889,0.20828920875734588
239890,0.3365860531494721
239891,0.5233318637766395
239892,0.3317274260184255
239893,0.3669058862563119
239894,0.9408829157216811
239895,0.7750032951400093
239896,0.39716663409401826
239897,0.09897237081914907
239898,0.8026506560737385
239899,0.09244117606955699
239900,0.9675394621422501
239901,0.6683271142300053
239902,0.5138327705082697
239903,0.38073183923352766
239904,0.26454747501374865
239905,0.36082919357697674
239906,0.9564223415037656
239907,0.19197258443512213
239908,0.018861835915662598
239909,0.5138736756945929
239910,0.936937837751851
239911,0.7577913017393795
239912,0.9689575086014517
239913,0.8897968830248022
239914,0.037860022452402275
239915,0.008808250121579304
239916,0.7462469491548535
239917,0.927175133282732
239918,0.8202035260270611
239919,0.689984137877748
239920,0.3716508878697942
239921,0.6995650415187642
239922,0.7364933347271396
239923,0.9449916144368038
239924,0.009862694924575382
239925,0.4412260647847251
239926,0.9829834424895806
239927,0.813513255552879
239928,0.42601842551392816
239929,0.3061980447320937
239930,0.3602701560305607
239931,0.05105421755196095
239932,0.23425945705182688
239933,0.8366974061566851
239934,0.9551497357070461
239935,0.7874157466787262
239936,0.8400789015593966
239937,0.5898436967380387
239938,0.6666454565700547
239939,0.9109448643538571
239940,0.6880206889342381
239941,0.7446743719917644
239942,0.4000572672608524
239943,0.2614386808531913
239944,0.9858104453665787
239945,0.8729030410733521
239946,0.2330732066484563
239947,0.6020334422623296
239948,0.24091336736038832
239949,0.4490662254966571
239950,0.5493793774230642
239951,0.6076829029956231
239952,0.8973370723703648
239953,0.2877634407624726
239954,0.10196299444143968
239955,0.6953608973688875
239956,0.059048908967780346
239957,0.5178232986851256
239958,0.4159830198026552
239959,0.08335567968512096
239960,0.0031406093054753862
239961,0.5797173906127143
239962,0.9114584516932475
239963,0.8805432208743712
239964,0.08787797528417741
239965,0.09047772712604706
239966,0.6048695351807328
239967,0.7017466514559975
239968,0.4406261220519859
239969,0.43439035364806083
239970,0.48765345126147047
239971,0.6175001477131729
239972,0.34150376554965206
239973,0.9936733311820236
239974,0.1725653460351512
239975,0.16114825403029712
239976,0.20662118615950295
239977,0.8893060207889247
239978,0.4412578799296431
239979,0.9988910149485731
239980,0.7719081360415597
239981,0.13705055426527468
239982,0.7236900114080019
239983,0.3972166293217465
239984,0.38369064771090033
239985,0.07577458515323536
239986,0.5352670881415865
239987,0.8202580662754919
239988,0.156812304280046
239989,0.0399870921412047
239990,0.27879156989560083
239991,0.7582821639752569
239992,0.4037160089264207
239993,0.4274955572422632
239994,0.7366933156380527
239995,0.2835365715090832
239996,0.983642470491453
239997,0.34103108339658483
239998,0.5987019420873463
239999,0.06377573049845242
240000,0.6158866653637607
240001,0.23051890501361233
240002,0.11243472214015934
240003,0.2081574031569714
240004,0.49013957758577587
240005,0.5709773158016735
240006,0.8672354002572482
240007,0.7757986737629591
240008,0.9038182718922285
240009,0.9280750473818409
240010,0.154648874425623
240011,0.31738788570181936
240012,0.7674540157530417
240013,0.5753359906554374
240014,0.5519836742856363
240015,0.5553606246676454
240016,0.7317119729480368
240017,0.892860226978334
240018,0.6774762409042773
240019,0.8003781457224538
240020,0.32108753255371075
240021,0.7412565164234324
240022,0.41666022788733803
240023,0.9168624813086024
240024,0.7611364369764704
240025,0.14657237263715736
240026,0.24122697378886562
240027,0.02853363997073007
240028,0.4058567136773307
240029,0.004340494770953681
240030,0.9232527804164148
240031,0.09568632085119147
240032,0.19238163629835334
240033,0.02812458810749883
240034,0.9899145990609988
240035,0.27828252757691313
240036,0.8102090255021113
240037,0.3078751573713418
240038,0.4297362524486299
240039,0.6122415587603002
240040,0.7818935465251043
240041,0.7237127365115148
240042,0.29835788402016167
240043,0.992887042600479
240044,0.4825539380331877
240045,0.18714122742829095
240046,0.4170374646056513
240047,0.47413655969202934
240048,0.9095949932051941
240049,0.8307525190777244
240050,0.16608869153398995
240051,0.7609137309620446
240052,0.25303039255343807
240053,0.4468664354766136
240054,0.9900554947027783
240055,0.46522831911499357
240056,0.5099513228282755
240057,0.8590316378891106
240058,0.6464110244022162
240059,0.9244617559232983
240060,0.13846405570377374
240061,0.3824180419141809
240062,0.5442298689670532
240063,0.8808431922407407
240064,0.7745124329041319
240065,0.36057467241763286
240066,0.6274855581967176
240067,0.8924420850736976
240068,0.9743797182996169
240069,0.9594584153330818
240070,0.03780093718326887
240071,0.9497820662573119
240072,0.005858531685611828
240073,0.6277400793560616
240074,0.4151876411797056
240075,0.4435849305293585
240076,0.48859881556760487
240077,0.5996609414555883
240078,0.8713622790551812
240079,0.8970007408383746
240080,0.49941141981901727
240081,0.9184259684302862
240082,0.7114002754282547
240083,0.4790224569472914
240084,0.6024833993118839
240085,0.005167688538821294
240086,0.8246076510878508
240087,0.3514073656605506
240088,0.9045409301839371
240089,0.5425027611000768
240090,0.022379681939451238
240091,0.10452184109698619
240092,0.6590689070588717
240093,0.07748351293740142
240094,0.3169833788592907
240095,0.4726048877152635
240096,0.7635589330109399
240097,0.4209598174719686
240098,0.4148694897305257
240099,0.22168338476781763
240100,0.2745647006422114
240101,0.5708091500356784
240102,0.018034642147794985
240103,0.21307966057785394
240104,0.9880329604901351
240105,0.29224483117520594
240106,0.6954972479899646
240107,0.09595447707264305
240108,0.9093404720458502
240109,0.4821585212320642
240110,0.3140382054440258
240111,0.9835515700774017
240112,0.581471768603906
240113,0.8882924811722517
240114,0.8681307693356544
240115,0.9725298948736711
240116,0.877388976506788
240117,0.04280954999750024
240118,0.9177305802627932
240119,0.5728135041655116
240120,0.36926020698024276
240121,0.1667886247221856
240122,0.6563782548029506
240123,0.08725530744792542
240124,0.5242635930206663
240125,0.8057594502342958
240126,0.787565732361911
240127,0.3181968993868767
240128,0.021061625935706138
240129,0.8436740129351289
240130,0.20082173974302456
240131,0.9191031765149691
240132,0.21123892719331336
240133,0.5183641561487313
240134,0.6998604678644311
240135,0.11010767154044386
240136,0.5084923711827508
240137,0.08645992882497579
240138,0.9713027392839775
240139,0.011221656114643602
240140,0.5760541039264434
240141,0.0711659341608301
240142,0.9346653274005663
240143,0.4674053840315242
240144,0.8690579535589785
240145,0.6755855122920086
240146,0.6255084741911
240147,0.3523709100494953
240148,0.38406333940851095
240149,0.8902922902813822
240150,0.8695533608155586
240151,0.7621999718208716
240152,0.018334613514164558
240153,0.09062771280923185
240154,0.30309834061294144
240155,0.4707686993514255
240156,0.6835802037078279
240157,0.3105703546479654
240158,0.0677298985096877
240159,0.25403938714940844
240160,0.13110112216561148
240161,0.31046127415110375
240162,0.23763640743383588
240163,0.6671363188059322
240164,0.9491457633589522
240165,0.6668590725430754
240166,0.049799791838051825
240167,0.7312938310434004
240168,0.7691174933301822
240169,0.17008376473154838
240170,0.5061380504588199
240171,0.14625876620868009
240172,0.19332700060448776
240173,0.4044886624458574
240174,0.7876748128587726
240175,0.9325064425668459
240176,0.25288495189095583
240177,0.6409070043314048
240178,0.3583794274182919
240179,0.10644892987487557
240180,0.20235795674049295
240181,0.27332390999040995
240182,0.24988069320655756
240183,0.13214193190649984
240184,0.8408424650374282
240185,0.051849596174910584
240186,0.8981824462210425
240187,0.3494075565514201
240188,0.29394921393866946
240189,0.07937424154967025
240190,0.9609628171856324
240191,0.9153444443939442
240192,0.9578222078801569
240193,0.7598592861590485
240194,0.25288495189095583
240195,0.9462596752128206
240196,0.0865917344253503
240197,0.2544757091368551
240198,0.7078915194458711
240199,0.6599506410751702
240200,0.9627671904045524
240201,0.23874539248526278
240202,0.7815753950759246
240203,0.6759445689275114
240204,0.4199053726689725
240205,0.6341667386294945
240206,0.6853754868853429
240207,0.38156357802209784
240208,0.41070625076697226
240209,0.5657232718695034
240210,0.31471541352870863
240211,0.6415933024574927
240212,0.11102576572236286
240213,0.7365296948927603
240214,0.09916780670935955
240215,0.9087178042095981
240216,0.9573268006235769
240217,0.12461537762304506
240218,0.5446025606646638
240219,0.5294312815594876
240220,0.41651933224555837
240221,0.3107067052690425
240222,0.812922402861545
240223,0.5441753287186224
240224,0.10709886783534298
240225,0.46783261597756576
240226,0.0777243990346376
240227,0.06697088005235863
240228,0.5915935297085279
240229,0.5787538462237696
240230,0.5913662786733994
240231,0.0004772271737697765
240232,0.985110512178383
240233,0.20551674612877863
240234,0.7940378418423696
240235,0.6511014857672678
240236,0.47218674581062714
240237,0.33611791601710744
240238,0.30285290949500276
240239,0.033674058385335943
240240,0.2332504624558565
240241,0.6671999490957681
240242,0.03486030878870653
240243,0.43804000527222403
240244,0.7320528495007295
240245,0.9403147881338599
240246,0.8636402888815159
240247,0.6236859208893697
240248,0.8512005672185837
240249,0.5869894237368252
240250,0.6065648279027912
240251,0.5617509237754578
240252,0.5868985233227738
240253,0.7111412092482082
240254,0.6556692315733499
240255,0.9123674558337613
240256,0.1443907626999241
240257,0.02824275864576563
240258,0.5324309952231833
240259,0.5448207216583872
240260,0.9887328936783308
240261,0.019211802509760435
240262,0.046786443112248374
240263,0.43742642747737714
240264,0.5031337917744216
240265,0.789538271346826
240266,0.5506383481576759
240267,0.024193145199776386
240268,0.9004822266965425
240269,0.8077547143227237
240270,0.6422477854386627
240271,0.9926734266274583
240272,0.7527054235732044
240273,0.9457506328941329
240274,0.022902359320246705
240275,0.44843901263970254
240276,0.6809350016589326
240277,0.8865608282845729
240278,0.6019379968275755
240279,0.9527499647760896
240280,0.9751296467155408
240281,0.8378472963944351
240282,0.9984183327955058
240283,0.1854868398925557
240284,0.8413196922111981
240285,0.24973525254407536
240286,0.1059580676389981
240287,0.6321169342926357
240288,0.7585503201967085
240289,0.6532012853318547
240290,0.49091223110521265
240291,0.6400161802737012
240292,0.13370996404888624
240293,0.8894241913271915
240294,0.9427690993132475
240295,0.37208266483653835
240296,0.07287940696569872
240297,0.06765263315774403
240298,0.8117497875202823
240299,0.17587412110662165
240300,0.8934965298766936
240301,0.4206689361470041
240302,0.6847709991319011
240303,0.5525836170183756
240304,0.5875166461383231
240305,0.8372064484753728
240306,0.47075506428931785
240307,0.474700142259148
240308,0.7579503774639693
240309,0.911590257293622
240310,0.9688166129596721
240311,0.5594784134241733
240312,0.7793892401179887
240313,0.8667127228764527
240314,0.7922061984992342
240315,0.24291317646951882
240316,0.4970525540743838
240317,0.0633484985524109
240318,0.44918439603492394
240319,0.5161916362529031
240320,0.8345203412401543
240321,0.45867439926188863
240322,0.40374782407133863
240323,0.6414933120020362
240324,0.08238304525477112
240325,0.383704282773008
240326,0.9424782179882829
240327,0.07470196026742902
240328,0.3060980542766372
240329,0.2351321010267202
240330,0.12470173301639388
240331,0.7970011953404448
240332,0.4429531726517014
240333,0.22043350407461107
240334,0.3656287354388899
240335,0.3249962503579204
240336,0.41221519764022524
240337,0.5566059603401493
240338,0.2120206707541553
240339,0.6459110721249335
240340,0.5046154685234591
240341,0.012044304861808644
240342,0.6345076151821872
240343,0.7842024170420097
240344,0.811636162002718
240345,0.914376354984297
240346,0.8716713404629558
240347,0.5892482990260021
240348,0.9510274019298158
240349,0.1728153221737925
240350,0.4081928543184514
240351,0.46301943905354487
240352,0.36018834565791447
240353,0.5168370291926679
240354,0.9887465287404384
240355,0.5320764836083829
240356,0.1411774330632076
240357,0.4135377986646729
240358,0.85849987046691
240359,0.5609146399661851
240360,0.11059398875561878
240361,0.6428113680057813
240362,0.8495007294758228
240363,0.8732484626467474
240364,0.9771203657832662
240365,0.5352579981001814
240366,0.9686757173178924
240367,0.0009953595338626766
240368,0.22261511401184433
240369,0.8413469623354135
240370,0.01917544234413988
240371,0.6490425913890038
240372,0.1780739111266652
240373,0.22024715822580573
240374,0.5646415569422919
240375,0.6678362519941279
240376,0.9402147976784034
240377,0.37192358911194834
240378,0.47410928956781395
240379,0.05042700469500639
240380,0.019825380304607287
240381,0.915853486712632
240382,0.12119297703401039
240383,0.7170588262029534
240384,0.1235882029442644
240385,0.3778548411288013
240386,0.8757345889710528
240387,0.8605451297830662
240388,0.36559692029397195
240389,0.032605978520232164
240390,0.7170361010994405
240391,0.6705405393121565
240392,0.11596620322605568
240393,0.9772158112180201
240394,0.6047286395389532
240395,0.03358315797128456
240396,0.23679103358315798
240397,0.9496139004913168
240398,0.5844669372468991
240399,0.6362119979456506
240400,0.08791888047050053
240401,0.5367260397871113
240402,0.14764954254366627
240403,0.019925370760063815
240404,0.17066552738147722
240405,0.7982328959508411
240406,0.06506197135727952
240407,0.13707327936878752
240408,0.670631439726208
240409,0.33494530067584455
240410,0.37287349843878537
240411,0.5433526799714573
240412,0.6137005104058249
240413,0.6404661373232555
240414,0.6812349730253021
240415,0.2778871107757896
240416,0.04001436226542012
240417,0.1176978561137346
240418,0.1916453429445371
240419,0.399311883865631
240420,0.708600542675472
240421,0.7372568982051714
240422,0.46866435476613594
240423,0.9335881574940573
240424,0.5260770562809914
240425,0.5413346907795165
240426,0.61337326891524
240427,0.5116420705296314
240428,0.2240286154503434
240429,0.9610219024547657
240430,0.8185445934706232
240431,0.2861635934751683
240432,0.7923925443480395
240433,0.5473795683139338
240434,0.7265306493471078
240435,0.12192927038782661
240436,0.6284627376477699
240437,0.19588130223933173
240438,0.15251271469541544
240439,0.6319805836715586
240440,0.1742697287986147
240441,0.750410188118407
240442,0.6609050954227097
240443,0.4275001022629658
240444,0.9403965985065061
240445,0.05723999072815777
240446,0.17837842751373734
240447,0.5129692165747816
240448,0.26143413583248865
240449,0.9638216352075484
240450,0.32902313870039673
240451,0.3039482594843219
240452,0.5741679203348772
240453,0.2789324655373805
240454,0.07002058894378263
240455,0.33290458638039094
240456,0.8682853000395417
240457,0.5509246844619378
240458,0.6447157316801578
240459,0.4928120497588866
240460,0.03330591170842783
240461,0.8130905686275401
240462,0.7531144754364356
240463,0.5115057199085543
240464,0.8881515855304721
240465,0.5292176655864668
240466,0.48546729630353463
240467,0.4412078847019148
240468,0.5732134659873376
240469,0.7424654919303157
240470,0.05869894237368251
240471,0.7596865753723508
240472,0.7392248921693838
240473,0.4476481790374555
240474,0.2049622536030652
240475,0.8585544107153409
240476,0.6285672731239291
240477,0.24244049431645162
240478,0.16901568486644458
240479,0.6226132960035633
240480,0.45884711004858625
240481,0.0969543816272083
240482,0.743297230718886
240483,0.09826789261025085
240484,0.7711218474600152
240485,0.8503461033265006
240486,0.7598411060762382
240487,0.6231314283636562
240488,0.7295121829279932
240489,0.9497093459260707
240490,0.2163884356493244
240491,0.5040427959149354
240492,0.2252421359779294
240493,0.016457519964003436
240494,0.5518700487680721
240495,0.8307706991605347
240496,0.6222633294094655
240497,0.6287308938692217
240498,0.945664277500784
240499,0.18300071356825032
240500,0.16925657096368074
240501,0.2964489753250826
240502,0.14463619381786286
240503,0.10202207971057307
240504,0.8287572549892965
240505,0.7335890664981979
240506,0.5786629458097182
240507,0.2593297912471991
240508,0.2249603446943701
240509,0.3940396598506506
240510,0.658264438394517
240511,0.35827489194213274
240512,0.2340458410788061
240513,0.5875121011176206
240514,0.4318724121788375
240515,0.3682330323014621
240516,0.8012689697801574
240517,0.4260366055967385
240518,0.8689079678757937
240519,0.31300194072383997
240520,0.8505233591339009
240521,0.7019466323669105
240522,0.5000022725103513
240523,0.9471504992705242
240524,0.47134137195994924
240525,0.2936083373859768
240526,0.06717086096327168
240527,0.7769758341249244
240528,0.4086564464301135
240529,0.07667904427304666
240530,0.3969848332659155
240531,0.3590884506478927
240532,0.21951995491339463
240533,0.506538012280646
240534,0.9493457442698652
240535,0.29788974688779707
240536,0.8252075938205898
240537,0.4156875934569882
240538,0.9588948327659633
240539,0.9990228205489476
240540,0.985533199103722
240541,0.7660496043559478
240542,0.0418823657741761
240543,0.757827661905
240544,0.800269065225592
240545,0.19061816826575645
240546,0.46426931974675145
240547,0.521850187027602
240548,0.773244372128115
240549,0.6053876675408257
240550,0.46130596624867626
240551,0.6421614300453138
240552,0.2451493266551829
240553,0.8380790924502662
240554,0.4586016789306475
240555,0.2993077933469987
240556,0.4335631598801932
240557,0.08859154353448079
240558,0.13861404138695851
240559,0.3677921652933129
240560,0.7784620558946647
240561,0.12226560191981674
240562,0.4198781025447571
240563,0.2118252348639448
240564,0.0021316147095050016
240565,0.39532590070947776
240566,0.760054722049259
240567,0.3517527872339458
240568,0.2521804736820576
240569,0.4380127351480086
240570,0.3400720840283427
240571,0.18663673013030577
240572,0.24818085546379665
240573,0.3399539134900759
240574,0.24853536707859705
240575,0.3994891396730312
240576,0.9643306775262361
240577,0.35901573031665157
240578,0.4576654046659182
240579,0.0813195104103699
240580,0.9737570504633649
240581,0.5058698942373683
240582,0.1890001408956418
240583,0.12144749819335426
240584,0.9185032337822299
240585,0.6302716558873926
240586,0.8196399434599425
240587,0.19250889687802528
240588,0.6178546593279732
240589,0.12190654528431377
240590,0.39475777312165655
240591,0.35640234341267424
240592,0.47172769871966763
240593,0.9810427186495835
240594,0.9801200794469619
240595,0.505692638429968
240596,0.5141645570195572
240597,0.10410369919234981
240598,0.6607914699051455
240599,0.12611523445489295
240600,0.749342108253303
240601,0.3054890215024929
240602,0.19169988319296793
240603,0.4962889905963521
240604,0.6245312947400475
240605,0.1669249753432627
240606,0.39641670567809434
240607,0.4894805495839033
240608,0.4214688597906563
240609,0.17882383954258912
240610,0.09300930365737814
240611,0.6329077678948828
240612,0.10735338899468687
240613,0.8901104894532795
240614,0.11437090095945386
240615,0.5560696478972462
240616,0.8929238572681698
240617,0.27997782029897145
240618,0.15839397148454012
240619,0.8797523872721241
240620,0.6947564096154458
240621,0.7283304775453252
240622,0.6995514064566565
240623,0.37903654651146934
240624,0.12270646892796597
240625,0.5962930811149845
240626,0.632989578267529
240627,0.5886665363760732
240628,0.24665372850773337
240629,0.7976874934665327
240630,0.7431245199321883
240631,0.12042941355597875
240632,0.8344021707018876
240633,0.6834802132523714
240634,0.018289163307138867
240635,0.16447520918457786
240636,0.5556742310961227
240637,0.07097504329132218
240638,0.631671522263784
240639,0.9631217020193528
240640,0.16809304566382302
240641,0.11128483190240931
240642,0.3711009403647833
240643,0.33411810690797694
240644,0.4144831629708073
240645,0.931524718095091
240646,0.5273405720363057
240647,0.5023838633584976
240648,0.8562182700742202
240649,0.9692256648229033
240650,0.8282073074842856
240651,0.8122770099217802
240652,0.45730634803041526
240653,0.6033742233695875
240654,0.45039791656250994
240655,0.5541561941814646
240656,0.782816185727726
240657,0.46329214029569904
240658,0.23948168583907903
240659,0.7057871748605815
240660,0.1824098608769163
240661,0.7777757577685767
240662,0.41055626508378745
240663,0.9503865540107536
240664,0.8002463401220793
240665,0.25310765790538176
240666,0.5505110875780039
240667,0.4854763863449398
240668,0.18139632126024335
240669,0.45232500534039927
240670,0.3962712650156121
240671,0.6909431372459902
240672,0.5796901204884989
240673,0.8803750551083761
240674,0.034537612318824115
240675,0.43198149267569913
240676,0.7089641443316775
240677,0.9499320519404967
240678,0.33739052181382684
240679,0.6719631307920608
240680,0.9128628630903414
240681,0.16080737747760443
240682,0.43391767149499366
240683,0.48684443757641316
240684,0.9197349343926262
240685,0.9215847578185719
240686,0.8781161798191991
240687,0.047286395389531
240688,0.08673717508783252
240689,0.7383522481944905
240690,0.07533371814508615
240691,0.8831384276955382
240692,0.2689425100331332
240693,0.6619459051635981
240694,0.8901922998259257
240695,0.9864967434926666
240696,0.2866499106903432
240697,0.06792078937919561
240698,0.16487517100640395
240699,0.11363006258493508
240700,0.41827825525745266
240701,0.34410806241222425
240702,0.7085278223442308
240703,0.9451961403684194
240704,0.6629958049458915
240705,0.029497184359674758
240706,0.6103962803550571
240707,0.6838756300534949
240708,0.7520191254471165
240709,0.13283277505329036
240710,0.7359161170979134
240711,0.39764386126778806
240712,0.04597288440648847
240713,0.9423691374914213
240714,0.47794074202007986
240715,0.957472241286059
240716,0.7411474359265706
240717,0.36418341885547284
240718,0.12954672508533277
240719,0.7301030356193272
240720,0.37433699510501267
240721,0.16516605233136838
240722,0.343730825693911
240723,0.5281041355143373
240724,0.3478304343676285
240725,0.7280214161375506
240726,0.9835833852223197
240727,0.6888069775157826
240728,0.578253893946487
240729,0.8234532158293981
240730,0.665122874634694
240731,0.6166502288417924
240732,0.6923293685602738
240733,0.15263543025438484
240734,0.6943291776694043
240735,0.7485376395889483
240736,0.5527745078878835
240737,0.15254452984033345
240738,0.40325696183546117
240739,0.41745106148958505
240740,0.5017066552738149
240741,0.6118234168556639
240742,0.47154589789156487
240743,0.4273228464555656
240744,0.5146054240277065
240745,0.7139682121252062
240746,0.6135687048054504
240747,0.7366524104517296
240748,0.2635657505419937
240749,0.6330304834538523
240750,0.1812372455356534
240751,0.6405343126337941
240752,0.3117202448857154
240753,0.03291049490730431
240754,0.18860926911522083
240755,0.4725957976738584
240756,0.6104917257898109
240757,0.5028110953045392
240758,0.02514759954731594
240759,0.665586466746356
240760,0.6832529622172429
240761,0.399511864776544
240762,0.38771299103267415
240763,0.4161511855686503
240764,0.49057135455252
240765,0.5945705182687108
240766,0.6647138227714627
240767,0.9319155898755119
240768,0.7089323291867595
240769,0.7797482967534918
240770,0.6260811467996237
240771,0.8763799819108177
240772,0.5126374300634939
240773,0.33548615813945026
240774,0.028324569018411877
240775,0.41659205257679943
240776,0.45484749183032525
240777,0.8892696606233041
240778,0.6298216988378382
240779,0.9400011817053826
240780,0.3908036051104212
240781,0.5914208189218302
240782,0.3426354757045918
240783,0.9143354497979739
240784,0.7173224374037024
240785,0.8024643102249331
240786,0.3987119411328918
240787,0.9210529903963713
240788,0.38298616950200204
240789,0.6858754391626255
240790,0.29241299694120104
240791,0.8417651042400499
240792,0.5954068020779835
240793,0.549433917671495
240794,0.4061021447952695
240795,0.7125910708523278
240796,0.3456533694510978
240797,0.07942423677739852
240798,0.22182882543029983
240799,0.08083773821589757
240800,0.5528154130742067
240801,0.12438358156721403
240802,0.6312942855454706
240803,0.9738888560637393
240804,0.24718549592993397
240805,0.03208784616013926
240806,0.2503124701733016
240807,0.9042591389003778
240808,0.45321582939810284
240809,0.3810727157862204
240810,0.911294830947955
240811,0.8340158439421692
240812,0.5750905595374988
240813,0.013925943432672335
240814,0.49316201635298446
240815,0.588162039078088
240816,0.09597265715545333
240817,0.8197217538325887
240818,0.9438962644474845
240819,0.48925329854877486
240820,0.9734388990141851
240821,0.001318056003745097
240822,0.6844801178069367
240823,0.3752596343076342
240824,0.14893123838179084
240825,0.5089741433772231
240826,0.32476445430208933
240827,0.07285668186218588
240828,0.09295930842964989
240829,0.6373937033283187
240830,0.5634734866217316
240831,0.9901873003031529
240832,0.3856631866958154
240833,0.09434553974393353
240834,0.7589457369978321
240835,0.039973457079097
240836,0.12315188095681776
240837,0.9868558001281696
240838,0.8039005367669451
240839,0.4061521400229978
240840,0.7816253903036529
240841,0.43975347807709264
240842,0.4365537835024838
240843,0.7205175869576086
240844,0.9824016798396518
240845,0.28076865390121847
240846,0.4799223710464001
240847,0.11176205907617909
240848,0.018034642147794985
240849,0.7043963985255952
240850,0.08035596602142522
240851,0.9167215856668228
240852,0.08847791801691657
240853,0.7740488407924698
240854,0.3297730671163207
240855,0.3557842205971248
240856,0.7072915767131319
240857,0.05414937665041064
240858,0.35487976147731354
240859,0.9020911640252521
240860,0.6656591870775971
240861,0.014771317283350226
240862,0.50712886497198
240863,0.20878916103462852
240864,0.24466300944000802
240865,0.39508501461224155
240866,0.5281541307420655
240867,0.815963021711564
240868,0.5706364392489809
240869,0.22869635171188207
240870,0.5410074492889315
240871,0.8020507133409993
240872,0.4953663513937306
240873,0.31590620895278176
240874,0.2004717731489267
240875,0.4174374264274774
240876,0.44155785129601266
240877,0.9153853495802674
240878,0.28847246399207344
240879,0.3558478508869608
240880,0.994027842796824
240881,0.3227237400066357
240882,0.5033564977888474
240883,0.711027583730644
240884,0.4822630567082233
240885,0.8818658218988188
240886,0.7464742001899819
240887,0.7522600115443526
240888,0.9089223301412138
240889,0.38915830761609116
240890,0.5331536535148917
240891,0.11236200180891823
240892,0.21027992782507124
240893,0.4562609932688243
240894,0.7052417723762732
240895,0.4904350039314429
240896,0.7824207689266025
240897,0.24647192767963058
240898,0.10894869126128869
240899,0.8587362115434436
240900,0.7192631612436995
240901,0.4687052599524591
240902,0.2846955517882384
240903,0.626331122938265
240904,0.2848409924507206
240905,0.08346476018198262
240906,0.1849096222633294
240907,0.6013698692397544
240908,0.0032178746574190644
240909,0.9461415046745538
240910,0.9812608796433068
240911,0.26297489785065964
240912,0.9141491039491686
240913,0.2240422505124511
240914,0.29640807013875947
240915,0.6100599488230669
240916,0.40256611868867065
240917,0.6370301016721132
240918,0.3213784138786752
240919,0.8327659632489627
240920,0.185177778484781
240921,0.21050263383949716
240922,0.8790569991046309
240923,0.2065530108489644
240924,0.7244990250930594
240925,0.01493493802864272
240926,0.3913171924498116
240927,0.7243263143063616
240928,0.6634866671817691
240929,0.740679298794206
240930,0.18667763531662887
240931,0.8094545520654847
240932,0.26894705505383576
240933,0.01879366060512406
240934,0.6754764317951468
240935,0.5325400757200449
240936,0.6781216338440421
240937,0.6406661182341685
240938,0.3276141822826003
240939,0.5361397321164798
240940,0.8948873062116799
240941,0.40530222115161735
240942,0.5942160066539104
240943,0.2789733707237036
240944,0.5408392835229365
240945,0.5423345953340818
240946,0.2790370010135396
240947,0.7418746392389817
240948,0.5257770849146218
240949,0.995273178469328
240950,0.6516923384586017
240951,0.5171142754555248
240952,0.3519436781034538
240953,0.27774621513400993
240954,0.9056862754009846
240955,0.44639829834424893
240956,0.7160771017311983
240957,0.06009426372937129
240958,0.5995518609587267
240959,0.4334540793833316
240960,0.34099017821026173
240961,0.09398648310843055
240962,0.3143745369760159
240963,0.0929729434917576
240964,0.5826989241935997
240965,0.24027706446202862
240966,0.7782438949009413
240967,0.1368414833129565
240968,0.9395921298421515
240969,0.398193808772799
240970,0.10578081183159788
240971,0.675971839051727
240972,0.05714909031410638
240973,0.21946995968566635
240974,0.9685257316347077
240975,0.011989764613377812
240976,0.4826766535921571
240977,0.25391212656973655
240978,0.5747633180469137
240979,0.3788365656005563
240980,0.8979051999581859
240981,0.011062580390053676
240982,0.01592120752110026
240983,0.7619772658064459
240984,0.046904613650515174
240985,0.1737061462314961
240986,0.13595974929665805
240987,0.6875480067811709
240988,0.3095113648242667
240989,0.7915789856422796
240990,0.38584498752391816
240991,0.40302062075892753
240992,0.3302048440830648
240993,0.32782325323491845
240994,0.20743928988596544
240995,0.30546175137827747
240996,0.7718854109380469
240997,0.6433204103244691
240998,0.23316865208321025
240999,0.5960476499970457
241000,0.6138232259647942
241001,0.8777662132251012
241002,0.5378032096936203
241003,0.11665704637284623
241004,0.5543334499888648
241005,0.21018448239031728
241006,0.29828516368892055
241007,0.34633057753578067
241008,0.29512182927993236
241009,0.7372432631430637
241010,0.04449575267815345
241011,0.13032392362547213
241012,0.6198817385613192
241013,0.16049831606982973
241014,0.49287568004872256
241015,0.6443112248376291
241016,0.18243258598042913
241017,0.6691088577908473
241018,0.28644538475872755
241019,0.3048708986869435
241020,0.642138704941801
241021,0.5011748878516142
241022,0.7701719381331782
241023,0.3161243699465051
241024,0.36982833456806397
241025,0.22134250821512494
241026,0.6411342553665332
241027,0.1310693070206935
241028,0.2490762245422028
241029,0.2109389558269438
241030,0.6024379491048582
241031,0.7379159262070439
241032,0.09241845096604413
241033,0.008908240577035828
241034,0.3202057985374123
241035,0.6373709782248059
241036,0.9869376105008159
241037,0.48008144677099
241038,0.6817576504060976
241039,0.5334581699019639
241040,0.8121270242385954
241041,0.36448339022184245
241042,0.8892969307475196
241043,0.5433254098472419
241044,0.5727907790619987
241045,0.8240940637484604
241046,0.23106885251862322
241047,0.6198771935406167
241048,0.535398893741961
241049,0.65650097036192
241050,0.00649483458397153
241051,0.9608537366887706
241052,0.3093113839133537
241053,0.05403120611214384
241054,0.07320210343558115
241055,0.9113357361342781
241056,0.8701987537553233
241057,0.6526831529717618
241058,0.9766067784438758
241059,0.7388794705959886
241060,0.7863158516687044
241061,0.9254116652501353
241062,0.5494702778371156
241063,0.2577526690634076
241064,0.05111330282109435
241065,0.3806954790679071
241066,0.878370700978543
241067,0.01461678657946287
241068,0.10843510392189837
241069,0.08216942928175038
241070,0.6834574881488585
241071,0.8799205530381191
241072,0.2438221806100327
241073,0.00862644929347653
241074,0.10482181246335576
241075,0.23030528904059158
241076,0.4522341049263479
241077,0.15263543025438484
241078,0.8867289940505678
241079,0.9054908395107739
241080,0.05359033910399462
241081,0.3911081214974934
241082,0.3784138786752173
241083,0.7291258561682749
241084,0.6846710086764445
241085,0.5341081078624313
241086,0.6732857318165085
241087,0.10788515641688746
241088,0.19919462233150473
241089,0.6219724480845011
241090,0.6763945259770658
241091,0.5567923061889548
241092,0.18995459524318134
241093,0.026483835633871314
241094,0.11599801837097368
241095,0.5989928234123106
241096,0.3068979779202894
241097,0.6200635393894219
241098,0.37845932888224304
241099,0.6929474913758232
241100,0.03801455315628963
241101,0.8741301966630458
241102,0.40801105349034866
241103,0.1754968843883084
241104,0.5721362960808287
241105,0.4083519300430413
241106,0.7435835670231478
241107,0.06194863217601956
241108,0.7867930788424742
241109,0.5307720626667455
241110,0.4926984242413224
241111,0.8907876975379624
241112,0.22124251775966838
241113,0.0010680798651037857
241114,0.4185373214374991
241115,0.5000840828829975
241116,0.7254898396062194
241117,0.7813208739165807
241118,0.7585548652174111
241119,0.26446111962039986
241120,0.6721631117029738
241121,0.4057476331804691
241122,0.2786370391917135
241123,0.6500924911712973
241124,0.8079047000059085
241125,0.8151721881093169
241126,0.558087637089187
241127,0.07796983015257633
241128,0.0989087405293131
241129,0.6584825993882403
241130,0.5452797687493466
241131,0.45592011671613164
241132,0.2628567273123929
241133,0.007894700960362874
241134,0.29399011912499257
241135,0.5785538653128565
241136,0.7876339076724495
241137,0.47905427209220935
241138,0.37481422227878247
241139,0.23525481658568956
241140,0.44156694133741775
241141,0.8328750437458242
241142,0.2813640516132551
241143,0.5501702110253113
241144,0.8646401934360811
241145,0.19080905913526439
241146,0.19660850555174278
241147,0.9223801364415215
241148,0.30709795883120244
241149,0.8189945505201777
241150,0.4925393485167325
241151,0.9203076070011499
241152,0.7149862967625817
241153,0.3326773353452625
241154,0.844305770812786
241155,0.3525072606705723
241156,0.7946514196372165
241157,0.5984019707209767
241158,0.18101453952122754
241159,0.9783111612073394
241160,0.9324064521113894
241161,0.2530122124706278
241162,0.38256802759736563
241163,0.6581871730425732
241164,0.15787583912444722
241165,0.9750387463014895
241166,0.626753809863604
241167,0.7231764240686117
241168,0.09272296735311628
241169,0.09694074656510059
241170,0.21973357088641537
241171,0.004072338549502092
241172,0.04455029292658429
241173,0.4571427272851228
241174,0.1444952981760832
241175,0.5215184005163144
241176,0.7804482299416874
241177,0.6808713713690966
241178,0.478867926243404
241179,0.7348525822535122
241180,0.3132610069038864
241181,0.6802259784293317
241182,0.17973738870380557
241183,0.5743997163907082
241184,0.11123938169538362
241185,0.3880129623990437
241186,0.5210866235495702
241187,0.7740306607096595
241188,0.18964098881470404
241189,0.4568382108980506
241190,0.7978374791497176
241191,0.21706109871330465
241192,0.5852532258284437
241193,0.7313211011676158
241194,0.3931851959585676
241195,0.21496129914871764
241196,0.08426468382563482
241197,0.8010735338899468
241198,0.18008281027720083
241199,0.10653074024752182
241200,0.8644674826493836
241201,0.004763181696292626
241202,0.874666509105949
241203,0.6901613936851483
241204,0.8552501806645729
241205,0.8488280664118425
241206,0.3305866258220806
241207,0.5343035437526419
241208,0.4847946332395544
241209,0.10088127951422818
241210,0.7991237200085446
241211,0.030383463396675775
241212,0.9184350584716914
241213,0.2801368960235614
241214,0.07843342226423841
241215,0.5049608900968544
241216,0.23155062471309557
241217,0.10074038387244853
241218,0.13690056858208988
241219,0.6457747215038564
241220,0.7369296567145863
241221,0.4304589107403384
241222,0.8415287631635162
241223,0.7941651024220416
241224,0.21734288999686394
241225,0.0947636816485699
241226,0.6630730702978352
241227,0.5288722440130714
241228,0.5042836820121716
241229,0.7166134141741016
241230,0.771894500979452
241231,0.977015830307107
241232,0.3313865494657328
241233,0.15159007549279388
241234,0.2471627708264211
241235,0.6499379604674099
241236,0.49367560369237484
241237,0.14281818553683515
241238,0.7861204157784939
241239,0.8649128946782353
241240,0.14485435481158618
241241,0.288445193867858
241242,0.6381163616200272
241243,0.749996591234473
241244,0.18838201808009236
241245,0.6750901050354284
241246,0.20999813654151195
241247,0.9804245958340341
241248,0.5113511892046668
241249,0.5735316174365175
241250,0.4497797937469605
241251,0.19419055453797593
241252,0.42725921616572965
241253,0.007758350339285795
241254,0.671317737852296
241255,0.8489235118465965
241256,0.8382518032369638
241257,0.2778462055894665
241258,0.9757932197381158
241259,0.2505624463119429
241260,0.8029142672744874
241261,0.9016321169342927
241262,0.041823280505042706
241263,0.06070784152421814
241264,0.3279505138145904
241265,0.2114889033319547
241266,0.147663177605774
241267,0.771599074633785
241268,0.6895705409938143
241269,0.5022020625303948
241270,0.808427377386704
241271,0.8752709968593907
241272,0.23339135809763614
241273,0.6382345321582941
241274,0.2733284550111125
241275,0.1311738424968526
241276,0.8636721040264338
241277,0.7616909295021839
241278,0.6067102685652733
241279,0.03781911726607915
241280,0.7236172910767609
241281,0.23991800782652567
241282,0.1073488439739843
241283,0.5535471614073202
241284,0.6305761722744647
241285,0.6112507442471401
241286,0.45649278932465537
241287,0.6426432022397862
241288,0.7465651006040332
241289,0.028115498066093692
241290,0.6006835711136665
241291,0.2760100172256284
241292,0.10128578635675684
241293,0.6571781784466029
241294,0.3352998122906449
241295,0.4584153330818421
241296,0.7396884842810458
241297,0.4603196967562187
241298,0.25690275019202713
241299,0.2802187063962076
241300,0.6522877361706383
241301,0.9225073970211934
241302,0.4702369319292249
241303,0.7081051354188919
241304,0.9717754214370447
241305,0.45736543329954865
241306,0.8971098213352362
241307,0.2773371632707787
241308,0.5235363897082551
241309,0.7977102185700455
241310,0.9447325482567573
241311,0.1246108326023425
241312,0.0850827875520973
241313,0.007226582917085187
241314,0.9605628553638061
241315,0.4576290445002977
241316,0.8635539334881671
241317,0.8599497320710296
241318,0.7900654937483241
241319,0.2894314633603156
241320,0.20055358352157296
241321,0.42879543316319807
241322,0.05901709382286236
241323,0.021220701660296062
241324,0.938255893755596
241325,0.3744460756018744
241326,0.5898073365724181
241327,0.9122901904818177
241328,0.38461328691352187
241329,0.29457188177492144
241330,0.6735902482035806
241331,0.29106767081324053
241332,0.1785147781348144
241333,0.5220001727107868
241334,0.7174224278591589
241335,0.5618736393344272
241336,0.5761450043404949
241337,0.516182546211498
241338,0.9539634853036756
241339,0.007494739138536775
241340,0.6437340072084028
241341,0.04527749623899537
241342,0.8060821467041782
241343,0.42395498611496174
241344,0.20544857081824008
241345,0.6651001495311811
241346,0.010567173133473624
241347,0.2793869676076375
241348,0.12673335727044238
241349,0.9309429554451621
241350,0.9669622445130238
241351,0.6212225196685771
241352,0.17632862317687856
241353,0.23503211057126366
241354,0.7123183696101737
241355,0.9824653101294877
241356,0.9598674671963131
241357,0.18118270528722258
241358,0.9796655773767049
241359,0.8251166934065385
241360,0.2693651969584721
241361,0.5833852223196877
241362,0.3149699346880525
241363,0.9048863517573322
241364,0.5114466346394207
241365,0.9573086205407666
241366,0.9137491421273424
241367,0.9738888560637393
241368,0.3195149553906218
241369,0.07478831566077783
241370,0.40415687593456984
241371,0.972752600888097
241372,0.45104785452297735
241373,0.14863581203612383
241374,0.4150331104758182
241375,0.8382427131955587
241376,0.23741370141940996
241377,0.8138904922711924
241378,0.24668554365265136
241379,0.04321405684002891
241380,0.6904659100722205
241381,0.5335581603574204
241382,0.05416755673322092
241383,0.49345744269865144
241384,0.5512473809318201
241385,0.7669631535171644
241386,0.3680103262870362
241387,0.09163670740520222
241388,0.2893269278841565
241389,0.98179719208621
241390,0.52648156312352
241391,0.07683811999763658
241392,0.2378545684275592
241393,0.8194081474041115
241394,0.5190368192127115
241395,0.8690352284554657
241396,0.6258629858059004
241397,0.960585580467319
241398,0.1535398893741961
241399,0.07522009262752191
241400,0.5729044045795629
241401,0.7500784016071192
241402,0.025056699133264554
241403,0.6756627776439521
241404,0.04226414751319192
241405,0.6795533153653516
241406,0.5222592388908333
241407,0.8050776971289105
241408,0.9526999695483613
241409,0.18492780234613967
241410,0.7376886751719155
241411,0.8653537616863846
241412,0.8754982478945191
241413,0.2542711832052395
241414,0.8999595493157472
241415,0.6590552719967641
241416,0.4751364642465946
241417,0.22377863931170208
241418,0.326318851382368
241419,0.8371655432890497
241420,0.055671958585771356
241421,0.8577499420509861
241422,0.38484962799005545
241423,0.9386467655360171
241424,0.23670922321051174
241425,0.3240827011967039
241426,0.15778039368969327
241427,0.09144127151499173
241428,0.6427386476745401
241429,0.25037155544243506
241430,0.1225519382240786
241431,0.05743088159766568
241432,0.5139918462328597
241433,0.48776707677903475
241434,0.013162379954640693
241435,0.0565991428090955
241436,0.3424627649178942
241437,0.7407701992082575
241438,0.4085019157262261
241439,0.5594875034655783
241440,0.8863472123115521
241441,0.8296889842333232
241442,0.5657869021593394
241443,0.19629035410256296
241444,0.7755123374586971
241445,0.3951304648192672
241446,0.9303975529608538
241447,0.5639143536298807
241448,0.14895850850600625
241449,0.7731852868589817
241450,0.5937160543766278
241451,0.441975993200649
241452,0.6124415396712132
241453,0.9638216352075484
241454,0.30022588752891766
241455,0.8392607978329342
241456,0.02343412674244731
241457,0.15352170929138584
241458,0.6031424273137564
241459,0.4058521686566282
241460,0.8421650660618759
241461,0.2723012803323319
241462,0.5086650819694484
241463,0.2776007744715277
241464,0.548652174110653
241465,0.9609173669786065
241466,0.2253103112884679
241467,0.4216961108257848
241468,0.10495361806373027
241469,0.1707564277955286
241470,0.31573804318678667
241471,0.8123724553565342
241472,0.6045968339385787
241473,0.1501038537230537
241474,0.703651015130374
241475,0.6589325564377947
241476,0.9087677994373266
241477,0.48706259857013645
241478,0.2598206534830766
241479,0.9611809781793557
241480,0.07382931629253571
241481,0.7528281391321737
241482,0.14846310124942622
241483,0.9755386985787721
241484,0.1591529899418692
241485,0.26630639802564293
241486,0.027706446202862455
241487,0.49204848628085496
241488,0.07154317087914334
241489,0.08106044423032345
241490,0.42701378504779086
241491,0.9763022620568037
241492,0.4984706005335854
241493,0.01188068411651615
241494,0.10667618091000404
241495,0.06960699205984883
241496,0.9495593602428859
241497,0.2052258648038142
241498,0.47486376300444044
241499,0.1954358902104799
241500,0.12314733593611518
241501,0.005367669449734343
241502,0.3912444721185705
241503,0.14604060521495676
241504,0.480145077060826
241505,0.6324169056590052
241506,0.8213670513269188
241507,0.8014235004840448
241508,0.43873539343971707
241509,0.37505510837601863
241510,0.14860854191190842
241511,0.9484912803777822
241512,0.994259638852655
241513,0.018939101267606274
241514,0.6991014494071021
241515,0.8616359347516829
241516,0.043473123020075354
241517,0.2840774289726889
241518,0.396589416464792
241519,0.5443025892982942
241520,0.9642715922571028
241521,0.5925797992009854
241522,0.4009253662150431
241523,0.9937006013062389
241524,0.94507342480945
241525,0.4966435022111525
241526,0.566518650492453
241527,0.011844323950895595
241528,0.5119829470823241
241529,0.35248908058776207
241530,0.09155489703255598
241531,0.8370746428749983
241532,0.4399170988223851
241533,0.3285413665059244
241534,0.6363074433804047
241535,0.1717517873293913
241536,0.4927802346139687
241537,0.7529281295876303
241538,0.22200608123770005
241539,0.606523922716468
241540,0.3632835047563641
241541,0.09848605360397417
241542,0.40712022943264503
241543,0.6025015793946942
241544,0.8699215074924667
241545,0.5158962099072362
241546,0.2713695510883052
241547,0.7405384031524264
241548,0.6200908095136373
241549,0.5297630680707751
241550,0.9432008762799915
241551,0.6891251289649625
241552,0.3555069743342681
241553,0.979242890451366
241554,0.8771344553474442
241555,0.792715240817922
241556,0.7856840937910472
241557,0.2880315969839242
241558,0.3308729621263425
241559,0.6665454661145982
241560,0.15238999913644607
241561,0.7266079146990515
241562,0.6134505342671835
241563,0.5057471786783989
241564,0.619249980683662
241565,0.6527467832615979
241566,0.6253448534458075
241567,0.9758750301107623
241568,0.4726094327359661
241569,0.8919966730448458
241570,0.015021293421991537
241571,0.8589861876820849
241572,0.6859163443489485
241573,0.7358752119115903
241574,0.946614186827621
241575,0.8388062957626773
241576,0.10917139727571458
241577,0.38643129519454955
241578,0.518209625444844
241579,0.7862385863167607
241580,0.30022588752891766
241581,0.9725071697701583
241582,0.2721921998354702
241583,0.1470541448316297
241584,0.2320823921352962
241585,0.030074401988901062
241586,0.8843973984301499
241587,0.4778725667095413
241588,0.7881838551774604
241589,0.651910499452325
241590,0.7215402166156868
241591,0.21762013625972065
241592,0.16721131164752456
241593,0.29353107203403306
241594,0.1743151790056404
241595,0.8445375668686171
241596,0.18876834483981075
241597,0.2232877770758246
241598,0.9865740088446103
241599,0.9200985360488317
241600,0.41213793228828155
241601,0.39403056980924545
241602,0.9908917785120511
241603,0.05715818035551152
241604,0.19465869167034056
241605,0.18979097449788884
241606,0.3321001177160362
241607,0.8859699755932388
241608,0.5536744219869921
241609,0.9577131273832953
241610,0.17112002945173418
241611,0.04747728625903891
241612,0.9589448279936915
241613,0.8705259952459083
241614,0.7662177701219429
241615,0.9068770708250576
241616,0.8679216983833362
241617,0.033924034523977256
241618,0.355338808568273
241619,0.1442271419546316
241620,0.647910881234064
241621,0.46059239799837287
241622,0.5759359333881766
241623,0.12417451061489584
241624,0.5654778407515646
241625,0.6782897996100372
241626,0.9185532290099582
241627,0.559701119438599
241628,0.5002477036282901
241629,0.12281554942482763
241630,0.31698792387999325
241631,0.8381154526158867
241632,0.05582194426895614
241633,0.5063925716181638
241634,0.6766899523227329
241635,0.8349021229791702
241636,0.15262179519227712
241637,0.01773012576072284
241638,0.33819953549888415
241639,0.5746542375500521
241640,0.1291740333877221
241641,0.2527940514769044
241642,0.20407597456606416
241643,0.38256802759736563
241644,0.3533117293349271
241645,0.9599265524654464
241646,0.5661686838983552
241647,0.44822085164597925
241648,0.8336840574308817
241649,0.32522350139304884
241650,0.6490789515546244
241651,0.14342721831097943
241652,0.8417605592193472
241653,0.559955640597943
241654,0.7651042400498135
241655,0.3753550797423882
241656,0.6501379413783229
241657,0.3582067166315942
241658,0.8496052649519819
241659,0.7313620063539389
241660,0.37080096899841375
241661,0.40312061121438403
241662,0.024820358056730947
241663,0.7106276219088178
241664,0.536866935428891
241665,0.37990464546566005
241666,0.031515173551615525
241667,0.880397780211889
241668,0.9675258270801425
241669,0.24981251789601902
241670,0.7339253980301881
241671,0.5023020529858514
241672,0.2136614232277828
241673,0.11437544598015643
241674,0.9765340581126347
241675,0.6802305234500344
241676,0.7553188104771817
241677,0.7403020620758929
241678,0.3023893173833407
241679,0.10219933551797328
241680,0.7798982824366765
241681,0.22619659032546893
241682,0.012407906518014189
241683,0.07287031692429358
241684,0.09724071793147017
241685,0.773108021507038
241686,0.14483162970807334
241687,0.22374682416678407
241688,0.25883438399061903
241689,0.6241404229596266
241690,0.4178828384563291
241691,0.8047595456797306
241692,0.06456656410069947
241693,0.3718554138014098
241694,0.37830479817835566
241695,0.9964139786656728
241696,0.799341881002268
241697,0.7870703251053308
241698,0.6104871807691085
241699,0.9597492966580463
241700,0.6674908304207325
241701,0.31281559487503463
241702,0.7630998859199805
241703,0.520150349284841
241704,0.015116738856745492
241705,0.48261302330232114
241706,0.030692524804450484
241707,0.6548102226605642
241708,0.33654514796314894
241709,0.3091477631680612
241710,0.24603106067148137
241711,0.16797942014625877
241712,0.5400439048999868
241713,0.29162216333895397
241714,0.234004935892483
241715,0.8132314642693197
241716,0.9967275850941502
241717,0.8672535803400585
241718,0.8813385994973207
241719,0.01863003985983156
241720,0.4064066611823417
241721,0.8204216870207844
241722,0.7370569172942583
241723,0.8442103253780322
241724,0.5483112975579604
241725,0.6292626612914222
241726,0.9085859986092237
241727,0.24939892101208522
241728,0.4500434049477095
241729,0.795078651583258
241730,0.598292890224115
241731,0.695956295080924
241732,0.7933969939233074
241733,0.23542298235168463
241734,0.23393676058194446
241735,0.5021066170956409
241736,0.5951704610014499
241737,0.027288304298226082
241738,0.57319983092523
241739,0.10985315038109998
241740,0.7526917885110966
241741,0.6109371378186629
241742,0.5883574749682986
241743,0.33750869235209363
241744,0.737725035337536
241745,0.5481749469368833
241746,0.8272346730539357
241747,0.09747251398730121
241748,0.1480040541584667
241749,0.18230532540075722
241750,0.8668172583526118
241751,0.5950386554010754
241752,0.5681094077383523
241753,0.4994795951295558
241754,0.6317351525536199
241755,0.556578690215934
241756,0.9482549393012486
241757,0.43666286399934545
241758,0.3422673290276837
241759,0.05387667540825648
241760,0.170583717008831
241761,0.027151953677149003
241762,0.6984924166329578
241763,0.7699083269324293
241764,0.5863122156521423
241765,0.5807082051258743
241766,0.5655869212484264
241767,0.4557292258466237
241768,0.19689484185600464
241769,0.09639988910149486
241770,0.7041555124283592
241771,0.02028442739556679
241772,0.9247571822689653
241773,0.020493498347884977
241774,0.30338013189650076
241775,0.45892437540052994
241776,0.5689820517132456
241777,0.20802105253589429
241778,0.6271219565405121
241779,0.6926611550715615
241780,0.6256402797914744
241781,0.26389299203257865
241782,0.8657173633425901
241783,0.383281595847669
241784,0.012771508174219733
241785,0.7289122401952541
241786,0.05687638907195222
241787,0.9248026324759909
241788,0.4564700642211425
241789,0.5713545525199868
241790,0.09917235173006213
241791,0.5068107135228002
241792,0.9356425068516188
241793,0.6049468005326765
241794,0.386585825898437
241795,0.8990369101131256
241796,0.13227828252757692
241797,0.31483812908767794
241798,0.24747183223419583
241799,0.4244094881852186
241800,0.6911522081983084
241801,0.165961430954318
241802,0.5863440307970603
241803,0.1258107180678208
241804,0.3006985696819849
241805,0.4467164497934288
241806,0.7009421827916427
241807,0.7899427781893547
241808,0.13252371364551566
241809,0.6100554038023643
241810,0.5679457869930598
241811,0.6780898186991242
241812,0.6238177264897441
241813,0.7404202326141596
241814,0.48723076433613155
241815,0.6892023943169061
241816,0.21104349130310288
241817,0.3812817867385386
241818,0.8802159793837862
241819,0.6743856268265302
241820,0.6021788829248118
241821,0.09937687766167774
241822,0.38095909026865615
241823,0.10818512778325705
241824,0.7037873657514511
241825,0.3329863967530372
241826,0.7781893546525105
241827,0.6023015984837811
241828,0.12341094713686421
241829,0.6387890246840074
241830,0.5777266715449889
241831,0.041173342544575296
241832,0.7637134637148273
241833,0.9388103862813095
241834,0.910049495275451
241835,0.14833584066975428
241836,0.9044863899355062
241837,0.32131478358883925
241838,0.1833597702037533
241839,0.6128142313688238
241840,0.23170061039628034
241841,0.1058989823698647
241842,0.11598438330886596
241843,0.9819608128315025
241844,0.656310079492412
241845,0.07155680594125105
241846,0.9664713822771464
241847,0.6785079606037605
241848,0.7932606433022303
241849,0.842828639084451
241850,0.3275232818685489
241851,0.8834338540412052
241852,0.06585280495952658
241853,0.3977938469509728
241854,0.9685575467796256
241855,0.26267038146358757
241856,0.8707441562396318
241857,0.038278164357038645
241858,0.4429440826102963
241859,0.7791619890828603
241860,0.26764263411219835
241861,0.023961349143945352
241862,0.9225846623731371
241863,0.34097199812745144
241864,0.7649906145322493
241865,0.5837533689965958
241866,0.9819471777693948
241867,0.7719944914349085
241868,0.9699983183423401
241869,0.5873848405379487
241870,0.6205225864803815
241871,0.5372078119815836
241872,0.2832547802255239
241873,0.5814626785625009
241874,0.8378745665186504
241875,0.8914194554156194
241876,0.9262524940801106
241877,0.3449943414492253
241878,0.6807577458515324
241879,0.3734825312129297
241880,0.4947482285781811
241881,0.8278709759522955
241882,0.1275105558105817
241883,0.9513955486067239
241884,0.33036391980765467
241885,0.9521909272296736
241886,0.28062775825943886
241887,0.5206730266656365
241888,0.8349521182068985
241889,0.49529817608319204
241890,0.2975897755214275
241891,0.582685289131492
241892,0.9003004258684398
241893,0.16626140232068756
241894,0.47529099495048194
241895,0.4508751437362797
241896,0.6325850714250003
241897,0.2734829857149999
241898,0.18185536835120286
241899,0.016330259384331497
241900,0.2350412006126688
241901,0.9698119724935348
241902,0.5549879329700347
241903,0.06115779857377251
241904,0.45193867858068093
241905,0.5077515328082319
241906,0.7172042668654356
241907,0.3923989073770231
241908,0.6578235713863677
241909,0.597797482967535
241910,0.5694410988042051
241911,0.6681180432776871
241912,0.8297980647301849
241913,0.4719413146926884
241914,0.9927461469586994
241915,0.22394226005699455
241916,0.21439317156089646
241917,0.6360165620554402
241918,0.6309125038064549
241919,0.7623681375868667
241920,0.3651242381409047
241921,0.7180632757782213
241922,0.2017898291526718
241923,0.10675344626194772
241924,0.1778193899673213
241925,0.5190777243990347
241926,0.42591843505847166
241927,0.9148035869303385
241928,0.9383058889833243
241929,0.04898623313229192
241930,0.7441880547765896
241931,0.8928465919162262
241932,0.30049858877107183
241933,0.39578040277973464
241934,0.2826321123892719
241935,0.9428599997272988
241936,0.38322705559923825
241937,0.20929820335331628
241938,0.5091513991846234
241939,0.729398557410429
241940,0.6756582326232496
241941,0.6694179191986219
241942,0.6150912867408111
241943,0.05619009094586426
241944,0.07411110757609501
241945,0.45717454243004074
241946,0.15571695429072682
241947,0.29199940005726727
241948,0.7988646538284981
241949,0.8552274555610601
241950,0.49720708477827114
241951,0.5228500915821672
241952,0.8847746351484631
241953,0.9882783916080737
241954,0.662736738765845
241955,0.7743124519932189
241956,0.7739124901713927
241957,0.11865685548197671
241958,0.9191849868876153
241959,0.6208634630330742
241960,0.9712572890769517
241961,0.6977561232791415
241962,0.4166011426182046
241963,0.09487730716613413
241964,0.885788174765136
241965,0.8982188063866632
241966,0.06978424786724903
241967,0.6540830193481532
241968,0.08783252507715172
241969,0.12787415746678726
241970,0.9810836238359065
241971,0.1899591402638839
241972,0.9434508524186328
241973,0.42792278918830473
241974,0.08770071947677721
241975,0.7049463460306062
241976,0.26109780430049856
241977,0.5917026102053895
241978,0.3408583726098872
241979,0.5534471709518637
241980,0.6098508778707488
241981,0.09509092313915489
241982,0.6772762599933643
241983,0.9768749346653275
241984,0.5038655401075351
241985,0.3247735443434944
241986,0.46540557492239376
241987,0.31034310361283696
241988,0.30182573481622205
241989,0.030742520032178748
241990,0.1709973138927648
241991,0.041627844614832224
241992,0.8101590302743829
241993,0.6270356011471632
241994,0.25856168274846486
241995,0.6596506697088006
241996,0.12418814567700355
241997,0.853254916576145
241998,0.4644965707818799
241999,0.2901723017348344
242000,0.061225973884311044
242001,0.27895064562019073
242002,0.34081292240286154
242003,0.2216742947264125
242004,0.9373741597392977
242005,0.4029251753241736
242006,0.161075533699056
242007,0.9323428218215534
242008,0.3002395225910254
242009,0.4377718490507724
242010,0.4572427177405793
242011,0.4162420859827016
242012,0.42951809145490655
242013,0.2636521059353425
242014,0.9383649742524578
242015,0.34687598002008896
242016,0.6363847087323483
242017,0.6224996704859991
242018,0.5793674240186164
242019,0.8215170370101036
242020,0.7163225328491372
242021,0.7111230291653978
242022,0.6667999872739421
242023,0.6450747883156609
242024,0.3177105821717018
242025,0.8396607596547603
242026,0.6898250621531581
242027,0.690415914844492
242028,0.7812208834611242
242029,0.6935474341085625
242030,0.49478458874380166
242031,0.06553919853104931
242032,0.04606832984124243
242033,0.36731039309884056
242034,0.7335708864153876
242035,0.5118420514405443
242036,0.8802250694251912
242037,0.4478981551760968
242038,0.5559014821312511
242039,0.059780657300894005
242040,0.1383958803932352
242041,0.4177283077524418
242042,0.9099767749442098
242043,0.7767258579862831
242044,0.29673531162934447
242045,0.11684793724235414
242046,0.05215865758268529
242047,0.910872144022616
242048,0.5024247685448208
242049,0.7600456320078538
242050,0.9406374846037424
242051,0.4937210538994005
242052,0.47063689375105106
242053,0.5995518609587267
242054,0.7272078574317906
242055,0.29386740356602326
242056,0.014966753173560705
242057,0.10905322673744779
242058,0.5454797496602597
242059,0.465878257075461
242060,0.31861049627081045
242061,0.10417187450288835
242062,0.48199490048677174
242063,0.17429245390212755
242064,0.4065339217620136
242065,0.15741224701278514
242066,0.8085273678421605
242067,0.04846810077219901
242068,0.03141972811686158
242069,0.802718831384277
242070,0.8180173710691253
242071,0.7350480181437227
242072,0.6666136414251368
242073,0.913553706237132
242074,0.0635848396289445
242075,0.572977124910804
242076,0.24511296648956238
242077,0.2571027311029402
242078,0.736057012739693
242079,0.8049140763836179
242080,0.826093872857591
242081,0.7283622926902432
242082,0.13527345117057007
242083,0.4064475663686648
242084,0.6815167643088614
242085,0.7053281277696221
242086,0.48381745378850194
242087,0.1862004081428591
242088,0.31519718572318095
242089,0.963171697247081
242090,0.4943391767149499
242091,0.25412119752205464
242092,0.5003567841251517
242093,0.275719135900664
242094,0.8829157216811123
242095,0.4109153217192904
242096,0.660691479449689
242097,0.5314719958549412
242098,0.5080605942160067
242099,0.4430713431899682
242100,0.9234436712859228
242101,0.7261215974838766
242102,0.422368773889765
242103,0.4241413319637671
242104,0.29658987096686223
242105,0.02539757568595725
242106,0.593079751478268
242107,0.21556124188145676
242108,0.19409510910322197
242109,0.48913512801050807
242110,0.9209757250444276
242111,0.05164507024329496
242112,0.560155621508856
242113,0.9188577453970302
242114,0.5906708905059063
242115,0.541561941814645
242116,0.7649088041596029
242117,0.6217542870907777
242118,0.41604665009249114
242119,0.13954577063098522
242120,0.913649151671886
242121,0.7855341081078625
242122,0.5171779057453607
242123,0.9250389735525246
242124,0.979465596465792
242125,0.529563087159862
242126,0.48380836374709685
242127,0.8870062403134247
242128,0.9051499629580813
242129,0.7854341176524059
242130,0.7270805968521188
242131,0.8302162066348213
242132,0.07515646233768594
242133,0.6007562914449076
242134,0.07288849700710386
242135,0.7339208530094854
242136,0.5397712036578327
242137,0.9103540116625232
242138,0.12728330477545324
242139,0.1800555401529854
242140,0.5453797592048032
242141,0.6972698060639666
242142,0.8530185754996115
242143,0.8057867203585112
242144,0.03247417291985765
242145,0.9153717145181597
242146,0.5366624094972753
242147,0.007149317565141509
242148,0.3245281132255557
242149,0.6431340644756637
242150,0.03247417291985765
242151,0.9928961326418843
242152,0.04933619972638975
242153,0.7996509424100428
242154,0.32565073333909034
242155,0.065584648738075
242156,0.9232709604992251
242157,0.5947432290554083
242158,0.3313092841137891
242159,0.7077869839697121
242160,0.20794378718395062
242161,0.6481654023934079
242162,0.9867285395484977
242163,0.7328164129787612
242164,0.18076456338258623
242165,0.05323582748919421
242166,0.754746137868658
242167,0.7745487930697524
242168,0.09494548247667269
242169,0.28326387026692906
242170,0.971043673103931
242171,0.680635030292563
242172,0.7278078001645298
242173,0.03495120920275792
242174,0.9991728062321324
242175,0.7258898014280455
242176,0.3108021507037964
242177,0.0630394371446362
242178,0.48860790560901
242179,0.5973793410628986
242180,0.17551051945041612
242181,0.47188677444425753
242182,0.8618586407661086
242183,0.9437008285572741
242184,0.25881165888710617
242185,0.5609919053181287
242186,0.6092691152208198
242187,0.07412019761750015
242188,0.4389399193713327
242189,0.4385899527772349
242190,0.5247771803600566
242191,0.22770553719872194
242192,0.2773871584985069
242193,0.26292490262293144
242194,0.9461415046745538
242195,0.12916494334631692
242196,0.9501456679135174
242197,0.9886692633884948
242198,0.614723140063903
242199,0.13683693829225393
242200,0.17442425950250204
242201,0.29399011912499257
242202,0.5803082433040483
242203,0.4782498034278546
242204,0.42047350025679364
242205,0.9449870694161012
242206,0.13340090264111154
242207,0.21715199912735603
242208,0.34809404556837753
242209,0.15735770676435432
242210,0.02021170706432568
242211,0.5834852127751443
242212,0.8565500565855078
242213,0.2808004690461365
242214,0.7286031787874794
242215,0.2006808441012449
242216,0.14428622722376502
242217,0.22016534785315947
242218,0.513650969680167
242219,0.7797255716499789
242220,0.8384790542720922
242221,0.39237163725280766
242222,0.7231400639029911
242223,0.5386667636271084
242224,0.12332459174351539
242225,0.682598479236073
242226,0.08766435931115665
242227,0.16476609050954227
242228,0.17910108580544584
242229,0.5227182859817927
242230,0.1477858931647434
242231,0.5292812958763027
242232,0.4417941923725462
242233,0.8115043564023434
242234,0.29504910894869124
242235,0.8729166761354598
242236,0.5661368687534372
242237,0.5954567973057118
242238,0.057439971639070816
242239,0.10596715768040323
242240,0.31494266456383707
242241,0.011308011507992417
242242,0.4351448270846874
242243,0.5558560319242255
242244,0.3031846960062903
242245,0.5120738474963754
242246,0.6541557396793942
242247,0.5931024765817808
242248,0.5500611305284495
242249,0.06288036142004627
242250,0.12347912244740274
242251,0.02360229250844238
242252,0.5726726085237318
242253,0.941105621736107
242254,0.6580462774007936
242255,0.5282995714045478
242256,0.8919966730448458
242257,0.18450966044150333
242258,0.3459215256725494
242259,0.6205953068116226
242260,0.34949391194476886
242261,0.9113130110307652
242262,0.5445980156439613
242263,0.5135100740383872
242264,0.013003304230050769
242265,0.5916253448534459
242266,0.8895332718240532
242267,0.10978497507056144
242268,0.7405929434008572
242269,0.8785843169515638
242270,0.3955395166824984
242271,0.1180387326664273
242272,0.6598233804954982
242273,0.4749592084391944
242274,0.10493089296021742
242275,0.0501588484735548
242276,0.6929838515414438
242277,0.8182082619386332
242278,0.4949073043027711
242279,0.9529135855213821
242280,0.5280632303280142
242281,0.4469936960562855
242282,0.9137991373550707
242283,0.6382481672204017
242284,0.006540284790997222
242285,0.15180369146581463
242286,0.20767563096249902
242287,0.5493021120711206
242288,0.33603156062375866
242289,0.3637470968680262
242290,0.7186177683039346
242291,0.8608996413978667
242292,0.011353461715018111
242293,0.46812804232323274
242294,0.8765845078424332
242295,0.9544861626844711
242296,0.25920253066752713
242297,0.4136059739752114
242298,0.8314388172038123
242299,0.7019420873462079
242300,0.9960276519059544
242301,0.5537244172147204
242302,0.15905299948641266
242303,0.2558664854718413
242304,0.6798851018766391
242305,0.7741670113307367
242306,0.2951854595697683
242307,0.2226514741774649
242308,0.5536335168006691
242309,0.47687720717567866
242310,0.7186359483867449
242311,0.8504915439889829
242312,0.6299262343139974
242313,0.6767899427781894
242314,0.6265583739733934
242315,0.9986137686857164
242316,0.04583198876470883
242317,0.16948836701951178
242318,0.2275373714327269
242319,0.5687957058644403
242320,0.5961703655560151
242321,0.947754987023966
242322,0.10259475231909682
242323,0.7135000749928416
242324,0.8115816217542872
242325,0.7462878543411766
242326,0.6808213761413684
242327,0.8387835706591644
242328,0.6631048854427533
242329,0.025170324650828788
242330,0.9556224178601134
242331,0.4856036469246117
242332,0.9651669613355089
242333,0.7491966675908209
242334,0.1169115675321901
242335,0.6008699169624718
242336,0.8950463819362698
242337,0.9552724512660156
242338,0.387376659500684
242339,0.5158234895759951
242340,0.10772608069229754
242341,0.11663432126933337
242342,0.4868217124729003
242343,0.9572086300853101
242344,0.4612468809795428
242345,0.3686920793924216
242346,0.21973811590711795
242347,0.7144727094231915
242348,0.38600860826921063
242349,0.39691665795537695
242350,0.455356534149013
242351,0.6050740611123484
242352,0.4982251694156467
242353,0.25902072983942437
242354,0.3348953054481163
242355,0.7512737420518951
242356,0.4871853141291058
242357,0.9455551970039224
242358,0.9039000822648747
242359,0.9621308875061927
242360,0.08431467905336308
242361,0.05329945777903018
242362,0.28761345507928787
242363,0.17289713254643876
242364,0.07859249798882834
242365,0.7587503011076215
242366,0.014180464592016216
242367,0.4025024883988346
242368,0.7530417551051946
242369,0.2789233754959754
242370,0.8681080442321415
242371,0.047545461569577445
242372,0.12179291976674952
242373,0.03249235300266792
242374,0.9806063966621368
242375,0.2795233182287145
242376,0.24744456210998042
242377,0.9681212247921789
242378,0.46991423545934247
242379,0.285786356756855
242380,0.9568132132841866
242381,0.4986478563409856
242382,0.4195326809713618
242383,0.43496302625658456
242384,0.680825921162071
242385,0.9318928647719991
242386,0.6350030224387673
242387,0.20969362015443982
242388,0.7710763972529896
242389,0.4812858772571709
242390,0.25440298880561396
242391,0.8574636057467242
242392,0.8918830475272814
242393,0.816690225023975
242394,0.5039246253766686
242395,0.9274705596283991
242396,0.42820912549256657
242397,0.3928579544679826
242398,0.012321551124665374
242399,0.031324282682107615
242400,0.2089118765935979
242401,0.7726853345816991
242402,0.570254657509965
242403,0.9607355661505038
242404,0.0170256475518246
242405,0.6619595402257058
242406,0.2878225260316061
242407,0.8351157389521909
242408,0.8726530649347108
242409,0.048190854509342296
242410,0.44264411124392666
242411,0.3963439853468532
242412,0.8047640907004332
242413,0.5757904927256944
242414,0.22432404179601037
242415,0.29931233836770127
242416,0.7909245026611097
242417,0.023293231100667666
242418,0.3091886683543843
242419,0.49177578503870084
242420,0.541066534558065
242421,0.8408379200167257
242422,0.8325887074415624
242423,0.2643247689993228
242424,0.8748483099340518
242425,0.062280418687307125
242426,0.6184955072470356
242427,0.42174610605351304
242428,0.05828534548974871
242429,0.043859449779793745
242430,0.062289508728712265
242431,0.6228859972457175
242432,0.5061198703760096
242433,0.64583380677299
242434,0.10929865785538652
242435,0.2630885233682239
242436,0.5498929647624545
242437,0.38072274919212257
242438,0.8040959726571555
242439,0.7291622163338954
242440,0.14991750787424837
242441,0.40826102962898997
242442,0.6131051126937883
242443,0.40273428445466564
242444,0.3566659546134232
242445,0.1247290031406093
242446,0.6722221969721073
242447,0.27719172260829644
242448,0.31183387040327964
242449,0.4075247362751737
242450,0.28889060589670984
242451,0.7168724803541481
242452,0.22717376977652134
242453,0.16509787702082981
242454,0.17517418791842598
242455,0.573704328223215
242456,0.1310238568136678
242457,0.8790115488976052
242458,0.5987246671908591
242459,0.47147317756032375
242460,0.090604987705719
242461,0.39904827266488196
242462,0.6677498966007791
242463,0.11890683162061803
242464,0.7537189631898774
242465,0.29811245290222294
242466,0.5414619513591885
242467,0.8320433049572541
242468,0.6825484840083447
242469,0.2559073906581644
242470,0.19631762422677837
242471,0.747201403502393
242472,0.5708000599942733
242473,0.49631626072056756
242474,0.8706578008462829
242475,0.10423095977202175
242476,0.7226855618327342
242477,0.08552819958094908
242478,0.8768481190431823
242479,0.20227160134714414
242480,0.8285799991818963
242481,0.917003376950382
242482,0.24953072661245973
242483,0.582030806150322
242484,0.3505301766649547
242485,0.9364742456401889
242486,0.7311847505465388
242487,0.33142290963135335
242488,0.6220633484985525
242489,0.9953731689247846
242490,0.4302771099122356
242491,0.9753478077092641
242492,0.19451325100785835
242493,0.1905409029138128
242494,0.30750701069443365
242495,0.939755750587444
242496,0.9887419837197359
242497,0.29901236700133166
242498,0.20671663159425693
242499,0.6258902559301157
242500,0.5182823457760851
242501,0.5463660286972607
242502,0.47385931342917265
242503,0.5962839910735793
242504,0.06308943237236445
242505,0.10766245040246157
242506,0.6096918021461588
242507,0.0269746978697488
242508,0.6902159339335792
242509,0.22709195940387508
242510,0.611082578481145
242511,0.972752600888097
242512,0.8729712163838906
242513,0.4283500211343462
242514,0.1452225014884943
242515,0.4298635130283018
242516,0.3028256393707873
242517,0.5543652651337827
242518,0.22736466064602925
242519,0.6197090277746216
242520,0.2834093109294113
242521,0.8671354098017917
242522,0.314247276396344
242523,0.5240090718613224
242524,0.7506283491121303
242525,0.6135550697433427
242526,0.6605778539321246
242527,0.34671690429549906
242528,0.2251239654396626
242529,0.2641702382954354
242530,0.5134418987278487
242531,0.38473600247249123
242532,0.089064225687548
242533,0.4702823821362506
242534,0.634298544229869
242535,0.2574663327591457
242536,0.8205762177246718
242537,0.630394371446362
242538,0.2914312724694461
242539,0.8796296717131546
242540,0.8403243326773354
242541,0.8216897477968013
242542,0.21418410060857826
242543,0.15927116048013598
242544,0.9058317160634668
242545,0.9635580240067995
242546,0.409283659287068
242547,0.7075142827275579
242548,0.830757064098427
242549,0.2578526595188641
242550,0.9239345335218002
242551,0.3538571318192354
242552,0.17005649460733294
242553,0.03869630626167503
242554,0.6441066989060136
242555,0.5194549611173479
242556,0.4610514450893324
242557,0.641684202871544
242558,0.1612982397134819
242559,0.6295626326577918
242560,0.3113384631466996
242561,0.5012021579758296
242562,0.20921639298067002
242563,0.5857849932506444
242564,0.45831079760568305
242565,0.22492398452874954
242566,0.9510955772403544
242567,0.3960667390839965
242568,0.44762999895464517
242569,0.8007372023579568
242570,0.27553279005185866
242571,0.4964844264865626
242572,0.13868221669749706
242573,0.11986128596815758
242574,0.9501456679135174
242575,0.6233995845851078
242576,0.1757468605269497
242577,0.3479986001336236
242578,0.10309470459637943
242579,0.11814326814258638
242580,0.14943119065907345
242581,0.5823762277237173
242582,0.8426513832770508
242583,0.7179951004676827
242584,0.9890919503138337
242585,0.6543284504660919
242586,0.11951131937405973
242587,0.5046336486062695
242588,0.8722121979265616
242589,0.9155217002013445
242590,0.2586616732039214
242591,0.8833384086064512
242592,0.6464519295885393
242593,0.7266533649060772
242594,0.10424913985483203
242595,0.5761086441748743
242596,0.21832006944791632
242597,0.8055912844683008
242598,0.8383381586303126
242599,0.6892478445239318
242600,0.37121911090305015
242601,0.34693506528922236
242602,0.6156548693079298
242603,0.3280868644356675
242604,0.41807827434653966
242605,0.18782298053367635
242606,0.6395071379550133
242607,0.590125488021598
242608,0.43259961549124853
242609,0.02780643665831898
242610,0.24588562000899913
242611,0.7543825362124524
242612,0.3317728762254512
242613,0.17906472563982528
242614,0.04660009726344303
242615,0.6432522350139306
242616,0.6856845482931175
242617,0.7349434826675636
242618,0.8960053813045118
242619,0.7522827366478655
242620,0.6294262820367147
242621,0.020234432167838528
242622,0.642465946432386
242623,0.24983978802023443
242624,0.654737502329323
242625,0.1306238949918417
242626,0.14902213879584222
242627,0.7788665627371932
242628,0.6280309606810259
242629,0.4153285368214852
242630,0.9314383627017422
242631,0.2925220774380627
242632,0.7480604124151785
242633,0.950909231391549
242634,0.10913503711009404
242635,0.4669599720026725
242636,0.7536826030242568
242637,0.5890664981978992
242638,0.21747924061794102
242639,0.7623181423591385
242640,0.0898641493312002
242641,0.5252680425959341
242642,0.8530458456238269
242643,0.49050772426268396
242644,0.8571045491112212
242645,0.5414074111107576
242646,0.4782225333036392
242647,0.613086932610978
242648,0.3138018643674922
242649,0.49882056712768325
242650,0.1601710745792447
242651,0.6548102226605642
242652,0.2730148485826353
242653,0.022716013471441365
242654,0.7755532426450202
242655,0.7584366946791443
242656,0.06345303402857
242657,0.35333899945914254
242658,0.30188936510605807
242659,0.17628771799055545
242660,0.07800164529749433
242661,0.9505683548388563
242662,0.5547379568313934
242663,0.447452743147245
242664,0.05974884215597602
242665,0.20584398761936362
242666,0.6885933615427619
242667,0.952881770376464
242668,0.893069297930652
242669,0.36271992218924554
242670,0.6029606264856537
242671,0.025379395603146972
242672,0.014098654219369969
242673,0.4502661109621354
242674,0.9013594156921385
242675,0.42864090245931064
242676,0.2786370391917135
242677,0.3969711982038078
242678,0.73159380240977
242679,0.6287990691797601
242680,0.18800478136177912
242681,0.09933597247535463
242682,0.38756300534948934
242683,0.5631462451311465
242684,0.008912785597738396
242685,0.7129319474050205
242686,0.5019929915780766
242687,0.5915526245222048
242688,0.4747092323005531
242689,0.562973534344449
242690,0.50122033805864
242691,0.30107580640029813
242692,0.626721994718686
242693,0.47999963639834375
242694,0.8874561973629791
242695,0.7734170829148127
242696,0.9236391071761332
242697,0.6543966257766304
242698,0.022129705800809925
242699,0.3477168088500643
242700,0.5041973266188228
242701,0.931174751500993
242702,0.13845951068307116
242703,0.9846878252530441
242704,0.8188127496920748
242705,0.8274301089441463
242706,0.8565227864612923
242707,0.6703496484426487
242708,0.6734766226860163
242709,0.9435872030397099
242710,0.24590380009180943
242711,0.9602537939560315
242712,0.6224133150926502
242713,0.6487517100640393
242714,0.7460106080783198
242715,0.27380113716417975
242716,0.1863185786811259
242717,0.7400657209993592
242718,0.5142918175992292
242719,0.8527458742574573
242720,0.6397707491557624
242721,0.28372291735788857
242722,0.5167552188200217
242723,0.8893378359338427
242724,0.6015880302334777
242725,0.9060589670985952
242726,0.13372359911099396
242727,0.8924829902600206
242728,0.14714050022497854
242729,0.37795483158425786
242730,0.08521004813176923
242731,0.7667404475027384
242732,0.16372528076865392
242733,0.1360142895450889
242734,0.31646524649919777
242735,0.22102890178664764
242736,0.8876607232945947
242737,0.1913771867230855
242738,0.7486967153135382
242739,0.9515818944555293
242740,0.8302389317383342
242741,0.16465246499197803
242742,0.1385276859936097
242743,0.4683234782134432
242744,0.40430231659705207
242745,0.5079060635121193
242746,0.7211357097731581
242747,0.4247730898414242
242748,0.4185964067066325
242749,0.297035282995714
242750,0.10883052072302189
242751,0.51892773871585
242752,0.8857245444753001
242753,0.9849196213088751
242754,0.6356620504406398
242755,0.16659318883197513
242756,0.16661136891478542
242757,0.796028560910095
242758,0.9366196863026711
242759,0.2899723208239213
242760,0.9105630826148413
242761,0.1956495061835007
242762,0.3267142681834916
242763,0.8969280205071335
242764,0.8342567300394054
242765,0.3239690756791397
242766,0.10934410806241221
242767,0.30224387672085845
242768,0.9266933610882598
242769,0.07107503374677872
242770,0.15449888874243825
242771,0.4567973057117275
242772,0.6581826280218708
242773,0.7434926666090964
242774,0.020620758927556916
242775,0.12142477308984143
242776,0.7748396743947169
242777,0.765036064739275
242778,0.8346248767163135
242779,0.657419064543839
242780,0.6149822062439495
242781,0.3082342140068448
242782,0.28055958294890027
242783,0.31915589875511885
242784,0.6457519964003436
242785,0.769499275069198
242786,0.8978233895855396
242787,0.24654010299016912
242788,0.49384376945836983
242789,0.2924039068997959
242790,0.6615141281968541
242791,0.10433095022747828
242792,0.9453870312379273
242793,0.31887410747155953
242794,0.8795978565682366
242795,0.8763936169729253
242796,0.9197303893719236
242797,0.03118793206103054
242798,0.7978920193981485
242799,0.4880761381868094
242800,0.5754087109866786
242801,0.24480845010249022
242802,0.6230087128046868
242803,0.15550788333840862
242804,0.6496970743701739
242805,0.8319569495639053
242806,0.738220442594116
242807,0.6953199921825644
242808,0.24309043227691904
242809,0.5574240640666118
242810,0.18762754464346587
242811,0.9007094777316711
242812,0.5840851555078834
242813,0.8002645202048896
242814,0.9721162979897374
242815,0.12189291022220605
242816,0.4901895728135041
242817,0.04681371323646379
242818,0.34402625203957804
242819,0.1270969589266479
242820,0.46660091536716947
242821,0.21515219001822553
242822,0.45301584848718984
242823,0.3923580021907
242824,0.7065552833593157
242825,0.3507756077828934
242826,0.9022638748119498
242827,0.2367455833761323
242828,0.4912076574508797
242829,0.019620854372991672
242830,0.3998754664327496
242831,0.4631466996332168
242832,0.3540662027715536
242833,0.19032728694079204
242834,0.2140204798632858
242835,0.5380395507701538
242836,0.8078001645297495
242837,0.41275151008312844
242838,0.8446102871998582
242839,0.19949913871857688
242840,0.9132719149535726
242841,0.8899695938114998
242842,0.8568545729725799
242843,0.33104112789233753
242844,0.699851377823026
242845,0.07037510055858305
242846,0.2802959717481513
242847,0.4338585862258602
242848,0.9694529158580317
242849,0.47318210534448985
242850,0.7076733584521478
242851,0.8455102012989669
242852,0.5599692756600506
242853,0.16533421809736346
242854,0.1749196667590821
242855,0.5521700201344418
242856,0.8225123965439664
242857,0.2998304707277941
242858,0.6584235141191068
242859,0.5822807822889633
242860,0.46698724212688786
242861,0.6290535903391041
242862,0.7566505015430345
242863,0.2895178187536644
242864,0.2860863281232246
242865,0.9113084660100628
242866,0.2423541389231028
242867,0.4797769303839179
242868,0.9573904309134128
242869,0.19989001049899782
242870,0.8467191768058504
242871,0.28699533226373847
242872,0.3444943891719427
242873,0.18432785961340056
242874,0.5584557837660951
242875,0.0666936337895019
242876,0.6585507746987788
242877,0.8455374714231824
242878,0.5760631939678486
242879,0.40832920493952846
242880,0.5412937855931934
242881,0.12344730730248477
242882,0.019048181764467938
242883,0.6402797914744501
242884,0.1301057626317488
242885,0.706964335222547
242886,0.8802159793837862
242887,0.46954608878243437
242888,0.8191536262447675
242889,0.4857036373800682
242890,0.11492539348516731
242891,0.4673690238659037
242892,0.3342680925911617
242893,0.5094059203439671
242894,0.3319728571363642
242895,0.2656700951272833
242896,0.871057762668109
242897,0.01845278405243136
242898,0.7397657496329896
242899,0.9200076356347804
242900,0.5825353034483073
242901,0.9816108462374047
242902,0.42501397593866036
242903,0.5321901091259471
242904,0.8445512019307249
242905,0.9630898868744348
242906,0.7091732152839957
242907,0.4750591988946509
242908,0.0917276078192536
242909,0.12586980333695422
242910,0.5932979124719914
242911,0.6444066702723832
242912,0.1474268365292404
242913,0.16437976374982388
242914,0.7651133300912185
242915,0.19035455706500742
242916,0.18844110334922576
242917,0.539230346194227
242918,0.9365106058058095
242919,0.05586739447598184
242920,0.5656278264347494
242921,0.9784656919112267
242922,0.13385994973207105
242923,0.8601088077956195
242924,0.18687307120683935
242925,0.7780484590107308
242926,0.9599038273619337
242927,0.9022320596670318
242928,0.24711277559869288
242929,0.40424777634862125
242930,0.6057376341349235
242931,0.24010889869603358
242932,0.6555328809522728
242933,0.5066516377982102
242934,0.4482663018530049
242935,0.6217315619872649
242936,0.19299975911390277
242937,0.5957613136927838
242938,0.33660877825298496
242939,0.16025288495189097
242940,0.8284481935815218
242941,0.6042014171374551
242942,0.40235704773635245
242943,0.7542370955499702
242944,0.28101408501915726
242945,0.3106430749792065
242946,0.03254689325109875
242947,0.06413478713395539
242948,0.6256039196258539
242949,0.9553224464937439
242950,0.4819903554660691
242951,0.3278687034419442
242952,0.36476972652610434
242953,0.7811254380263702
242954,0.1737061462314961
242955,0.08512369273842041
242956,0.7815617600138168
242957,0.6216542966353211
242958,0.06005790356375073
242959,0.11825234863944806
242960,0.16200271792238016
242961,0.2579117447879975
242962,0.3918444148513096
242963,0.437880929547634
242964,0.5411756150549266
242965,0.8783570659164354
242966,0.4479845105694456
242967,0.7516191636252902
242968,0.7806391208111954
242969,0.7761531853777595
242970,0.6519423145972431
242971,0.3683693829225392
242972,0.2418950918321433
242973,0.6097008921875638
242974,0.8964235232091482
242975,0.4706550738338613
242976,0.82373955213366
242977,0.8180582762554484
242978,0.627017421064353
242979,0.05197231173387995
242980,0.18336431522445584
242981,0.20821194340540222
242982,0.03658741665568287
242983,0.7472695788129315
242984,0.11491630344376218
242985,0.9844469391558078
242986,0.6287172588071139
242987,0.2539257616318442
242988,0.8412151567350389
242989,0.6227950968316661
242990,0.8324614468618905
242991,0.6640684298316979
242992,0.19587675721862913
242993,0.26949245753814405
242994,0.1891319464960163
242995,0.3737915926207043
242996,0.20384417851023312
242997,0.6677726217042919
242998,0.7815663050345195
242999,0.8598406515741679
243000,0.4166329577631226
243001,0.40592943400857184
243002,0.07771985401393502
243003,0.556874116561601
243004,0.9061998627403748
243005,0.04205053154017117
243006,0.5257907199767294
243007,0.9685257316347077
243008,0.16626594734139016
243009,0.2458810749882966
243010,0.05597192995214093
243011,0.5388303843724008
243012,0.8513005576740402
243013,0.28681353143563565
243014,0.7354252548620359
243015,0.11243472214015934
243016,0.08772798960099262
243017,0.500965816899296
243018,0.5983610655346536
243019,0.3361724562655383
243020,0.260470591443544
243021,0.6881752196381256
243022,0.03563296230814332
243023,0.05293131110212207
243024,0.8405515837124639
243025,0.7811754332540984
243026,0.10162211788874698
243027,0.7425654823857722
243028,0.47089595993109745
243029,0.7478604315042656
243030,0.24156330532085574
243031,0.10274928302298417
243032,0.4346494198281073
243033,0.14369991955313358
243034,0.08674172010853509
243035,0.7653224010435368
243036,0.26633821317056094
243037,0.12551074670145124
243038,0.644829357197722
243039,0.4462574027024693
243040,0.7476877207175678
243041,0.9390739974820586
243042,0.988423832270556
243043,0.6677453515800765
243044,0.4038341794646874
243045,0.8403288776980379
243046,0.6436431067943514
243047,0.2629885329127674
243048,0.4323541843733098
243049,0.6482063075797311
243050,0.722021988810159
243051,0.23764095245453845
243052,0.43544934347175945
243053,0.7090095945387032
243054,0.04611832506897069
243055,0.41886456292808416
243056,0.9327382386226769
243057,0.007390203662377682
243058,0.3754459801564396
243059,0.7363069888783343
243060,0.1084441939633035
243061,0.6333622699651398
243062,0.13655514700869464
243063,0.4123197331163843
243064,0.7829979865558288
243065,0.5433299548679444
243066,0.06594825039428054
243067,0.12661973175287813
243068,0.41733289095131826
243069,0.5223365042427768
243070,0.5868712531985583
243071,0.6673635698410607
243072,0.5295903572840774
243073,0.138841292422087
243074,0.8932783688829703
243075,0.4658691670340558
243076,0.7244035796583054
243077,0.8685170960953728
243078,0.058408061048718075
243079,0.9462324050886052
243080,0.6339940278427969
243081,0.9748842155976021
243082,0.37256443703101066
243083,0.4699596856663682
243084,0.40894278273437534
243085,0.6174819676303626
243086,0.015366714995386803
243087,0.6530103944623468
243088,0.11564350675617326
243089,0.6254902941082897
243090,0.4149376650410642
243091,0.5479704210052677
243092,0.9074770135577969
243093,0.7255398348339478
243094,0.9274478345248862
243095,0.07158407606546646
243096,0.6126187954786134
243097,0.9423327773258007
243098,0.13780957272260375
243099,0.33361815463069433
243100,0.9870785061425955
243101,0.5707636998286528
243102,0.3540207525645279
243103,0.9861785920434868
243104,0.7644679371514537
243105,0.28704532749146666
243106,0.518241440589762
243107,0.9944096245358398
243108,0.7108003326955155
243109,0.028224578562955356
243110,0.09937233264097517
243111,0.9460369691983948
243112,0.27506465291949406
243113,0.28350021134346265
243114,0.09909508637811845
243115,0.27420109898600586
243116,0.23743188150222025
243117,0.30436185636825575
243118,0.726866980879098
243119,0.3050481544943437
243120,0.6908022416042106
243121,0.7186086782625295
243122,0.08984142422768736
243123,0.7548506733448171
243124,0.5612782416223907
243125,0.08105135418891832
243126,0.9754114379991001
243127,0.6275673685693638
243128,0.9793156107826071
243129,0.4305270860508769
243130,0.6866344576199546
243131,0.005226773807954695
243132,0.16681134982569845
243133,0.18741847369114767
243134,0.7406702087528009
243135,0.568609360015635
243136,0.3417673767504011
243137,0.15741224701278514
243138,0.28692261193249735
243139,0.32776871298648763
243140,0.7104640011635254
243141,0.8006463019439054
243142,0.955858758936647
243143,0.2223833179560133
243144,0.22960535585239591
243145,0.3483485667277214
243146,0.46497379795564964
243147,0.19994909576813125
243148,0.6353620790742702
243149,0.17673313001940724
243150,0.6092236650137941
243151,0.7702764736093373
243152,0.03849632535076197
243153,0.7603137882293054
243154,0.8306025333945397
243155,0.6882706650728794
243156,0.6869389740070266
243157,0.29570359192986123
243158,0.8476736311533899
243159,0.8497098004281409
243160,0.7355888756073284
243161,0.8519323155516974
243162,0.18202807913790048
243163,0.5756268719804019
243164,0.5884938255893756
243165,0.1621299785020521
243166,0.005072243104067339
243167,0.1810327196040378
243168,0.570286472654883
243169,0.11008494643693102
243170,0.09341835552060938
243171,0.11890683162061803
243172,0.8194354175283268
243173,0.9079224255866486
243174,0.05331309284113789
243175,0.7581185432299644
243176,0.9207348389471914
243177,0.02091618527322392
243178,0.241972357184087
243179,0.34326268856154635
243180,0.6207180223705919
243181,0.5722544666190954
243182,0.945264315678958
243183,0.34471709518636856
243184,0.6222496943473578
243185,0.9988910149485731
243186,0.0825648460828739
243187,0.32513260097899743
243188,0.18577317619681757
243189,0.6181409956322351
243190,0.5789856422796006
243191,0.3637925470750519
243192,0.13634607605637644
243193,0.5705409938142268
243194,0.9702073892946582
243195,0.4757954922484671
243196,0.30208934601697107
243197,0.3300821285240954
243198,0.11993400629939868
243199,0.7250126124324496
243200,0.33022756918657764
243201,0.2431495175460524
243202,0.64747910426732
243203,0.1582939810290836
243204,0.7781666295489976
243205,0.6335622508760527
243206,0.48256302807459284
243207,0.21710654892033035
243208,0.8526322487398931
243209,0.1798601042627749
243210,0.6972834411260744
243211,0.6791124483572023
243212,0.21746560555583333
243213,0.5892846591916227
243214,0.46098781479949635
243215,0.5883938351339191
243216,0.10987587548461283
243217,0.37890474091109483
243218,0.5741679203348772
243219,0.4701369414737684
243220,0.5256452793142473
243221,0.6697587957513147
243222,0.8511869321564759
243223,0.9804018707305212
243224,0.5553606246676454
243225,0.6464746546920521
243226,0.22114252730421188
243227,0.7245808354657056
243228,0.8807886519923098
243229,0.054044841174251554
243230,0.15720317606046696
243231,0.6091963948895788
243232,0.8530731157480422
243233,0.743801728016871
243234,0.9715981656296444
243235,0.40189800064539294
243236,0.03662832184200599
243237,0.2970216479336063
243238,0.1589302839274433
243239,0.20784834174919667
243240,0.8217215629417193
243241,0.9010821694292818
243242,0.7947650451547807
243243,0.23829089041500584
243244,0.9834970298289708
243245,0.8133314547247763
243246,0.118347794074202
243247,0.2822776007744715
243248,0.4893396539421237
243249,0.41736925111693884
243250,0.49466641820553486
243251,0.7838660855100196
243252,0.4023161425500293
243253,0.9800200889915054
243254,0.009989955504247321
243255,0.8898786933974484
243256,0.12913767322210154
243257,0.920548493098386
243258,0.4046204680462319
243259,0.9334245367487649
243260,0.8448693533799047
243261,0.32538257711763874
243262,0.5925934342630931
243263,0.7107503374677872
243264,0.3625926616095736
243265,0.30780243704010074
243266,0.28884970071038674
243267,0.2272055849214393
243268,0.6818894560064721
243269,0.9222574208825521
243270,0.16191181750832875
243271,0.984815085832716
243272,0.738865835533881
243273,0.3101885729089496
243274,0.5126919703119248
243275,0.07152953581703564
243276,0.5718908649628899
243277,0.24783543389040139
243278,0.6838619949913872
243279,0.2979988273846587
243280,0.3310320378509324
243281,0.6751991855322901
243282,0.8183173424354948
243283,0.8872334913485531
243284,0.2055485612736966
243285,0.7262579481049537
243286,0.0176028651810509
243287,0.29774430622531484
243288,0.7900336786034061
243289,0.6350393826043879
243290,0.49301203066979965
243291,0.767703991891683
243292,0.38148176764945163
243293,0.18245076606323943
243294,0.5911163025347581
243295,0.9493502892905678
243296,0.6340258429877148
243297,0.029728980415505795
243298,0.39656214634057657
243299,0.15978020279882374
243300,0.10043132246467382
243301,0.8903286504470028
243302,0.7450152485444572
243303,0.4996750310197663
243304,0.24446302852909496
243305,0.4285272769417464
243306,0.848200853554888
243307,0.6677862567663996
243308,0.772158112180201
243309,0.04761818190081856
243310,0.6603415128555911
243311,0.2545484294680962
243312,0.27382386226769256
243313,0.36188818340067536
243314,0.0020179891919407697
243315,0.7966466837256444
243316,0.6537694129196758
243317,0.4292317551506447
243318,0.22086982606205774
243319,0.643879447870885
243320,0.36451520536676046
243321,0.14553610791697155
243322,0.6825484840083447
243323,0.5046972788961055
243324,0.1277059917007922
243325,0.5452752237286441
243326,0.025970248294480983
243327,0.07636089282386681
243328,0.36605142236422883
243329,0.28148222215152185
243330,0.21917453333999937
243331,0.9983319774021571
243332,0.04693642879543316
243333,0.5485476386344941
243334,0.950836511060308
243335,0.879193349725708
243336,0.7666359120265793
243337,0.4018889106039878
243338,0.19568586634912125
243339,0.9163216238449966
243340,0.40882915721681107
243341,0.5827443744006254
243342,0.24918985005976702
243343,0.8970143759004823
243344,0.09081860367873976
243345,0.5602510669436099
243346,0.8099817744669827
243347,0.9062316778852928
243348,0.07085687275305538
243349,0.3820817103821908
243350,0.26792442539575767
243351,0.850332468264393
243352,0.6728675899118721
243353,0.32960035632962303
243354,0.33559978365701454
243355,0.018102817458333524
243356,0.47935424345857897
243357,0.05725817081096805
243358,0.5592238922648293
243359,0.4799496411706155
243360,0.19491321282968446
243361,0.6310124942619113
243362,0.4775498702396589
243363,0.38843110430368005
243364,0.5558196717586049
243365,0.9801518945918799
243366,0.06778898377882112
243367,0.35615691229473545
243368,0.31176115007203853
243369,0.14496343530844782
243370,0.5199367333118203
243371,0.15767585821353416
243372,0.5842351411910682
243373,0.16361620027179224
243374,0.4458801659841561
243375,0.06731175660505134
243376,0.9421282513941851
243377,0.7395430436185637
243378,0.05828534548974871
243379,0.2884860990541812
243380,0.2192927038782662
243381,0.29835333899945915
243382,0.27203312411088026
243383,0.033814954027115596
243384,0.04611832506897069
243385,0.5013294185555015
243386,0.43477213538707665
243387,0.4823721372050849
243388,0.768549365742361
243389,0.3409220028997232
243390,0.12151112848319025
243391,0.9146536012471537
243392,0.1825916617050191
243393,0.5041018811840688
243394,0.7138500415869394
243395,0.5703091977583958
243396,0.10504906349848424
243397,0.4277546234223097
243398,0.5863713009212757
243399,0.1674567427654633
243400,0.17207902881997628
243401,0.5264633830407098
243402,0.012294281000449957
243403,0.21111166661364145
243404,0.7747987692083937
243405,0.4662827639179896
243406,0.35154371628162767
243407,0.018021007085687275
243408,0.5057426336576963
243409,0.04788179310156758
243410,0.11339372150840146
243411,0.3481622208789161
243412,0.8641493312002037
243413,0.7604819539953005
243414,0.2611341644661191
243415,0.2359865649188032
243416,0.8219397239354426
243417,0.2775825943887174
243418,0.13018757300439504
243419,0.9776748583089797
243420,0.1980083719281341
243421,0.5835670231477905
243422,0.7551097395248635
243423,0.02642929538544048
243424,0.03451488721531127
243425,0.5667958967553098
243426,0.8742892723876358
243427,0.5129374014298635
243428,0.948850337013285
243429,0.548315842578663
243430,0.7389158307616092
243431,0.3736961471859504
243432,0.5620645302039351
243433,0.5840487953422627
243434,0.7447652724058158
243435,0.778352975397803
243436,0.5815808491007677
243437,0.3068207125683457
243438,0.6803350589261935
243439,0.007712900132260102
243440,0.820330786606733
243441,0.7705673549343017
243442,0.01877093550161121
243443,0.9683075706409843
243444,0.97672040396144
243445,0.2282418496416251
243446,0.6770853691238564
243447,0.7373750687434382
243448,0.4041432408724622
243449,0.1684930074856491
243450,0.874043841269697
243451,0.9608855518336886
243452,0.786424932165566
243453,0.8175401438953555
243454,0.10753064480208707
243455,0.07285668186218588
243456,0.027261034174010663
243457,0.20434413078751573
243458,0.8136223360497408
243459,0.47738170447366385
243460,0.4518705032701424
243461,0.03960985542289146
243462,0.19149081224064976
243463,0.5370305561741834
243464,0.820298971461815
243465,0.4518159630217115
243466,0.5877802573390722
243467,0.6213179651033311
243468,0.7035192095299995
243469,0.19209529999409147
243470,0.16580690025043066
243471,0.9101949359379332
243472,0.5890346830529813
243473,0.7672449448007237
243474,0.4426259311611164
243475,0.9756841392412543
243476,0.31263379404693187
243477,0.6194817767394931
243478,0.6494743683557479
243479,0.7026056603687829
243480,0.044282136705132695
243481,0.2554074383808818
243482,0.32228741801918903
243483,0.6771944496207181
243484,0.8253575795037748
243485,0.3870221478858836
243486,0.8390471818599134
243487,0.5711954767953968
243488,0.4570563718917739
243489,0.6430749792065303
243490,0.48430831602437946
243491,0.5532790051858687
243492,0.6160048359020276
243493,0.661123256416433
243494,0.49827516464337496
243495,0.7248399016457521
243496,0.6919794019661759
243497,0.18538230441639664
243498,0.42625931161116437
243499,0.866076419978093
243500,0.6709405011339827
243501,0.44106698906013514
243502,0.48230850691524896
243503,0.051554169829243573
243504,0.5147008694624605
243505,0.6332713695510883
243506,0.7608637357343162
243507,0.5768858427150136
243508,0.9354016207543825
243509,0.9819835379350154
243510,0.41808736438794475
243511,0.5590148213125111
243512,0.5654096654410261
243513,0.726444293953759
243514,0.9850287018057368
243515,0.7527554188009327
243516,0.5362169974684236
243517,0.2709241390594534
243518,0.6922793733325455
243519,0.41470132396453063
243520,0.24873080296880754
243521,0.39762113616427525
243522,0.40672481263152155
243523,0.29312656519150443
243524,0.5795628599088268
243525,0.17372887133500894
243526,0.18008281027720083
243527,0.19960367419473599
243528,0.08379654669327018
243529,0.1895137282350321
243530,0.9170215570331923
243531,0.6569009321837461
243532,0.10486271764967889
243533,0.860199708209671
243534,0.8829702619295432
243535,0.0704250957863113
243536,0.24112243831270652
243537,0.6913658241713291
243538,0.6151867321755652
243539,0.10365828716349802
243540,0.5708046050149759
243541,0.2231241563305321
243542,0.7147681357688584
243543,0.11738879470595988
243544,0.7820162620840738
243545,0.5851168752073667
243546,0.8598633766776808
243547,0.44306679816926564
243548,0.8887878884288318
243549,0.21812463355770584
243550,0.18211897955195186
243551,0.891128574090655
243552,0.8458601678930647
243553,0.5811172569891057
243554,0.71469996045832
243555,0.7085323673649333
243556,0.4924984433304094
243557,0.1358779389240118
243558,0.7063189422827821
243559,0.18331886501743014
243560,0.41891455815581236
243561,0.9284250139759387
243562,0.682598479236073
243563,0.22544211688884244
243564,0.6525468023506847
243565,0.6316351620981634
243566,0.14031387912971946
243567,0.02775189640988815
243568,0.8892696606233041
243569,0.5199230982497125
243570,0.9753432626885616
243571,0.7314120015816672
243572,0.7957604046886433
243573,0.747360479226983
243574,0.59566586825803
243575,0.32131478358883925
243576,0.02360229250844238
243577,0.8395744042614115
243578,0.6303716463428491
243579,0.7308029688075229
243580,0.49209393648788063
243581,0.7014012298826021
243582,0.14604515023565934
243583,0.9926370664618377
243584,0.8238349975684139
243585,0.807245672004036
243586,0.3120383963348953
243587,0.43679466959972
243588,0.9511137573231646
243589,0.56205544016253
243590,0.7625590284563747
243591,0.8962599024638558
243592,0.005044972979851923
243593,0.8372973488894243
243594,0.07570640984269683
243595,0.017698310615804857
243596,0.29209939051272377
243597,0.8886333577249446
243598,0.23011439817108367
243599,0.560651028765436
243600,0.23374586971243655
243601,0.4158784843264961
243602,0.5325037155544244
243603,0.5589557360433778
243604,0.7433381359052091
243605,0.017321073897491605
243606,0.2586207680175983
243607,0.6861799555496976
243608,0.6603460578762936
243609,0.7966875889119674
243610,0.13539616672953944
243611,0.47922698287890697
243612,0.15881665840987907
243613,0.286409024593107
243614,0.8460601488039778
243615,0.34891669431554256
243616,0.06678907922425587
243617,0.054462983078887924
243618,0.29462187700264975
243619,0.013848678080728658
243620,0.9271251380550039
243621,0.5156053285822717
243622,0.020243522209243664
243623,0.4380900004999522
243624,0.8466464564746093
243625,0.23338681307693357
243626,0.28192763418037364
243627,0.5474841037900928
243628,0.23326409751796418
243629,0.21587939333063663
243630,0.2513896400798105
243631,0.6432431449725254
243632,0.6473609337290531
243633,0.4729094041023357
243634,0.5494748228578181
243635,0.9165306947973149
243636,0.5900891278559773
243637,0.792219833561342
243638,0.28703623745006157
243639,0.7832979579221984
243640,0.7700764926984243
243641,0.15342626385663188
243642,0.9056726403388767
243643,0.540221160707387
243644,0.7722853727598729
243645,0.7231718790479091
243646,0.36655137464151144
243647,0.30538448602633383
243648,0.6314033660423324
243649,0.8544275319174078
243650,0.9539316701587576
243651,0.6930929320383055
243652,0.1756286899886829
243653,0.6682180337331437
243654,0.594915939842106
243655,0.12345185232318732
243656,0.6263583930624804
243657,0.34048113589157397
243658,0.5208911876593598
243659,0.059707936969652896
243660,0.3896900750382918
243661,0.6066148231305194
243662,0.7753350816512969
243663,0.7698174265183778
243664,0.18819112721058445
243665,0.4271546806895705
243666,0.6275628235486613
243667,0.11345280677753487
243668,0.5715727135137101
243669,0.5130464819267253
243670,0.5962930811149845
243671,0.039887101685748175
243672,0.6220497134364447
243673,0.4584516932474627
243674,0.08893696510787606
243675,0.16660227887338028
243676,0.2810504451847778
243677,0.719067725353489
243678,0.286936246994605
243679,0.23015984837810935
243680,0.5239227164679735
243681,0.6431795146826894
243682,0.4922121070261475
243683,0.4789906418023734
243684,0.26003881447679994
243685,0.4835902027533735
243686,0.582326232495989
243687,0.2692515714409079
243688,0.38084091973038936
243689,0.4075383713372814
243690,0.4459028910876689
243691,0.16219360879188804
243692,0.018366428659082543
243693,0.5514746319669486
243694,0.47567732171020033
243695,0.06875707318846837
243696,0.08280573218011007
243697,0.262897632498716
243698,0.5333399993636971
243699,0.8711577531235655
243700,0.827180132805505
243701,0.02839728934965299
243702,0.13994573245281133
243703,0.8790979042909541
243704,0.2228560001090805
243705,0.2558937555960567
243706,0.0789515546243313
243707,0.534712595615873
243708,0.6585507746987788
243709,0.9169715618054641
243710,0.5829579903736462
243711,0.1522990987223947
243712,0.5915480795015021
243713,0.27391476268174403
243714,0.7612955127010603
243715,0.953199921825644
243716,0.9269387922061985
243717,0.9398012007944697
243718,0.12301553033574067
243719,0.9012185200503589
243720,0.09857240899732299
243721,0.2313824589471005
243722,0.9337108730530268
243723,0.40293881038628127
243724,0.8842837729125856
243725,0.9603037891837597
243726,0.5897618863653925
243727,0.7235718408697352
243728,0.8733439080815013
243729,0.31607891973947944
243730,0.24872625794810496
243731,0.5732225560287427
243732,0.4552565436935565
243733,0.08031051581439953
243734,0.38394971389094673
243735,0.14030024406761174
243736,0.030251657796301262
243737,0.6174683325682548
243738,0.3887265306493471
243739,0.9743751732789143
243740,0.25747542280055086
243741,0.9804109607719264
243742,0.3393812408815522
243743,0.23787274851036946
243744,0.713127383295231
243745,0.4332859136173365
243746,0.3537571413637789
243747,0.5988473827498284
243748,0.8058685307311576
243749,0.15993473350271112
243750,0.6086918975915935
243751,0.37586412206107594
243752,0.3254507524281773
243753,0.3734598061094168
243754,0.8112952854500253
243755,0.7408247394566883
243756,0.4702051167843069
243757,0.6005199503683739
243758,0.5437526417932834
243759,0.712704696369892
243760,0.818462783097977
243761,0.2920948454920212
243762,0.8544911622072439
243763,0.3167288576999468
243764,0.25339853923034616
243765,0.27270578717486055
243766,0.8895196367619455
243767,0.6223405947614091
243768,0.4788951963676194
243769,0.20942091891228568
243770,0.08709168670263293
243771,0.5834261275060107
243772,0.7721853823044165
243773,0.9036501061262334
243774,0.2030760700114989
243775,0.40613850496089005
243776,0.5847759986546739
243777,0.5411847050963318
243778,0.6461519582221698
243779,0.43553569886510834
243780,0.730707523372769
243781,0.3747778621131619
243782,0.548683989255571
243783,0.9203621472495808
243784,0.2367864885624554
243785,0.18256893660150625
243786,0.9521045718363248
243787,0.1756605051336009
243788,0.9898009735434345
243789,0.7825843896718949
243790,0.04669099767749443
243791,0.27302848364474297
243792,0.981733561796374
243793,0.7559778384790543
243794,0.9080315060835102
243795,0.9242935901573032
243796,0.08319205893982846
243797,0.3695738134087201
243798,0.8335204366855891
243799,0.6726221587939334
243800,0.23875902754737047
243801,0.1576849482549393
243802,0.8757391339917553
243803,0.18262802187063962
243804,0.5068879788747438
243805,0.6926247949059408
243806,0.7449152580890006
243807,0.14232732330095763
243808,0.4384399670940501
243809,0.6993968757527691
243810,0.32644611196204
243811,0.7580049177124002
243812,0.7398930102126615
243813,0.6351530081219521
243814,0.17931015675776404
243815,0.14463619381786286
243816,0.12234741229246299
243817,0.9134446257402702
243818,0.8599270069675168
243819,0.460928729530363
243820,0.49590720885733636
243821,0.37361888183400677
243822,0.318151449179851
243823,0.2551211020766199
243824,0.8328750437458242
243825,0.5262588571090941
243826,0.026583826089327838
243827,0.9819926279764205
243828,0.4134468982506215
243829,0.5980156439612583
243830,0.4125151690065948
243831,0.19978547502283875
243832,0.3006985696819849
243833,0.029919871285013704
243834,0.5326037060098809
243835,0.4232959581130892
243836,0.5697819753568978
243837,0.8291935769767431
243838,0.0775607782893451
243839,0.07407020238977188
243840,0.33774048840792464
243841,0.1499402329777612
243842,0.9737661405047701
243843,0.8512142022806914
243844,0.8502461128710441
243845,0.21756559601128983
243846,0.08803705100876734
243847,0.7549552088209762
243848,0.9909008685534563
243849,0.07666086419023638
243850,0.33424991250835145
243851,0.31940587489376016
243852,0.8578226623822272
243853,0.7878429786247677
243854,0.8219988092045759
243855,0.8914830857054554
243856,0.8834565791447181
243857,0.23870448729893964
243858,0.871553169924689
243859,0.028342749101222156
243860,0.6216997468423469
243861,0.3089432372364456
243862,0.2569482003990528
243863,0.2426495652687698
243864,0.056817303802818825
243865,0.147304120970271
243866,0.31212020670754154
243867,0.03688284300134988
243868,0.1974538794024207
243869,0.3669422464219324
243870,0.6273037573686149
243871,0.9904781816281174
243872,0.10177664859263433
243873,0.9762022716013472
243874,0.9724980797287532
243875,0.5511383004349586
243876,0.37155544243504024
243877,0.564914258184446
243878,0.7221083442035079
243879,0.43554478890651344
243880,0.24881715836215634
243881,0.7800346330577536
243882,0.16983833361360962
243883,0.41556487789801877
243884,0.5665595556787761
243885,0.5622463310320379
243886,0.17860567854886578
243887,0.6850800605396759
243888,0.8448284481935815
243889,0.16531603801455316
243890,0.9871875866394572
243891,0.9610855327446016
243892,0.22377863931170208
243893,0.9161352779961913
243894,0.2620386235859304
243895,0.26207498375155097
243896,0.8684489207848342
243897,0.7267806254857491
243898,0.7833524981706291
243899,0.1904500024997614
243900,0.8973052572254467
243901,0.05814444984796906
243902,0.3661514128196854
243903,0.009444553019939005
243904,0.38461328691352187
243905,0.6814758591225383
243906,0.7270169665622828
243907,0.9470868689806883
243908,0.2216606596643048
243909,0.7061962267238128
243910,0.6340485680912277
243911,0.014994023297776122
243912,0.7163543479940552
243913,0.044922984624194966
243914,0.9031546988696534
243915,0.77061735016203
243916,0.39088996050377006
243917,0.3142245512928311
243918,0.22181064534748957
243919,0.8734302634748502
243920,0.34006299398693757
243921,0.2917630589807336
243922,0.8135996109462279
243923,0.3796683043891265
243924,0.8579226528376837
243925,0.05498111543898083
243926,0.4864399307338845
243927,0.8426650183391585
243928,0.862172247194586
243929,0.7710900323150972
243930,0.6374618786388573
243931,0.6692542984533295
243932,0.5189777339435782
243933,0.38020916185273224
243934,0.11204385035973839
243935,0.5129283113884584
243936,0.9533135473432082
243937,0.9672076756309625
243938,0.46419659941551034
243939,0.7609591811690702
243940,0.843610382645293
243941,0.6405479476959017
243942,0.6812304280045997
243943,0.42232332368273934
243944,0.8063139427600093
243945,0.6559646579190169
243946,0.10434004026888341
243947,0.3749869330654801
243948,0.7810436276537239
243949,0.8879152444539385
243950,0.9022547847705447
243951,0.08781889001504402
243952,0.7574504251866867
243953,0.8151449179851015
243954,0.8220124442666836
243955,0.3271233200467228
243956,0.6257675403711463
243957,0.3268142586389481
243958,0.4243731280195981
243959,0.6823621381595394
243960,0.8282754827948241
243961,0.7835524790815422
243962,0.3954804314133651
243963,0.4439485321855641
243964,0.7408974597879293
243965,0.16669772430813423
243966,0.9271614982206244
243967,0.6846937337799573
243968,0.5585057789938234
243969,0.6975606873889311
243970,0.5336399707300666
243971,0.5154280727748716
243972,0.05244953890764972
243973,0.12351093759232074
243974,0.7784166056876389
243975,0.6439203530572082
243976,0.0025861167797619315
243977,0.28227305575376893
243978,0.20656210089036955
243979,0.5255725589830061
243980,0.047136409706346215
243981,0.8732893678330704
243982,0.2051940496588962
243983,0.4450029769885602
243984,0.7001422591479904
243985,0.14403170606442112
243986,0.33806772989850964
243987,0.0697433426809259
243988,0.35961567304939074
243989,0.5253680330513906
243990,0.43336317896928017
243991,0.15918935010748975
243992,0.044709368651174204
243993,0.8347475922752828
243994,0.9049863422127888
243995,0.18654128469555178
243996,0.31926043423127787
243997,0.7781075442798642
243998,0.434894850946046
243999,0.9174851491448544
244000,0.354684325587103
244001,0.08395562241786012
244002,0.08273755686957154
244003,0.4191736243358588
244004,0.2394998659218893
244005,0.7949695710863963
244006,0.061098713304639105
244007,0.8124906258948009
244008,0.36675590057312707
244009,0.6004154148922148
244010,0.10871235018475509
244011,0.28974961480949546
244012,0.8834202189790974
244013,0.4741592847955422
244014,0.08647810890778607
244015,0.09910872144022614
244016,0.4589607355661505
244017,0.7639770749155762
244018,0.0649483458397153
244019,0.8892333004576837
244020,0.16448884424668553
244021,0.8698169720163076
244022,0.2316778852927675
244023,0.24886260856918202
244024,0.8974325178051186
244025,0.16723858177173997
244026,0.33753141745560644
244027,0.5395848578090273
244028,0.05493566523195514
244029,0.6126278855200186
244030,0.5908617813754142
244031,0.9132491898500598
244032,0.08874607423836815
244033,0.3094522795551334
244034,0.7915426254766591
244035,0.2302416587507556
244036,0.846005608555547
244037,0.7834615786674909
244038,0.04533658150812877
244039,0.4005435844760273
244040,0.8858654401170797
244041,0.9585085060062449
244042,0.54599333699965
244043,0.6173956122370138
244044,0.6868480735929753
244045,0.8311706609823608
244046,0.8507142500034088
244047,0.8050095218183719
244048,0.08332386454020298
244049,0.7023874993750596
244050,0.3017121092986578
244051,0.912708332386454
244052,0.04982706196226724
244053,0.8239668031687885
244054,0.6661091441271515
244055,0.2670745065243772
244056,0.504301862094982
244057,0.0038041823280505044
244058,0.5925434390353649
244059,0.34470346012426084
244060,0.2111616618413697
244061,0.6201726198862837
244062,0.4261638661764104
244063,0.5107557914926303
244064,0.1867958058548957
244065,0.3498166084146513
244066,0.3743142700014998
244067,0.504574563337136
244068,0.8125815263088524
244069,0.4071429545361579
244070,0.8636675590057313
244071,0.464242049622536
244072,0.8256939110357647
244073,0.9552542711832053
244074,0.34571245472023127
244075,0.3090114125469841
244076,0.29591720790288195
244077,0.6483562932629158
244078,0.8102090255021113
244079,0.8754937028738167
244080,0.5856031924225416
244081,0.37208720985724086
244082,0.4109744069884238
244083,0.4975434163102612
244084,0.17456061012357912
244085,0.6325623463214874
244086,0.30098036096554415
244087,0.2395271360461047
244088,0.18450057040009818
244089,0.4402943355406984
244090,0.07240672481263151
244091,0.47713172833502254
244092,0.8805977611228019
244093,0.16848846246494656
244094,0.873780230068948
244095,0.8568363928897696
244096,0.08149222119706755
244097,0.8559728389562815
244098,0.21303421037082823
244099,0.7211084396489426
244100,0.5585148690352285
244101,0.11717517873293912
244102,0.34164920621213424
244103,0.612750601078988
244104,0.4458665309220483
244105,0.4548111316647047
244106,0.4417396521241154
244107,0.7194767772167202
244108,0.44743001804373217
244109,0.8416196635775676
244110,0.4272455811036219
244111,0.7717308802341596
244112,0.19729480367783078
244113,0.049631626072056755
244114,0.6973879766022335
244115,0.3661923180060085
244116,0.7089550542902724
244117,0.871489539634853
244118,0.15933933579067452
244119,0.5967748533094569
244120,0.9293476531785603
244121,0.892796596688498
244122,0.7921516582508034
244123,0.5498611496175365
244124,0.32196472154930666
244125,0.5900391326282491
244126,0.49341199249162576
244127,0.6410615350352921
244128,0.2520304879988728
244129,0.9323791819871741
244130,0.3222192427086505
244131,0.5757177723944533
244132,0.8118679580585489
244133,0.9514228187309393
244134,0.48377654860217884
244135,0.5286495379986457
244136,0.4568063957531326
244137,0.9501365778721123
244138,0.5587103049254389
244139,0.5377441244244867
244140,0.8776571327282396
244141,0.35253453079478775
244142,0.23981347235036657
244143,0.6669545179778295
244144,0.919398602860636
244145,0.4069293385631371
244146,0.5117011557987647
244147,0.5527745078878835
244148,0.09226392026215678
244149,0.9616582053531254
244150,0.739656669136128
244151,0.7861431408820068
244152,0.7849659805200413
244153,0.10894869126128869
244154,0.29040864281136797
244155,0.07119320428504551
244156,0.7415064925620737
244157,0.2761781829916235
244158,0.34910758518505053
244159,0.852336822394226
244160,0.6743038164538839
244161,0.48958054003935986
244162,0.9643397675676414
244163,0.48525368033051386
244164,0.3434081292240286
244165,0.9213029665350125
244166,0.523168243031347
244167,0.8394289635989293
244168,0.8759936551510993
244169,0.07198858290799515
244170,0.5918889560541948
244171,0.13002849727980512
244172,0.39694847310029496
244173,0.3071206839347153
244174,0.8696715313538254
244175,0.8167720353966212
244176,0.06824348584907804
244177,0.2723921807463833
244178,0.9507501556669591
244179,0.8854109380468228
244180,0.8863426672908495
244181,0.5480795015021295
244182,0.8898241531490176
244183,0.6775398711941133
244184,0.20389417373796137
244185,0.9183850632439632
244186,0.7713900036814667
244187,0.813176924020889
244188,0.51270106035333
244189,0.6627958240349785
244190,0.6298671490448638
244191,0.6986242222333323
244192,0.9970866417296531
244193,0.06412569709255025
244194,0.33391812599706394
244195,0.7324982615295813
244196,0.03150153848950782
244197,0.6263083978347521
244198,0.31942859999727297
244199,0.6298762390862691
244200,0.1518991369005686
244201,0.1868367110412188
244202,0.6018061912272011
244203,0.7660768744801633
244204,0.1582167156771399
244205,0.20061721381140893
244206,0.05469023411401639
244207,0.4086155412437903
244208,0.5656960017452879
244209,0.9298203353316274
244210,0.581144527113321
244211,0.9536498788751983
244212,0.7509328654992024
244213,0.4477345344308043
244214,0.45718817749214846
244215,0.9394330541175615
244216,0.30513450988769253
244217,0.7830298017007468
244218,0.40990178210261746
244219,0.20777562141795558
244220,0.27416928384108785
244221,0.3321501129437644
244222,0.7752896314442713
244223,0.336217906472564
244224,0.4804495934478981
244225,0.1460496952563619
244226,0.540634757591321
244227,0.7574413351452816
244228,0.20835283904718188
244229,0.10843964894260093
244230,0.11379822835093012
244231,0.011926134323541844
244232,0.9626126597006649
244233,0.16133459987910245
244234,0.8841610573536163
244235,0.7984919621308875
244236,0.018270983224328588
244237,0.9659305248135406
244238,0.7697537962285419
244239,0.3164152512714695
244240,0.27616909295021835
244241,0.45693820135350716
244242,0.8446057421791557
244243,0.6393344271683158
244244,0.5045154780680027
244245,0.8183082523940898
244246,0.02779734661691384
244247,0.03369678348884879
244248,0.38164538839474416
244249,0.5187595729498549
244250,0.6277718945009795
244251,0.9096449884329223
244252,0.2068120770290109
244253,0.5449843424036797
244254,0.28009599083723824
244255,0.9649533453624882
244256,0.18523231873321183
244257,0.7175815035837488
244258,0.4512751055581058
244259,0.4226596552147295
244260,0.019252707696083556
244261,0.3016348439467142
244262,0.20893914671781333
244263,0.10841237881838552
244264,0.36013835043018616
244265,0.5453343089977775
244266,0.02346139686666273
244267,0.8050549720253977
244268,0.07617000195435888
244269,0.3724371764513387
244270,0.855977383976984
244271,0.06061694111016676
244272,0.46435567514010023
244273,0.7987464832902315
244274,0.5174642420496225
244275,0.6177364887897066
244276,0.7931515628053686
244277,0.505842624113153
244278,0.7551779148354022
244279,0.16604778634766681
244280,0.3525299857740852
244281,0.5795401348053141
244282,0.11298466964517023
244283,0.6033196831211566
244284,0.7837388249303475
244285,0.5379077451697793
244286,0.8512641975084196
244287,0.8024279500593126
244288,0.21255243817635588
244289,0.7912199290067767
244290,0.7323710009499094
244291,0.5043382222606024
244292,0.3146654183009803
244293,0.8179128355929662
244294,0.8114679962367229
244295,0.9374105199049182
244296,0.4579971911772058
244297,0.7723853632153295
244298,0.08692806595734044
244299,0.794328723167334
244300,0.7554369810154485
244301,0.9305838988096591
244302,0.24450847873612064
244303,0.9287204403216057
244304,0.28664082064893803
244305,0.6168911149390286
244306,0.8852518623222329
244307,0.0871553169924689
244308,0.3196194908667809
244309,0.852568618450057
244310,0.9306566191409003
244311,0.5755496066284582
244312,0.19591766240495226
244313,0.9851741424682189
244314,0.6322987351207385
244315,0.3087478013462351
244316,0.811931588348385
244317,0.1823235054835675
244318,0.8965689638716304
244319,0.5268178946555102
244320,0.2618977279441507
244321,0.2909813154198917
244322,0.9464505660823286
244323,0.4739411238018189
244324,0.09602719740388416
244325,0.9058589861876821
244326,0.37657314529067676
244327,0.36018834565791447
244328,0.27570095581785375
244329,0.8524140877461698
244330,0.5263452125024429
244331,0.2637021011630708
244332,0.25639370787333937
244333,0.49279386967607636
244334,0.19916735220728932
244335,0.29463096704405484
244336,0.9586630367101323
244337,0.22692379363788004
244338,0.23740006635730226
244339,0.7727262397680221
244340,0.1957949468459829
244341,0.030128942237331893
244342,0.581112711968403
244343,0.893882856636412
244344,0.11766149594811404
244345,0.043909445007522016
244346,0.6628140041177888
244347,0.5441116984287864
244348,0.07756986833075025
244349,0.3591748060412415
244350,0.9704073702055713
244351,0.8121679294249186
244352,0.17376523150062947
244353,0.07271124119970365
244354,0.8087409838151813
244355,0.6250085219138174
244356,0.661714109107767
244357,0.6603733280005091
244358,0.792978852018671
244359,0.07161589121038446
244360,0.6274719231346099
244361,0.37179632853227645
244362,0.05173597065734634
244363,0.15914844492116662
244364,0.6413751414637694
244365,0.7461605937615047
244366,0.9707027965512383
244367,0.1602483399311884
244368,0.571213656878207
244369,0.35757041373323456
244370,0.5569741070170575
244371,0.2924175419619036
244372,0.927334209007322
244373,0.16832029669895146
244374,0.4443439489866876
244375,0.757659496139005
244376,0.5960112898314252
244377,0.3261552306370755
244378,0.3523709100494953
244379,0.3538707668813431
244380,0.05006794805950342
244381,0.2670199662759463
244382,0.1099531408365565
244383,0.9466232768690261
244384,0.09314565427845524
244385,0.6847391839869831
244386,0.9530590261838643
244387,0.6943973529799429
244388,0.6094781861731381
244389,0.16194363265324674
244390,0.2241331509265025
244391,0.004158693942850909
244392,0.9180214615877575
244393,0.3886810804423214
244394,0.669745160689207
244395,0.09480004181419045
244396,0.3773730689343289
244397,0.8902604751364642
244398,0.21479313338272255
244399,0.7038691761240973
244400,0.6582598933738143
244401,0.5438435422073348
244402,0.3685557287713445
244403,0.6432931402002536
244404,0.7773621608846429
244405,0.7009876329986684
244406,0.9055135646142868
244407,0.43074979206530284
244408,0.9704437303711918
244409,0.022366046877343525
244410,0.48236759218438235
244411,0.9723344589834607
244412,0.1518991369005686
244413,0.5908299662304962
244414,0.9718935919753114
244415,0.5282813913217375
244416,0.7920380327332391
244417,0.5946296035378441
244418,0.22124251775966838
244419,0.5587193949668441
244420,0.9720799378241168
244421,0.9462005899436873
244422,0.1628071865867349
244423,0.0756973198012917
244424,0.6712950127487831
244425,0.20181255425618466
244426,0.3100522222878725
244427,0.28400470864144783
244428,0.5864349312111117
244429,0.5937796846664637
244430,0.9479140627485558
244431,0.7366387753896219
244432,0.6151049218029188
244433,0.17914199099176897
244434,0.008099226891978494
244435,0.49056226451111484
244436,0.6619322701014902
244437,0.427318301434863
244438,0.607042055076561
244439,0.9596447611818872
244440,0.293690147758623
244441,0.7810708977779394
244442,0.8917694220097172
244443,0.3582976170456456
244444,0.15501702110253113
244445,0.5934842583207967
244446,0.03125610737156908
244447,0.19938551320101264
244448,0.6501152162748101
244449,0.5958113089205122
244450,0.5849396193999664
244451,0.628158221260698
244452,0.8326977879384241
244453,0.2247558187627545
244454,0.30578899286886246
244455,0.7551551897318893
244456,0.8178355702410225
244457,0.28138223169606535
244458,0.937369614718595
244459,0.31777421246153775
244460,0.45184323314592695
244461,0.5176051376914023
244462,0.5088696079010641
244463,0.373078024370401
244464,0.3206512105662641
244465,0.4090791333554524
244466,0.5351898227896429
244467,0.4191327191495357
244468,0.8884424668554366
244469,0.6838392698878744
244470,0.5051835961112804
244471,0.4031706064421123
244472,0.1312147476831757
244473,0.3099476868117134
244474,0.5912162929902146
244475,0.212361547306848
244476,0.9857740852009581
244477,0.236168365746906
244478,0.3572931674703778
244479,0.5496293535617055
244480,0.8034551247380932
244481,0.5284359220256248
244482,0.7265579194713232
244483,0.3236736493334727
244484,0.6584053340362965
244485,0.5971929952140932
244486,0.7459742479126993
244487,0.2530985678639766
244488,0.30078038005463115
244489,0.9521091168570273
244490,0.23979074724685373
244491,0.22374227914608152
244492,0.21202521577485786
244493,0.2593752414542248
244494,0.8514732684607379
244495,0.4321132982760736
244496,0.6662773098931466
244497,0.8633312274737411
244498,0.4293590157303166
244499,0.2672426722903723
244500,0.5977065825534836
244501,0.46623276869026137
244502,0.6275719135900665
244503,0.8743256325532563
244504,0.03729643988528368
244505,0.3500574945118875
244506,0.4393035210275383
244507,0.5356125097149818
244508,0.34477618045550196
244509,0.6662045895619055
244510,0.4444075792765236
244511,0.20009908145131602
244512,0.9355606964789724
244513,0.323596383981529
244514,0.53040846101054
244515,0.660995995836761
244516,0.6403479667849887
244517,0.5772721694747319
244518,0.2399725480749565
244519,0.4506978879288795
244520,0.34937574140650207
244521,0.15008112861954087
244522,0.2185791356279628
244523,0.06800714477254444
244524,0.17828752709968596
244525,0.15153099022366048
244526,0.3894900941273787
244527,0.9329973048027234
244528,0.9546406933883583
244529,0.5004931347462288
244530,0.7571368187582094
244531,0.08111952949945686
244532,0.20696206271219567
244533,0.4280773198921921
244534,0.35461615027656446
244535,0.08577363069888783
244536,0.4490707705173597
244537,0.44293953758959365
244538,0.14752228196399433
244539,0.2864135696138096
244540,0.28709986773989754
244541,0.41716927020602573
244542,0.38497688856972745
244543,0.2229605355852396
244544,0.4678780661845915
244545,0.21021175251453272
244546,0.5478249803427855
244547,0.8696806213952305
244548,0.4397671131392003
244549,0.06092600251794147
244550,0.16630685252771327
244551,0.17735579785565925
244552,0.9620581671749515
244553,0.7366387753896219
244554,0.5673549343017258
244555,0.998618313706419
244556,0.5588512005672186
244557,0.8167038600860828
244558,0.5988155676049105
244559,0.4447030056221906
244560,0.8273255734679871
244561,0.30184845991973486
244562,0.7045327491466723
244563,0.3361633662241331
244564,0.5071425000340877
244565,0.2938855836488335
244566,0.15624417669222485
244567,0.9559678394335087
244568,0.1077760759200258
244569,0.8560319242254149
244570,0.5923025529381287
244571,0.5956249630717069
244572,0.5238818112816505
244573,0.3967257670858691
244574,0.12262011353461715
244575,0.08504188236577417
244576,0.07005694910940319
244577,0.3598929193122475
244578,0.7329936687861613
244579,0.9601083532935493
244580,0.820921639298067
244581,0.3610019043636744
244582,0.7950513814590426
244583,0.8077865294676417
244584,0.10635802946082419
244585,0.04929074951936406
244586,0.7589139218529141
244587,0.5673003940532949
244588,0.5864758363974348
244589,0.6116688861517764
244590,0.37133728144131695
244591,0.2627021966085055
244592,0.9539044000345422
244593,0.8996004926802442
244594,0.022988714713595523
244595,0.7721626572009036
244596,0.0019452688606996606
244597,0.5041246062875817
244598,0.8164720640302516
244599,0.7445652914949028
244600,0.7248580817285623
244601,0.6964653373996118
244602,0.12712877407156592
244603,0.24034069475186462
244604,0.3366996786670363
244605,0.846796442157794
244606,0.3070615986655819
244607,0.6421523400039088
244608,0.31654705687184403
244609,0.3775139645761086
244610,0.4863172151749151
244611,0.08776434976661318
244612,0.5685366396843937
244613,0.8133678148903968
244614,0.5847805436753765
244615,0.8760754655237455
244616,0.9824698551501903
244617,0.34635330263929354
244618,0.4607014784952345
244619,0.5745633371360007
244620,0.5200139986637639
244621,0.49587539371241834
244622,0.4556065102876543
244623,0.7458333522709196
244624,0.3598383790638166
244625,0.55237909108676
244626,0.4718049640716113
244627,0.5662868544366221
244628,0.19380422777825754
244629,0.23692738420423506
244630,0.8172129024047705
244631,0.17677858022643292
244632,0.6380436412887861
244633,0.5966112325641644
244634,0.5807945605192232
244635,0.5672185836806487
244636,0.7780620940728386
244637,0.8803432399634581
244638,0.32028760891005853
244639,0.35422982351684607
244640,0.8660400598124725
244641,0.9191849868876153
244642,0.5706273492075757
244643,0.5200049086223588
244644,0.43960349239390784
244645,0.2809140945637007
244646,0.49088950600169984
244647,0.8212216106644367
244648,0.22268328932238288
244649,0.05731725608010144
244650,0.8610632621431591
244651,0.33654514796314894
244652,0.9733207284759182
244653,0.511623890446821
244654,0.7672813049663442
244655,0.11238927193313365
244656,0.6054103926443386
244657,0.49212575163279865
244658,0.14014571336372436
244659,0.2393498802387045
244660,0.7759350243840362
244661,0.9206075783675195
244662,0.6269083405674913
244663,0.6071874957390432
244664,0.2417723762731739
244665,0.057930833874948295
244666,0.7769122038350885
244667,0.38535412528804064
244668,0.9680803196058558
244669,0.01671658614404989
244670,0.9940323878175265
244671,0.32323278232532343
244672,0.6600506315306266
244673,0.48284481935815216
244674,0.5724726276128188
244675,0.21069806972970764
244676,0.03525572558983006
244677,0.7778302980170075
244678,0.4651101485767267
244679,0.8382381681748561
244680,0.589175578694761
244681,0.8496143549933871
244682,0.884870080583217
244683,0.23933624517659677
244684,0.15546243313138292
244685,0.22657837206448475
244686,0.8511005767631272
244687,0.21756559601128983
244688,0.045445662004990436
244689,0.6661455042927721
244690,0.7346707814254094
244691,0.43692647520009453
244692,0.3361451861413229
244693,0.7224810359011186
244694,0.14914939937551416
244695,0.5116057103640107
244696,0.24227232855045655
244697,0.6881024993068844
244698,0.3283686557192268
244699,0.907495193640607
244700,0.19344517114275456
244701,0.4376264083882902
244702,0.5765676912658337
244703,0.07624726730630257
244704,0.3570295562696288
244705,0.4420850736975107
244706,0.805704909985865
244707,0.9012957854023025
244708,0.24221778830202573
244709,0.4993159743842633
244710,0.35653414901304875
244711,0.1802146158775753
244712,0.1412410633530436
244713,0.2535576149549361
244714,0.8549502092982034
244715,0.9219029092677518
244716,0.9059407965603283
244717,0.038241804191418094
244718,0.3108339658487144
244719,0.15139009458188082
244720,0.12276100917639679
244721,0.4147694992750692
244722,0.8024097699765023
244723,0.3151290104126424
244724,0.5074788315660778
244725,0.16909295021838824
244726,0.8890833147744988
244727,0.9713663695738135
244728,0.670663254871126
244729,0.03482394862308598
244730,0.33070934138104996
244731,0.45745633371360006
244732,0.37660496043559477
244733,0.6383890628621813
244734,0.08999140991087215
244735,0.014507706082601206
244736,0.34714413624154056
244737,0.3019120902095709
244738,0.8427286486289945
244739,0.6345076151821872
244740,0.7156816849300748
244741,0.5326355211547988
244742,0.6113825498475146
244743,0.009008231032492351
244744,0.5908617813754142
244745,0.46735084378309344
244746,0.8158584862354048
244747,0.09858604405943068
244748,0.29378559319337694
244749,0.4768862972170838
244750,0.7961240063448489
244751,0.10758973007122047
244752,0.1764149785702274
244753,0.08388744710732157
244754,0.28812249739797563
244755,0.9589902782007171
244756,0.8495189095586331
244757,0.16673862949445736
244758,0.7617772848955328
244759,0.46308306934338084
244760,0.5768403925079879
244761,0.861813190559083
244762,0.341631026129324
244763,0.6541011994309635
244764,0.8585953159016639
244765,0.19223165061516856
244766,0.3724008162857182
244767,0.5901936633321365
244768,0.8298253348544002
244769,0.6561691838506325
244770,0.3505210866235495
244771,0.5033610428095501
244772,0.09696801668931601
244773,0.6963789820062631
244774,0.2458628949054863
244775,0.08694624604015071
244776,0.032442357774939666
244777,0.10718067820798924
244778,0.8051095122738284
244779,0.13978665672822138
244780,0.5134737138727667
244781,0.18662764008890062
244782,0.15307629726253402
244783,0.6779352879952368
244784,0.3757550415642143
244785,0.8054231187023057
244786,0.10024043159516591
244787,0.8027142863635744
244788,0.6679589675530971
244789,0.8617313801864368
244790,0.6274764681553124
244791,0.6809304566382299
244792,0.891319464960163
244793,0.6861117802391591
244794,0.5910935774312452
244795,0.1256198271983129
244796,0.14851764149785704
244797,0.7644452120479408
244798,0.8374109744069885
244799,0.17948741256516426
244800,0.5423164152512715
244801,0.10554447075506429
244802,0.07823344135332536
244803,0.826125688002509
244804,0.42560028360929186
244805,0.6447475468250758
244806,0.3224919439508047
244807,0.8171038219079088
244808,0.326214315906209
244809,0.5040109807700175
244810,0.07605183141609209
244811,0.9871466814531341
244812,0.9393466987242127
244813,0.8246212861499584
244814,0.49337563232600523
244815,0.25240317969648346
244816,0.755505156325987
244817,0.4974025206684816
244818,0.6059194349630264
244819,0.8207807436562874
244820,0.3281141345598829
244821,0.6163729825789357
244822,0.4831220656210089
244823,0.337104185509565
244824,0.2221606119415874
244825,0.7038373609791793
244826,0.16349348471282288
244827,0.16671135937024192
244828,0.4533885401848005
244829,0.9436326532467356
244830,0.5889483276596326
244831,0.026642911358461238
244832,0.7683857449970685
244833,0.8181946268765254
244834,0.01722108344203508
244835,0.5186595824943983
244836,0.8367519464051159
244837,0.6186500379509229
244838,0.33262734011753425
244839,0.002636112007490194
244840,0.8179946459656124
244841,0.5020838919921281
244842,0.5874257457242718
244843,0.016598415605783085
244844,0.2408406470291472
244845,0.2162702651110576
244846,0.77684402852455
244847,0.12687425291222204
244848,0.2969671076851755
244849,0.8455601965266952
244850,0.5944478027097414
244851,0.37116911567532185
244852,0.5770131032946855
244853,0.7921380231886956
244854,0.6648319933097295
244855,0.6056194635966566
244856,0.7723808181946269
244857,0.7621363415310357
244858,0.09341835552060938
244859,0.68223942260057
244860,0.8191354461619573
244861,0.48382199880920457
244862,0.9507683357497694
244863,0.9039409874511979
244864,0.6581599029183579
244865,0.22154703414674054
244866,0.9531272014944029
244867,0.9235391167206767
244868,0.7571822689652351
244869,0.7248399016457521
244870,0.04285500020452593
244871,0.3525299857740852
244872,0.9677667131773785
244873,0.4824903077433517
244874,0.5725317128819523
244875,0.34262184064248413
244876,0.17072461265061062
244877,0.2366092327550552
244878,0.8063503029256298
244879,0.48826702905631736
244880,0.8504960890096854
244881,0.6729039500774926
244882,0.44149422100617663
244883,0.022320596670317834
244884,0.6518559592038942
244885,0.038437240081628576
244886,0.4728548638539048
244887,0.2834138559501138
244888,0.30653437626408386
244889,0.3847041873275733
244890,0.9543452670426914
244891,0.6439385331400185
244892,0.04761818190081856
244893,0.6783897900654938
244894,0.40842465037428244
244895,0.24744910713068297
244896,0.05393121565668731
244897,0.2632385090514087
244898,0.24822630567082235
244899,0.029906236222906
244900,0.404461392321642
244901,0.44551201930724793
244902,0.22907358843019532
244903,0.9828334568063958
244904,0.19239527136046106
244905,0.22390135487067145
244906,0.5899936824212234
244907,0.9725753450806969
244908,0.36367892155748766
244909,0.5498429695347262
244910,0.6146322396498517
244911,0.16709314110925777
244912,0.4652646792806141
244913,0.0889460551492812
244914,0.9752841774194282
244915,0.14405443116793398
244916,0.6360574672417634
244917,0.6942928175037838
244918,0.5667549915689867
244919,0.9294885488203399
244920,0.7738079546952337
244921,0.5691638525413484
244922,0.8363565296039924
244923,0.7237400066357302
244924,0.14060476045468387
244925,0.0463546661455043
244926,0.4922439221710655
244927,0.0947182314415442
244928,0.5977156725948888
244929,0.244958435785675
244930,0.28704078247076414
244931,0.8427695538153177
244932,0.0345694274637421
244933,0.747369569268388
244934,0.6359256616413888
244935,0.8483281141345599
244936,0.30722976443157696
244937,0.07730171210929865
244938,0.8128724076338169
244939,0.4373627971875412
244940,0.8218897287077144
244941,0.6290808604633195
244942,0.5804400489044228
244943,0.13293731052944946
244944,0.2153930761154617
244945,0.7881474950118398
244946,0.9362469946050604
244947,0.33536344258048095
244948,0.9065952795414983
244949,0.47545461569577446
244950,0.3328636811940678
244951,0.5520836647410929
244952,0.1569350198390154
244953,0.8990732702787462
244954,0.8509687711627526
244955,0.9738524958981188
244956,0.38573136200635394
244957,0.07368842065075605
244958,0.5206003063343954
244959,0.8992141659205257
244960,0.1846460110625804
244961,0.8683807454742957
244962,0.17433335908845066
244963,0.607769258388972
244964,0.6701996627594639
244965,0.1002858818021916
244966,0.7621136164275228
244967,0.7885520018543685
244968,0.5920389417373797
244969,0.8561364597015739
244970,0.8095409074588336
244971,0.2538575863213057
244972,0.5633462260420596
244973,0.303493757414065
244974,0.26666999968184857
244975,0.5619054544793451
244976,0.16770217388340206
244977,0.38436331077488056
244978,0.9385149599356425
244979,0.33299548679444235
244980,0.8414833129564906
244981,0.902145704273683
244982,0.5253044027615545
244983,0.33423173242554116
244984,0.05003158789388286
244985,0.32720513041936905
244986,0.4260775107830616
244987,0.6984287863431219
244988,0.2356456883661105
244989,0.4848673535707955
244990,0.14362719922189246
244991,0.6704996341258335
244992,0.008294662782188973
244993,0.2683243872175838
244994,0.12867862613114203
244995,0.5449252571345462
244996,0.941369232936856
244997,0.6644411215293086
244998,0.5356897750669255
244999,0.2508578726576099
245000,0.22590570900050452
245001,0.7789029229028139
245002,0.6493607428381837
245003,0.4821267060871462
245004,0.693679239708937
245005,0.9680666845437482
245006,0.8974597879293341
245007,0.348943964439758
245008,0.3437808209216393
245009,0.12446084691915771
245010,0.13005576740402053
245011,0.9327382386226769
245012,0.41820553492621154
245013,0.04329132219197259
245014,0.3019120902095709
245015,0.573599792747056
245016,0.4889169670167848
245017,0.7294121924725367
245018,0.7594775044200327
245019,0.14248639902554758
245020,0.10199935460706022
245021,0.3612609705437208
245022,0.2687516191636253
245023,0.5404802268874335
245024,0.5027383749732981
245025,0.7013466896341712
245026,0.9294612786961245
245027,0.22273328455011115
245028,0.3993346089691438
245029,0.09268206216679316
245030,0.7921789283750188
245031,0.2376636775580513
245032,0.15009930870235114
245033,0.6511696610778063
245034,0.9863740279336972
245035,0.3599656396434886
245036,0.8517368796614869
245037,0.27199676394525973
245038,0.08088318842292326
245039,0.8083092068484372
245040,0.5183641561487313
245041,0.24379945550651985
245042,0.013139654851127846
245043,0.2116025288495189
245044,0.47645906527104226
245045,0.8113998209261843
245046,0.5692592979761023
245047,0.10507178860199708
245048,0.879193349725708
245049,0.6242585934978934
245050,0.37743669922416495
245051,0.5316219815381259
245052,0.5097195267724445
245053,0.8406470291472178
245054,0.4576244994795951
245055,0.8618177355797856
245056,0.23255052926766082
245057,0.5926570645529291
245058,0.1579076542693652
245059,0.813735961567305
245060,0.7529963048981688
245061,0.07316574326996059
245062,0.338876743583567
245063,0.8644947527735989
245064,0.2133659968821158
245065,0.24432667790801788
245066,0.4618968189400103
245067,0.6154048931692885
245068,0.538839474413806
245069,0.15638052731330193
245070,0.8389153762595388
245071,0.21166615913935488
245072,0.4368037596411251
245073,0.49948868517096096
245074,0.27627817344708006
245075,0.8433694965480567
245076,0.5381577213084207
245077,0.38523595474977385
245078,0.1582621658841656
245079,0.7137273260279701
245080,0.5702682925720727
245081,0.7615409438189991
245082,0.1582030806150322
245083,0.4941301057626317
245084,0.8523640925184414
245085,0.6119870376009563
245086,0.8526004335949751
245087,0.9564723367314938
245088,0.3031528808613723
245089,0.5588602906086237
245090,0.7714536339713027
245091,0.42221878820658026
245092,0.3203239690756791
245093,0.11571622708741439
245094,0.122938264983797
245095,0.7098004281409501
245096,0.9542589116493426
245097,0.9451688702442039
245098,0.4325132600978997
245099,0.782161702746556
245100,0.18036460156076012
245101,0.7655769222028806
245102,0.5064562019079998
245103,0.46423750460183344
245104,0.640988814704051
245105,0.4812177019466323
245106,0.5563696192636157
245107,0.22695106376209545
245108,0.7792619795383168
245109,0.6406842983169788
245110,0.8563091704882716
245111,0.6066693633789503
245112,0.44987523918171446
245113,0.8593088841519673
245114,0.14497707037055554
245115,0.4478072547620454
245116,0.6614186827621
245117,0.4636875570968226
245118,0.08769162943537208
245119,0.9138673126656093
245120,0.5585739543043619
245121,0.2631476086373573
245122,0.7496057194540522
245123,0.7512419269069771
245124,0.39531681066807256
245125,0.2723876357256807
245126,0.5820671663159426
245127,0.10472182200789924
245128,0.012821503401947995
245129,0.36137005104058245
245130,0.7365933251825962
245131,0.9675440071629526
245132,0.2878043459487958
245133,0.5812263374859673
245134,0.161698201535308
245135,0.41158343976256806
245136,0.08513278277982556
245137,0.798687398021098
245138,0.0038269074315633506
245139,0.45354761590939047
245140,0.8680035087559824
245141,0.4535294358265802
245142,0.6709132310097673
245143,0.10954408897332527
245144,0.6457656314624514
245145,0.9769703801000813
245146,0.405084060157894
245147,0.589375559605674
245148,0.743792637975466
245149,0.0811149844787543
245150,0.17736943291776694
245151,0.955267906245313
245152,0.6860117897837025
245153,0.901323055526518
245154,0.9169352016398435
245155,0.20590761790919956
245156,0.7223765004249594
245157,0.1626890160484681
245158,0.8601224428577272
245159,0.9155944205325856
245160,0.5021884274682872
245161,0.3309684075610964
245162,0.3613336908749619
245163,0.9284931892864773
245164,0.6231632435085742
245165,0.8592725239863468
245166,0.4101017630135305
245167,0.2582980715477159
245168,0.13583703373768868
245169,0.8598088364292499
245170,0.23238690852236835
245171,0.24234504888169764
245172,0.9663077615318538
245173,0.020357147726807894
245174,0.0940682934810768
245175,0.3081433135927934
245176,0.3435353898037005
245177,0.9164216143004531
245178,0.7050599715481705
245179,0.7735443434944846
245180,0.4321769285659096
245181,0.7594184191508992
245182,0.9963003531481086
245183,0.6174365174233368
245184,0.5963430763427128
245185,0.8901104894532795
245186,0.6400434503979167
245187,0.11616618413696873
245188,0.17886019970820968
245189,0.7488830611623436
245190,0.033787683902900184
245191,0.49777975738679486
245192,0.2945355216093009
245193,0.9301203066979971
245194,0.21031174296998922
245195,0.9098586044059431
245196,0.06856618231896046
245197,0.8729984865081061
245198,0.8393335181641752
245199,0.3007122047440926
245200,0.37387794801405316
245201,0.15039473504801817
245202,0.13735507065234684
245203,0.30618440966998606
245204,0.6916748855791038
245205,0.5393939669395195
245206,0.20155803309684078
245207,0.8641720563037165
245208,0.2457174542430041
245209,0.19621308875061927
245210,0.0647710900323151
245211,0.2584753273551161
245212,0.7605728544093519
245213,0.8400607214765863
245214,0.48226760172892585
245215,0.30770699160534676
245216,0.9743842633203195
245217,0.41317419700846736
245218,0.10688979688302479
245219,0.18288708805068607
245220,0.1716018016462065
245221,0.2985351398275619
245222,0.23633653151290104
245223,0.00037269169761068257
245224,0.6397071188659265
245225,0.025752087300757658
245226,0.594715958931193
245227,0.8208580090082311
245228,0.6570781879911464
245229,0.6019607219310884
245230,0.5913480985905891
245231,0.2506533467259943
245232,0.1552579071997673
245233,0.017571050036132914
245234,0.5596829393557888
245235,0.8605042245967431
245236,0.9850650619713573
245237,0.9500365874166556
245238,0.8827157407701992
245239,0.5611782511669341
245240,0.6061875911844778
245241,0.6111189386467656
245242,0.9963321682930266
245243,0.9917326073420264
245244,0.45505201776194093
245245,0.1879593311547534
245246,0.8427831888774254
245247,0.15576694951845504
245248,0.31856959108448735
245249,0.9508410560810104
245250,0.5273723871812237
245251,0.6715768040323424
245252,0.7498693306548012
245253,0.9805473113930034
245254,0.6159275705500838
245255,0.13343271778602953
245256,0.7052417723762732
245257,0.990787243035892
245258,0.5790674526522469
245259,0.6424341312874681
245260,0.10044041250607896
245261,0.5479067907154317
245262,0.23124610832602344
245263,0.5406620277155363
245264,0.8174083382949809
245265,0.7985055971929953
245266,0.43264052067757164
245267,0.8343112702878361
245268,0.7336572418087365
245269,0.9786793078842474
245270,0.01950268383472487
245271,0.31373368905695365
245272,0.8072002217970103
245273,0.3091932133750869
245274,0.9867603546934156
245275,0.0237022829638989
245276,0.9251525990700888
245277,0.6331713790956318
245278,0.8947145954249821
245279,0.6670408733711782
245280,0.698669672440358
245281,0.31749242117797843
245282,0.24255411983401584
245283,0.540221160707387
245284,0.7776803123338227
245285,0.6745128874062022
245286,0.5291994855036565
245287,0.9854013935033474
245288,0.03026983787911154
245289,0.18290981315419894
245290,0.8820976179546498
245291,0.619209075497339
245292,0.5946614186827621
245293,0.4122424677644407
245294,0.32381908999595493
245295,0.17626499288704262
245296,0.2818685489112403
245297,0.7048963508028779
245298,0.9986364937892293
245299,0.12902859272523987
245300,0.3073933851768694
245301,0.3887674358356702
245302,0.10111762059076179
245303,0.8189354652510442
245304,0.45674731048399925
245305,0.05448570818240077
245306,0.6200453593066116
245307,0.8975915935297085
245308,0.5408438285436391
245309,0.5872303098340613
245310,0.3333409083678376
245311,0.9967048599906373
245312,0.25953886219951733
245313,0.6845210229932598
245314,0.7649451643252235
245315,0.778752937219629
245316,0.3800364510660346
245317,0.22771008221942451
245318,0.48011326191590803
245319,0.34235368442103253
245320,0.8226396571236383
245321,0.019866285490930412
245322,0.6468837065552834
245323,0.42600933547252307
245324,0.3414992205289495
245325,0.7808345567014058
245326,0.2987533008212852
245327,0.8440603396948473
245328,0.25566195954022564
245329,0.5168006690270475
245330,0.32697333436353804
245331,0.7763440762472674
245332,0.3332727330572991
245333,0.01804373218920012
245334,0.3856268265301948
245335,0.48494461892273916
245336,0.36797396612141564
245337,0.6647047327300576
245338,0.1732289190577263
245339,0.8119679485140056
245340,0.6615868485280951
245341,0.6314624513114657
245342,0.4305179960094718
245343,0.004240504315497156
245344,0.5571740879279705
245345,0.15848032687788893
245346,0.8931283831997855
245347,0.8443921262061349
245348,0.6497379795564969
245349,0.1758059457960831
245350,0.01804827720990269
245351,0.6070056949109404
245352,0.5353307184314224
245353,0.925793446989151
245354,0.64256139186714
245355,0.3804455029292658
245356,0.18877288986051333
245357,0.509492275737316
245358,0.5172460810558992
245359,0.14558155812399726
245360,0.7769212938764937
245361,0.13853223101431228
245362,0.8431740606578463
245363,0.4691188568363929
245364,0.5651142390953591
245365,0.6278082546666001
245366,0.45836079283341136
245367,0.9941869185214139
245368,0.8947191404456848
245369,0.7041736925111695
245370,0.5642915903481941
245371,0.7392158021279788
245372,0.5613964121606574
245373,0.6939155807854704
245374,0.9683393857859023
245375,0.7939969366560465
245376,0.07572458992550711
245377,0.8893423809545452
245378,0.6857072733966304
245379,0.2476854482072166
245380,0.31494720958453964
245381,0.956313261006904
245382,0.8658764390671799
245383,0.6541739197622046
245384,0.3551751878229805
245385,0.629253571250017
245386,0.08075138282254875
245387,0.8560819194531432
245388,0.2196290354102563
245389,0.5446298307888793
245390,0.5640234341267425
245391,0.7996691224928529
245392,0.09197758395789492
245393,0.7666131869230665
245394,0.31695610873507524
245395,0.45881074988296566
245396,0.3233736779671031
245397,0.528054140286609
245398,0.6678453420355329
245399,0.13848223578658403
245400,0.31632889587812074
245401,0.24072247649088044
245402,0.27855977383976976
245403,0.03689647806345758
245404,0.6930611168933875
245405,0.30937955922389226
245406,0.38310434004026883
245407,0.4094063748460374
245408,0.1187023056890024
245409,0.7647315483522028
245410,0.45424300407688356
245411,0.23397312074756502
245412,0.21362960808286482
245413,0.4390535448888969
245414,0.5990655437435518
245415,0.5545607010239932
245416,0.08143768094863672
245417,0.5448934419896283
245418,0.7720490316833394
245419,0.9994909576813122
245420,0.785602283418401
245421,0.593111566623186
245422,0.33557251353279915
245423,0.9722117434244912
245424,0.455588330204844
245425,0.23743188150222025
245426,0.9656123733643607
245427,0.11481176796760309
245428,0.1779966457747215
245429,0.6574599697301622
245430,0.6671045036610143
245431,0.8471827689175124
245432,0.7027920062175884
245433,0.7625317583321592
245434,0.683525663459397
245435,0.698501506674363
245436,0.7530690252294099
245437,0.2039805291313102
245438,0.9774703323773639
245439,0.5257361797282988
245440,0.2844092154839765
245441,0.1807827434653965
245442,0.4080246885524563
245443,0.37495511792056213
245444,0.6178637493693784
245445,0.24652192290735886
245446,0.2969807427472832
245447,0.6824848537185086
245448,0.740374782407134
245449,0.020034451256925476
245450,0.4933120020361692
245451,0.3530299380513678
245452,0.481358597588412
245453,0.9905827171042765
245454,0.0913003758732121
245455,0.19794474163829817
245456,0.7997191177205812
245457,0.08486462655837397
245458,0.1039718935919753
245459,0.6670499634125834
245460,0.3729234936665136
245461,0.47384113334636235
245462,0.10727157862204062
245463,0.028015507610637168
245464,0.5321310238568137
245465,0.6414478617950105
245466,0.7042145976974925
245467,0.04789542816367529
245468,0.6063966621367961
245469,0.4379400148167675
245470,0.17904654555701502
245471,0.00974452438630858
245472,0.7472377636680135
245473,0.053294912758327616
245474,0.7052054122106527
245475,0.7634816676589962
245476,0.2706968880243249
245477,0.24721276605414938
245478,0.18611405274951026
245479,0.46881434044932074
245480,0.11133937215084014
245481,0.9673440262520396
245482,0.12300644029433552
245483,0.043677648951690975
245484,0.8474100199526409
245485,0.9452552256375528
245486,0.8889333290913141
245487,0.3144336222451493
245488,0.8216897477968013
245489,0.19576767672176745
245490,0.4438303616472973
245491,0.3600338149540271
245492,0.23424582198971916
245493,0.10232659609764522
245494,0.036741947359570225
245495,0.7422336958744847
245496,0.5958931192931585
245497,0.5080696842574118
245498,0.538712213834134
245499,0.5280495952659064
245500,0.11551624617650133
245501,0.17810572627158316
245502,0.4255639234436712
245503,0.34950300198617407
245504,0.21945632462355869
245505,0.6942382772553529
245506,0.08280573218011007
245507,0.09758613950486543
245508,0.9380740929274933
245509,0.9165988701078533
245510,0.23609564541566488
245511,0.592161657296349
245512,0.8058912558346704
245513,0.7747760441048809
245514,0.03559205712182019
245515,0.32358729394012387
245516,0.30202117070643253
245517,0.44576199544588924
245518,0.8258348066775445
245519,0.681321328418651
245520,0.3563341681021357
245521,0.29556724130878415
245522,0.14569972866226405
245523,0.1203612382454402
245524,0.8037187359388422
245525,0.3295639961640025
245526,0.8604633194104199
245527,0.05633553160834648
245528,0.12381999900009544
245529,0.3395130464819267
245530,0.26188409288204306
245531,0.7412292462992168
245532,0.7040100717658769
245533,0.3384676917203358
245534,0.22211061671385915
245535,0.21342053713054665
245536,0.6753991664432032
245537,0.2563709827698265
245538,0.20137623226873796
245539,0.17523327318755938
245540,0.4740683843814908
245541,0.38140450229750794
245542,0.892246649183487
245543,0.8698169720163076
245544,0.22662836729221303
245545,0.5681684930074857
245546,0.9059226164775182
245547,0.7493057480876826
245548,0.7136182455311084
245549,0.5650687888883335
245550,0.8476872662154977
245551,0.1951404638648129
245552,0.30575263270324193
245553,0.8082955717863295
245554,0.4020888915149008
245555,0.2812049758886651
245556,0.706732539166716
245557,0.3730643893082933
245558,0.7774394262365865
245559,0.6928156857754487
245560,0.5414392262556756
245561,0.36966925884347396
245562,0.5697592502533849
245563,0.2496670772335368
245564,0.931397457515419
245565,0.7214674962844456
245566,0.10898050640620668
245567,0.7874430168029415
245568,0.8328795887665269
245569,0.44675280995904937
245570,0.7583094340994724
245571,0.7057508146949609
245572,0.8499143263597566
245573,0.9324382672563074
245574,0.5428572727148773
245575,0.7474377445789265
245576,0.13499620490771336
245577,0.4596424886715359
245578,0.333304548202217
245579,0.10257657223628654
245580,0.48410379009276383
245581,0.04718640493407447
245582,0.38902195699501413
245583,0.013925943432672335
245584,0.6278127996873026
245585,0.7494102835638417
245586,0.8006599370060131
245587,0.2956354166193227
245588,0.008067411747060507
245589,0.6144231686975334
245590,0.1833143199967276
245591,0.9075906390753611
245592,0.3912262920357602
245593,0.5352852682243967
245594,0.8880015998472873
245595,0.5143918080546857
245596,0.3544343494484617
245597,0.0326150685616373
245598,0.8391017221083442
245599,0.3849632535076197
245600,0.7073506619822654
245601,0.09869057953558978
245602,0.7373068934328996
245603,0.4794769590175483
245604,0.8951191022675109
245605,0.9174624240413415
245606,0.8454329359470233
245607,0.053558523959076634
245608,0.39058544411669793
245609,0.46608278300707656
245610,0.11733425445752904
245611,0.37437335527063326
245612,0.7221356143277233
245613,0.4714868126224315
245614,0.35124828993596063
245615,0.5230864326587008
245616,0.438271801328055
245617,0.23053708509642262
245618,0.1275105558105817
245619,0.8527186041332419
245620,0.8766435931115666
245621,0.8657582685289132
245622,0.3798546502379318
245623,0.01767558551229201
245624,0.7106458019916281
245625,0.6043014075929116
245626,0.23969075679139717
245627,0.4018298253348544
245628,0.6747810436276538
245629,0.732943673558433
245630,0.3185650460637848
245631,0.652469536998741
245632,0.7235127556006018
245633,0.2183109794065112
245634,0.7646815531244745
245635,0.07138409515455342
245636,0.8799205530381191
245637,0.9540680207798347
245638,0.05594465982792552
245639,0.6501833915853487
245640,0.5590148213125111
245641,0.17286531740152078
245642,0.239777112184746
245643,0.5747315029019957
245644,0.699069634262184
245645,0.15410801696201729
245646,0.18117816026652003
245647,0.8277119002277056
245648,0.41315601692565707
245649,0.7884292862953991
245650,0.13783684284681919
245651,0.531981038173629
245652,0.13757323164607016
245653,0.6932292826593826
245654,0.1695429072679426
245655,0.44324405397666583
245656,0.7725853441262426
245657,0.7646497379795566
245658,0.5161780011907955
245659,0.6758718485962704
245660,0.887783438853564
245661,0.6408933692692971
245662,0.4769590175483249
245663,0.18372337185995882
245664,0.707650633348635
245665,0.558542139159444
245666,0.09100494952754509
245667,0.9948141313783684
245668,0.02338867653542162
245669,0.8641538762209062
245670,0.025356670499634127
245671,0.606260311515719
245672,0.8815658505324492
245673,0.04698642402316143
245674,0.04500479499684121
245675,0.7626408388290209
245676,0.779439235345717
245677,0.6971970857327255
245678,0.45846532830957043
245679,0.31717881474950116
245680,0.6612368819339972
245681,0.4540566582280782
245682,0.27491466723630925
245683,0.863185786811259
245684,0.8621177069461552
245685,0.7894746410569901
245686,0.4789270115125374
245687,0.06924339040364327
245688,0.5474113834588518
245689,0.7893564705187233
245690,0.3821407956513242
245691,0.8304843628562728
245692,0.5650369737434154
245693,0.8683489303293777
245694,0.9936915112648338
245695,0.6021334327177861
245696,0.8854882033987665
245697,0.10304925438935374
245698,0.6823212329732162
245699,0.39897555233364085
245700,0.15582603478758847
245701,0.12362910813058753
245702,0.6404252321369324
245703,0.022561482767554007
245704,0.4195644961162798
245705,0.4032206016698406
245706,0.9255980110989406
245707,0.32202380681844006
245708,0.169370196481245
245709,0.054785679548770345
245710,0.20048086319033182
245711,0.3489257843569477
245712,0.0335331627435563
245713,0.8178492053031302
245714,0.17726489744160787
245715,0.6008562819003641
245716,0.0965407847432745
245717,0.238268165311493
245718,0.4618422786915794
245719,0.21979265615554877
245720,0.2574981479040637
245721,0.4093381995354989
245722,0.6140459319792202
245723,0.03712372909858604
245724,0.024256775489612355
245725,0.6197408429195396
245726,0.3150744701642116
245727,0.9505774448802615
245728,0.570486453565796
245729,0.9273569341108349
245730,0.39973911581167254
245731,0.9354016207543825
245732,0.6689134219006369
245733,0.22147431381549942
245734,0.708505097240718
245735,0.6009880875007385
245736,0.13250098854200282
245737,0.6813167833979483
245738,0.5689547815890301
245739,0.8455238363610746
245740,0.8173356179637399
245741,0.6141186523104613
245742,0.9946596006744811
245743,0.25524381763558934
245744,0.18547320483044802
245745,0.6634503070161485
245746,0.4284591016312079
245747,0.7290167756714132
245748,0.16928838610859873
245749,0.26239768022143334
245750,0.44743456306443474
245751,0.7721672022216062
245752,0.4612059757932197
245753,0.16389799155535154
245754,0.7773212556983198
245755,0.973016212088846
245756,0.4063339408511006
245757,0.9841106076238177
245758,0.3703964621558851
245759,0.6516741583757915
245760,0.5823762277237173
245761,0.4048931692883861
245762,0.930247567277669
245763,0.24483572022670563
245764,0.3636607414746774
245765,0.652437721853823
245766,0.10186754900668571
245767,0.657609955413347
245768,0.05715818035551152
245769,0.5735452524986251
245770,0.3074888306116234
245771,0.4325859804291408
245772,0.20677571686339033
245773,0.32509624081337685
245774,0.780357329527636
245775,0.6729448552638158
245776,0.6413933215465797
245777,0.6183727916880661
245778,0.3157471332281918
245779,0.8180219160898278
245780,0.2162111798419242
245781,0.9036046559192078
245782,0.17696947109594086
245783,0.7030056221906091
245784,0.9957413156016925
245785,0.9595674958299435
245786,0.8561410047222766
245787,0.2835683866540012
245788,0.18211897955195186
245789,0.5429572631703338
245790,0.12297917017012011
245791,0.5095377259443418
245792,0.5681594029660806
245793,0.9161216429340836
245794,0.5842760463773913
245795,0.4315133555433345
245796,0.8528367746715086
245797,0.9516500697660678
245798,0.1784102426586553
245799,0.167797619318156
245800,0.3936987832979579
245801,0.6716131641979629
245802,0.28188218397334797
245803,0.4333586339485776
245804,0.2707650633348635
245805,0.9584176055921935
245806,0.1097622499670486
245807,0.6562555392439813
245808,0.2675926388844701
245809,0.8595179551042855
245810,0.9315974384263321
245811,0.5275814581335417
245812,0.9041046081964903
245813,0.8248167220401689
245814,0.7727171497266171
245815,0.04325041700564946
245816,0.2827230128033233
245817,0.16387072143113612
245818,0.37849114402716105
245819,0.40277518964098874
245820,0.5686320851191478
245821,0.40061630480726834
245822,0.41038355429708984
245823,0.5515200821739743
245824,0.2438358156721404
245825,0.4691143118156903
245826,0.6075692774780589
245827,0.034205825807536554
245828,0.8612905131782875
245829,0.8804341403775094
245830,0.3097386158593952
245831,0.3927034237640952
245832,0.6182318960462865
245833,0.5064334768044869
245834,0.5713181923543662
245835,0.21873821135255272
245836,0.6411615254907486
245837,0.4544429849877966
245838,0.5986928520459411
245839,0.2510396734857127
245840,0.5461615027656451
245841,0.14271365006067604
245842,0.5446161957267716
245843,0.25239408965507837
245844,0.20456229178123905
245845,0.036923748187672994
245846,0.6861072352184564
245847,0.38231805145872433
245848,0.4849855241090623
245849,0.08465101058535321
245850,0.6273719326791534
245851,0.3324546293308366
245852,0.12103844633012303
245853,0.22157884929165853
245854,0.9918689579631035
245855,0.36292899314156374
245856,0.8915012657882657
245857,0.46297853386722176
245858,0.18595043200421776
245859,0.47479558769390195
245860,0.7869566995877666
245861,0.6820030815240363
245862,0.023220510769426557
245863,0.05069061589575541
245864,0.7304393671513174
245865,0.8033460442412316
245866,0.9461733198194718
245867,0.9106676180910004
245868,0.2612068847973602
245869,0.06091691247653633
245870,0.6482426677453516
245871,0.6234995750405643
245872,0.5616191181750834
245873,0.6601188068411652
245874,0.8850064312042941
245875,0.9579085632735057
245876,0.0959181169070225
245877,0.23341862822185155
245878,0.9397512055667413
245879,0.226691997582049
245880,0.18619586312215652
245881,0.370555537880475
245882,0.4536930565718727
245883,0.9378922920993905
245884,0.24056794578699306
245885,0.3877902563846178
245886,0.32359183896082644
245887,0.5746724176328624
245888,0.6174092472991215
245889,0.17135637052826777
245890,0.39957549506638
245891,0.8351066489107858
245892,0.25556651410547176
245893,0.07107048872607614
245894,0.7776757673131202
245895,0.9299385058698942
245896,0.877652587707537
245897,0.4402943355406984
245898,0.237613682330323
245899,0.8108816885660914
245900,0.9024502206607551
245901,0.5024520386690361
245902,0.6327850523359134
245903,0.015339444871171387
245904,0.43014984933256367
245905,0.8148813067843524
245906,0.9764022525122602
245907,0.42355502429313563
245908,0.10257202721558396
245909,0.3391585348671263
245910,0.30907958785752265
245911,0.5055790129124038
245912,0.487162589025593
245913,0.4462574027024693
245914,0.4000163620745292
245915,0.06683907445198413
245916,0.7916153458079003
245917,0.6467473559342063
245918,0.5411210748064957
245919,0.9262206789351926
245920,0.3413401448043596
245921,0.07977874839219891
245922,0.99343699010549
245923,0.7893610155394258
245924,0.5448570818240077
245925,0.3335908845064789
245926,0.2800096354438894
245927,0.8641402411587985
245928,0.1444816631139755
245929,0.26838801750741975
245930,0.4458256257357252
245931,0.5382986169502002
245932,0.027488285209139127
245933,0.724017252898587
245934,0.12415633053208557
245935,0.33867676267265395
245936,0.2431495175460524
245937,0.6546829620808924
245938,0.182159884738275
245939,0.056862754009844516
245940,0.6088282482126706
245941,0.8680853191286286
245942,0.7177996645774721
245943,0.49087132591888955
245944,0.7732989123765459
245945,0.2586434931211112
245946,0.6699269615173097
245947,0.16353438989914598
245948,0.029201758014007755
245949,0.38148631267015415
245950,0.19152262738556775
245951,0.40282518486871705
245952,0.8691306738902196
245953,0.5650960590125489
245954,0.9935687957058644
245955,0.8636357438608133
245956,0.7726989696438068
245957,0.08006053967575821
245958,0.26194317815117646
245959,0.6815803945986975
245960,0.04900895823580476
245961,0.4943437217356525
245962,0.3492303007440199
245963,0.340122079256071
245964,0.5514564518841384
245965,0.0069902418405515835
245966,0.2509396830302562
245967,0.7221128892242105
245968,0.6661455042927721
245969,0.7205312220197164
245970,0.01916635230273474
245971,0.9615582148976689
245972,0.622985987701174
245973,0.29760795560423775
245974,0.21568395744042615
245975,0.7075779130173938
245976,0.4481208611905227
245977,0.8682125797083006
245978,0.5356215997563869
245979,0.5590148213125111
245980,0.6832393271551352
245981,0.9014548611268924
245982,0.958422150612896
245983,0.41394230550720157
245984,0.5634098563318957
245985,0.6619640852464083
245986,0.9938005917616956
245987,0.09551361006449384
245988,0.6514923575476886
245989,0.31396548511278466
245990,0.6943837179178352
245991,0.3216283900173165
245992,0.06532103753732597
245993,0.6169047500011362
245994,0.7991055399257344
245995,0.09006867526281581
245996,0.023815908481463133
245997,0.5206866617277442
245998,0.395575876848119
245999,0.2883951986401298
246000,0.1344280773198922
246001,0.19209984501479405
246002,0.10989405556742311
246003,0.298017007467469
246004,0.747951331918317
246005,0.8333886310852147
246006,0.24396307625181235
246007,0.7777984828720895
246008,0.875743679012458
246009,0.09673167561278241
246010,0.8299616854754773
246011,0.5024974888760618
246012,0.16299353243554027
246013,0.9813972302643839
246014,0.9458097181632662
246015,0.6895114557246809
246016,0.06065784629648988
246017,0.9072043123156427
246018,0.1393866949063953
246019,0.5663732098299707
246020,0.9749842060530586
246021,0.7498420605305858
246022,0.7751850959681121
246023,0.32997759304793634
246024,0.7088459737934106
246025,0.8496734402625205
246026,0.7462742192790689
246027,0.3181878093454716
246028,0.7213720508496917
246029,0.7436699224164967
246030,0.20625758450329743
246031,0.19302702923811818
246032,0.7968103044709369
246033,0.32742329141309234
246034,0.45141600119988545
246035,0.06137141454679326
246036,0.34153558069457
246037,0.4319133173651606
246038,0.5602783370678254
246039,0.9261706837074644
246040,0.4116016198453784
246041,0.16728857699946825
246042,0.43964439758023094
246043,0.1844687552551802
246044,0.4469209757250444
246045,0.22570118306888887
246046,0.05873530253930307
246047,0.5270905958976644
246048,0.8778252984942347
246049,0.3244008526458838
246050,0.2557210448093591
246051,0.9722299235073016
246052,0.37790483635652955
246053,0.673776594052386
246054,0.49300748564909713
246055,0.9450870598715577
246056,0.3695783584294226
246057,0.10573990664527477
246058,0.6006835711136665
246059,0.1707155226092055
246060,0.8226260220615306
246061,0.02009808154676145
246062,0.9966594097836116
246063,0.7103594656873663
246064,0.5920434867580823
246065,0.7351298285163689
246066,0.8703351043764005
246067,0.2819958094909122
246068,0.3733961758195808
246069,0.7110230387099413
246070,0.9089450552447267
246071,0.563373496166275
246072,0.13750051131482904
246073,0.3628471827689175
246074,0.3522300144077156
246075,0.6241131528354111
246076,0.8743801728016872
246077,0.8575590511814781
246078,0.5564877898018826
246079,0.6749310293108386
246080,0.5421800646301944
246081,0.4107653360361056
246082,0.022325141691020404
246083,0.9295339990273657
246084,0.08244213052390453
246085,0.819899009639989
246086,0.25953886219951733
246087,0.20714386354029843
246088,0.5082287599820017
246089,0.09028229123583657
246090,0.8200671754059841
246091,0.2575390530903868
246092,0.6398980097354344
246093,0.10905777175815035
246094,0.3936442430495271
246095,0.6907567913971849
246096,0.34360811013494164
246097,0.7615727589639171
246098,0.842396862117707
246099,0.36758763936169725
246100,0.6592825230318925
246101,0.3162061803191513
246102,0.6461565032428723
246103,0.16661591393548797
246104,0.9843060435140283
246105,0.31636525604374127
246106,0.17235173006213042
246107,0.5294085564559747
246108,0.38106817076551786
246109,0.9823198694670056
246110,0.319692211198022
246111,0.7448834429440826
246112,0.4896896205362215
246113,0.009212756964107971
246114,0.4680462319505865
246115,0.938837656405525
246116,0.705032701423955
246117,0.9267978965644189
246118,0.3120929365833261
246119,0.9934324450847873
246120,0.6873934760772836
246121,0.21784284227414658
246122,0.3560023815908481
246123,0.9799382786188591
246124,0.657060007908336
246125,0.8990414551338282
246126,0.18443239508955964
246127,0.4506069875148281
246128,0.5154826130233024
246129,0.08280573218011007
246130,0.10230387099413236
246131,0.2504306407115684
246132,0.9222528758618496
246133,0.3175151462814913
246134,0.5496248085410029
246135,0.0011135300721294788
246136,0.08868244394853217
246137,0.5510746701451226
246138,0.9652805868530732
246139,0.8817203812363366
246140,0.5323764549747525
246141,0.38626312942855456
246142,0.4507887883429309
246143,0.26243858540775655
246144,0.8732121024811268
246145,0.039396239449870696
246146,0.8981551760968272
246147,0.07711082123979075
246148,0.5225955704228232
246149,0.6772217197449335
246150,0.7879838742665473
246151,0.3567750351102849
246152,0.4333177287622545
246153,0.851545988791979
246154,0.9983592475263725
246155,0.5914708141495585
246156,0.397971102758373
246157,0.13157834933938123
246158,0.24229959867467196
246159,0.5403620563491667
246160,0.08378291163116247
246161,0.24956254175737771
246162,0.4720231250653346
246163,0.12838319978547502
246164,0.8257666313670059
246165,0.4512841955995109
246166,0.24073611155298813
246167,0.3444262138614041
246168,0.5775539607582912
246169,0.7458106271674068
246170,0.5212229741706473
246171,0.4254048477190813
246172,0.3978438421787011
246173,0.15238090909504093
246174,0.4353584430577081
246175,0.5027020148076774
246176,0.5847078233441353
246177,0.3579612855136555
246178,0.07417473786593097
246179,0.21814281364051613
246180,0.29038137268715253
246181,0.36435158462146794
246182,0.3925716181637207
246183,0.9850423368678445
246184,0.059330700251339644
246185,0.7140000272701242
246186,0.6045513837315529
246187,0.46007426563827997
246188,0.5309311383913354
246189,0.27578731121120253
246190,0.14247276396343986
246191,0.4708868698896923
246192,0.20544857081824008
246193,0.6197499329609446
246194,0.6692315733498166
246195,0.3536935110739429
246196,0.2877816208452829
246197,0.7628999050090673
246198,0.9324700824012254
246199,0.6387299394148741
246200,0.8326886978970189
246201,0.9321155707864249
246202,0.1904454574790588
246203,0.28567273123929077
246204,0.04590470909594993
246205,0.13480076901750287
246206,0.3738052276828121
246207,0.08464192054394806
246208,0.062325868894332816
246209,0.46675999109175936
246210,0.03845996518514142
246211,0.686829893510165
246212,0.21901545761540944
246213,0.8825157598592862
246214,0.46352393635153005
246215,0.7750623804091429
246216,0.5046654637511875
246217,0.256830029860786
246218,0.4764863353952577
246219,0.726507924243595
246220,0.920443957622227
246221,0.11214838583589748
246222,0.573895219092723
246223,0.5512746510560357
246224,0.8602497034373991
246225,0.6249448916239814
246226,0.3557433154108017
246227,0.5324628103681013
246228,0.04125515291722154
246229,0.4373718872289463
246230,0.8727076051831416
246231,0.4265183777912108
246232,0.4383808818249167
246233,0.8013507801528037
246234,0.4256593688784252
246235,0.19130446639184442
246236,0.4683280232341458
246237,0.636430158939374
246238,0.05191322646474655
246239,0.7460651483267506
246240,0.3950577444880261
246241,0.6147731352916312
246242,0.6852391362642658
246243,0.9854559337517782
246244,0.9815926661545943
246245,0.7494557337708673
246246,0.7679994182373501
246247,0.5892255739224892
246248,0.2992168929329473
246249,0.9740752019125447
246250,0.9161898182446222
246251,0.34641693292912945
246252,0.6337895019111813
246253,0.4231732425541198
246254,0.38439058089909595
246255,0.6497016193908763
246256,0.6751310102217516
246257,0.9241208793706056
246258,0.9049181669022502
246259,0.17910108580544584
246260,0.592193472441267
246261,0.5274496525331673
246262,0.39067179951004677
246263,0.034846673726598824
246264,0.7300439503501939
246265,0.8899195985837716
246266,0.9989955504247322
246267,0.20451684157421338
246268,0.6589780066448203
246269,0.6336213361451862
246270,0.39378059367060414
246271,0.8032369637443698
246272,0.617118365974157
246273,0.4681962176337713
246274,0.6770671890410461
246275,0.1147799528226851
246276,0.13370996404888624
246277,0.9846014698596952
246278,0.3011939769385649
246279,0.32584162420859825
246280,0.47368205762177246
246281,0.028606360301971175
246282,0.6286808986414933
246283,0.1895182732557347
246284,0.751505538107726
246285,0.7980556401434409
246286,0.4513114657237263
246287,0.003049708891424
246288,0.40498861472314
246289,0.2265101967539462
246290,0.10722612841501493
246291,0.5370850964226143
246292,0.48382654382990714
246293,0.4582653473986574
246294,0.7961830916139824
246295,0.2632066939064907
246296,0.9149717526963336
246297,0.08240577035828398
246298,0.822103344680735
246299,0.47703628290026856
246300,0.4826675635507519
246301,0.3104976343167243
246302,0.8117816026652002
246303,0.7964239777112185
246304,0.1311556624140423
246305,0.6492289372378092
246306,0.5169324746274219
246307,0.33386813076933564
246308,0.2636112007490194
246309,0.706341667386295
246310,0.6224860354238914
246311,0.5035564786997605
246312,0.5521700201344418
246313,0.9539362151794601
246314,0.7181950813785957
246315,0.11229837151908226
246316,0.8397698401516219
246317,0.7840069811517991
246318,0.07537916835211184
246319,0.2908631448816249
246320,0.5924934438076366
246321,0.33361360960999176
246322,0.06897068916148913
246323,0.6890069584266957
246324,0.858308979597402
246325,0.05159962003626927
246326,0.8343112702878361
246327,0.9745615191277197
246328,0.1919907645179324
246329,0.8957281350416552
246330,0.044772998941010174
246331,0.41855095649960683
246332,0.7982283509301384
246333,0.730907504283682
246334,0.7476922657382705
246335,0.242531394730503
246336,0.224296771671795
246337,0.09025956613232372
246338,0.7174860581489949
246339,0.3615700319514955
246340,0.8222760554674328
246341,0.47674540157530415
246342,0.977006740265702
246343,0.8375382349866605
246344,0.16628412742420043
246345,0.19037728216852026
246346,0.14386354029842607
246347,0.2675971839051727
246348,0.37807300212252465
246349,0.468114407261125
246350,0.6316487971602711
246351,0.644765726907886
246352,0.8756573236191091
246353,0.10578990187300302
246354,0.3301412137932288
246355,0.7657541780102809
246356,0.2622840547038691
246357,0.13848678080728657
246358,0.6280218706396208
246359,0.3096931656523695
246360,0.32493716508878695
246361,0.3888583362497216
246362,0.47720899368696623
246363,0.05151326464292045
246364,0.1545034337631408
246365,0.5430436185636826
246366,0.7446880070538722
246367,0.9921098440603398
246368,0.8204535021657025
246369,0.8535957931288377
246370,0.20386235859304339
246371,0.23532753691693067
246372,0.6910885779084724
246373,0.9322928265938252
246374,0.5328854972934403
246375,0.08101499402329776
246376,0.23799546406933886
246377,0.6978061185068698
246378,0.706805259497957
246379,0.3457442698651492
246380,0.6381754468891606
246381,0.04090973134382627
246382,0.34173101658478056
246383,0.005181323600929002
246384,0.37710945773357996
246385,0.7493602883361133
246386,0.3315047200039996
246387,0.7660632394180555
246388,0.07872884860990541
246389,0.9310065857349981
246390,0.5967793983301595
246391,0.510969407465651
246392,0.1581030901595757
246393,0.131791965312402
246394,0.2569527454197553
246395,0.6659318883197513
246396,0.7114002754282547
246397,0.4437394612332459
246398,0.9000413596883934
246399,0.7005013157834935
246400,0.2556437794574154
246401,0.09705437208266483
246402,0.6940837465514655
246403,0.5668231668795252
246404,0.37609137309620444
246405,0.01873003031528809
246406,0.16378436603778732
246407,0.22965989610082674
246408,0.8955508792342549
246409,0.3358406697542507
246410,0.1471177751214657
246411,0.9724617195631325
246412,0.058748937601410776
246413,0.7604864990160031
246414,0.6095509065043792
246415,0.43003622381499945
246416,0.600224524022707
246417,0.7685630008044687
246418,0.71404547747715
246419,0.9840787924788998
246420,0.07559732934583517
246421,0.33943578112998307
246422,0.7886429022684198
246423,0.6714949936596961
246424,0.1137436881024993
246425,0.10274019298157902
246426,0.22640111625708453
246427,0.5888392471627708
246428,0.12973761595484068
246429,0.9083587475740953
246430,0.8290435912935583
246431,0.474636511969312
246432,0.173569795610419
246433,0.1665386485835443
246434,0.26204316860663296
246435,0.4668827066507288
246436,0.7471241381504493
246437,0.5873484803723282
246438,0.474404715913481
246439,0.7055417437426428
246440,0.32953672603978706
246441,0.9796792124388126
246442,0.8886242676835393
246443,0.5268224396762127
246444,0.3985983156153276
246445,0.303293776503152
246446,0.15011294376445886
246447,0.346812349730253
246448,0.4474481981265424
246449,0.7892064848355385
246450,0.9628399107357934
246451,0.24820358056730948
246452,0.22653746687816165
246453,0.45542470945955155
246454,0.028115498066093692
246455,0.7099231436999196
246456,0.19382240786106783
246457,0.5891892137568687
246458,0.09335018021007085
246459,0.2530122124706278
246460,0.5792083482940265
246461,0.8769117493330182
246462,0.6907158862108618
246463,0.2680289608719168
246464,0.7267215402166157
246465,0.5819626308397835
246466,0.44407124774453344
246467,0.13413719599492777
246468,0.5585057789938234
246469,0.6495289086041788
246470,0.7809300021361597
246471,0.5213275096468064
246472,0.9605174051567805
246473,0.5822762372682608
246474,0.42950900141350146
246475,0.9451143299957732
246476,0.35086196317624224
246477,0.8278937010558084
246478,0.2136023379586494
246479,0.7087777984828721
246480,0.36544693461078714
246481,0.6350666527286032
246482,0.5690320469409739
246483,0.28088682443948526
246484,0.447811799782748
246485,0.7738124997159362
246486,0.7789256480063268
246487,0.7033146835983838
246488,0.39334881670386007
246489,0.6466291853959395
246490,0.2725512564709732
246491,0.6114143649924326
246492,0.5240772471718609
246493,0.1521536580599125
246494,0.47301393957849475
246495,0.7730307561550943
246496,0.07658814385899528
246497,0.6326350666527287
246498,0.1616709314110926
246499,0.21927906881615847
246500,0.8641811463451216
246501,0.6229087223492303
246502,0.4036751037400975
246503,0.13913217374705142
246504,0.4087746169683803
246505,0.30557083187513917
246506,0.025693002031624255
246507,0.4591516264356584
246508,0.951627344662555
246509,0.21154344358038552
246510,0.1912908313297367
246511,0.7011694338267711
246512,0.7252080483226601
246513,0.8200580853645789
246514,0.9661532308279664
246515,0.07246581008176492
246516,0.18736847846341942
246517,0.7744260775107831
246518,0.7781802646111053
246519,0.018470964135241637
246520,0.8083955622417861
246521,0.46906431658796205
246522,0.328777707582458
246523,0.38211352552710875
246524,0.12053849405284041
246525,0.5649051681430409
246526,0.6940837465514655
246527,0.6622776916748856
246528,0.3684421032537803
246529,0.4940573854313906
246530,0.26009789974593334
246531,0.29373105294494617
246532,0.20231705155416985
246533,0.819308156948655
246534,0.3748551274651056
246535,0.6920839374423351
246536,0.13551888228850884
246537,0.8941237427336481
246538,0.0947954967934879
246539,0.477981647206403
246540,0.8731030219842651
246541,0.9300248612632431
246542,0.4606832984124243
246543,0.2929356743219965
246544,0.17610137214175012
246545,0.4742365501474859
246546,0.435317537871385
246547,0.4678689761431863
246548,0.1490539539407602
246549,0.15101740288427012
246550,0.41804191418091907
246551,0.8810795333172743
246552,0.8838883561114621
246553,0.7004013253280369
246554,0.1526536103371951
246555,0.8214215915753497
246556,0.9855922843728553
246557,0.671390458183537
246558,0.6263356679589677
246559,0.8405515837124639
246560,0.5493884674644693
246561,0.541034719413147
246562,0.36779671031401545
246563,0.36181091804873167
246564,0.5935206184864172
246565,0.7203085160052904
246566,0.6229723526390664
246567,0.5649915235363897
246568,0.35782038987187587
246569,0.1430590716340713
246570,0.5791583530662983
246571,0.8556955926934247
246572,0.5635371169115676
246573,0.3909126856072829
246574,0.7953695329082224
246575,0.4020798014734957
246576,0.8266256402797916
246577,0.7014512251103303
246578,0.44688007053872125
246579,0.06647547279577858
246580,0.20350784697824298
246581,0.18005099513228284
246582,0.3361633662241331
246583,0.5696047195494975
246584,0.7031919680394144
246585,0.520468500734021
246586,0.5271451361460952
246587,0.8400152712695607
246588,0.9810745337945015
246589,0.9163943441762378
246590,0.5700228614541339
246591,0.9526090691343099
246592,0.47482285781811734
246593,0.7540780198253803
246594,0.39585312311097576
246595,0.597733852677699
246596,0.1026129324019071
246597,0.27320119443144064
246598,0.9720072174928757
246599,0.1346507833343181
246600,0.9612855136555147
246601,0.7573686148140405
246602,0.5585057789938234
246603,0.7443834906668001
246604,0.15648960781016358
246605,0.3002986078601588
246606,0.5169279296067194
246607,0.8596452156839575
246608,0.5411210748064957
246609,0.8034233095931752
246610,0.6122824639466232
246611,0.10980770017407429
246612,0.8145086150867418
246613,0.077488057958104
246614,0.3269551542807277
246615,0.4450302471127756
246616,0.7308484190145487
246617,0.8401016266629094
246618,0.44971161843642193
246619,0.4720140350239295
246620,0.34514432713241006
246621,0.5132873680239614
246622,0.4586380390962681
246623,0.19177714854491165
246624,0.7724080883188423
246625,0.41651933224555837
246626,0.4738047731807418
246627,0.31698792387999325
246628,0.33876766308670536
246629,0.796492153021757
246630,0.204330495725408
246631,0.7502465673731143
246632,0.6648092682062167
246633,0.9107676085464569
246634,0.8673626608369202
246635,0.3972257193631517
246636,0.2516941564668827
246637,0.13020575308720533
246638,0.06637548234032205
246639,0.2673244826630185
246640,0.5398711941132892
246641,0.9884465573740688
246642,0.06848437194631421
246643,0.6157275896391708
246644,0.027301939360333788
246645,0.3944714368173947
246646,0.9265661005085879
246647,0.47830434367628544
246648,0.3268188036596506
246649,0.7503692829320838
246650,0.572322641929634
246651,0.17306075329173126
246652,0.4338176810395371
246653,0.27014694051931404
246654,0.5632235104830903
246655,0.009944505297221629
246656,0.5696047195494975
246657,0.5719772203562388
246658,0.69421555215184
246659,0.48817612864226595
246660,0.07823344135332536
246661,0.7033874039296248
246662,0.2880497770667345
246663,0.5251089668713441
246664,0.21146617822844185
246665,0.9323382768008508
246666,0.41088350657437245
246667,0.1333145472477627
246668,0.31217929197667493
246669,0.4812858772571709
246670,0.17025193049754342
246671,0.5948613995936752
246672,0.0030224387672085845
246673,0.6662318596861209
246674,0.9889646897341617
246675,0.828107317028829
246676,0.19840378872925768
246677,0.1026129324019071
246678,0.6129778521141165
246679,0.6300534948936692
246680,0.7795574058839838
246681,0.5880120533949033
246682,0.49619809018230077
246683,0.743033619518137
246684,0.1416092100299517
246685,0.8025779357424974
246686,0.9623763186241313
246687,0.9912462901268515
246688,0.669554269819699
246689,0.04236413796864845
246690,0.8687398021097986
246691,0.8173992482535758
246692,0.21937451425091242
246693,0.8323387313029211
246694,0.6282854818403698
246695,0.22740102081164978
246696,0.2195108648719895
246697,0.44725730725703455
246698,0.4988523822726012
246699,0.5262224969434736
246700,0.7402702469309749
246701,0.2946764172510805
246702,0.8695124556292354
246703,0.2626294762772644
246704,0.1858140813831407
246705,0.39652124115425347
246706,0.2800232705059971
246707,0.021629753523527303
246708,0.4994341449225301
246709,0.6505015430345286
246710,0.6053785774994206
246711,0.02222515123556388
246712,0.8510733066389117
246713,0.7410065402847911
246714,0.30603896900750377
246715,0.7441789647351844
246716,0.5733407265670095
246717,0.32892314824494023
246718,0.8194308725076244
246719,0.7024556746855982
246720,0.3149517546052422
246721,0.24892169383831544
246722,0.8709168670263293
246723,0.1930679344244413
246724,0.24895350898323343
246725,0.9181441771467269
246726,0.06472109480458682
246727,0.4733139109448643
246728,0.5296358074911032
246729,0.1433590430004409
246730,0.42590479999636394
246731,0.34481254062112254
246732,0.21874730139395784
246733,0.11838869926052513
246734,0.539462142250058
246735,0.08852791324464482
246736,0.35799764567927606
246737,0.3027529190395462
246738,0.08346021516128005
246739,0.4263593020666209
246740,0.9254934756227815
246741,0.7107639725298949
246742,0.3148199490048677
246743,0.0023315956204180512
246744,0.03099704119152263
246745,0.17491057671767696
246746,0.6788761072806687
246747,0.38959462960353786
246748,0.06322123797273896
246749,0.49580267338117723
246750,0.6834256730039406
246751,0.2080255975565969
246752,0.45563378041186975
246753,0.040264338404061434
246754,0.42007353843496753
246755,0.8397743851723245
246756,0.9739388512914677
246757,0.7298757845841988
246758,0.515687138954918
246759,0.7311120302152976
246760,0.5793083387494831
246761,0.12192472536712405
246762,0.9028365474204735
246763,0.25220774380627303
246764,0.6436022016080284
246765,0.49582085346398747
246766,0.0828466373664332
246767,0.8421968812067939
246768,0.3777230355284268
246769,0.11671613164197962
246770,0.3096522604660464
246771,0.05751723699101449
246772,0.1615482158521232
246773,0.7579094722776463
246774,0.9711709336836029
246775,0.6824984887806165
246776,0.8024188600179074
246777,0.9601719835833853
246778,0.18567318574136107
246779,0.5343580840010728
246780,0.9304793633335
246781,0.5032565073333909
246782,0.5835806582098981
246783,0.6032696878934284
246784,0.1560578308434195
246785,0.5783129792156203
246786,0.6109916780670935
246787,0.668963417128365
246788,0.3803182423495939
246789,0.5974293362906268
246790,0.8841656023743188
246791,0.8886515378077547
246792,0.8030415278541594
246793,0.8643538571318193
246794,0.2180019179987365
246795,0.9387785711363915
246796,0.03781457224537658
246797,0.7565596011289831
246798,0.2279646033787684
246799,0.8023370496452612
246800,0.9575858668036232
246801,0.536835120283973
246802,0.5088241576940383
246803,0.5392803414219552
246804,0.5260679662395863
246805,0.26629730798423784
246806,0.463882992987033
246807,0.457224537657769
246808,0.9922825548470374
246809,0.6530376645865622
246810,0.8577226719267707
246811,0.34630330741156523
246812,0.6964335222546939
246813,0.40302062075892753
246814,0.9765067879884193
246815,0.376359529317656
246816,0.5352216379345609
246817,0.34522159248435375
246818,0.04729548543093614
246819,0.953663513937306
246820,0.6009244572109026
246821,0.4081155889665077
246822,0.4052158657582685
246823,0.1137436881024993
246824,0.7634407624726731
246825,0.2045259316156185
246826,0.9559769294749138
246827,0.744024434031297
246828,0.517196085828171
246829,0.3749051226928339
246830,0.8970461910454002
246831,0.04257320892096664
246832,0.5833443171333645
246833,0.21794283272960308
246834,0.3683784729639443
246835,0.9709800428140951
246836,0.6201408047413657
246837,0.5304493661968631
246838,0.37844114879943275
246839,0.38664036614686775
246840,0.8046913703691921
246841,0.023747733170924594
246842,0.5967793983301595
246843,0.2953399902736557
246844,0.6916657955376987
246845,0.08133314547247762
246846,0.884406488471555
246847,0.6359847469105222
246848,0.6217815572149932
246849,0.011680703205603101
246850,0.808227396475791
246851,0.9944232595979475
246852,0.39849378013916853
246853,0.33253643970348284
246854,0.3206193954213461
246855,0.020375327809618173
246856,0.646960971907227
246857,0.13409629080860463
246858,0.5827352843592203
246859,0.09185486839892555
246860,0.6076965380577309
246861,0.4221597029374468
246862,0.9328836792851591
246863,0.6964607923789093
246864,0.4431213384176965
246865,0.3815908481463133
246866,0.07261125074424714
246867,0.7495602692470265
246868,0.5914617241081533
246869,0.47225946614186826
246870,0.589080133260007
246871,0.16524786270401462
246872,0.10422186973061662
246873,0.27325118965916884
246874,0.17007921971084577
246875,0.6547511373914309
246876,0.348616722949173
246877,0.777139454870217
246878,0.897723399130083
246879,0.4340631121574759
246880,0.923461851368733
246881,0.7793165197867477
246882,0.5143009076406343
246883,0.7649860695115467
246884,0.09623172333549979
246885,0.9600810831693339
246886,0.03401947995873121
246887,0.928211398002918
246888,0.3831588802886997
246889,0.9154398898286983
246890,0.9871875866394572
246891,0.6203180605487659
246892,0.7830025315765313
246893,0.1396821212520623
246894,0.3645379304702733
246895,0.949727526008881
246896,0.5085923616382072
246897,0.12251103303775548
246898,0.8354248003599657
246899,0.4190963589839152
246900,0.29402647929061315
246901,0.696960744656192
246902,0.2170247385476841
246903,0.3093159289340563
246904,0.44219415419437236
246905,0.34791678976097734
246906,0.9638716304352767
246907,0.8852382272601252
246908,0.1735561605483113
246909,0.3969439280795924
246910,0.706741629208121
246911,0.35170733702692014
246912,0.399543679921462
246913,0.9403920534858037
246914,0.3256870935047109
246915,0.7302212061575941
246916,0.1478722485580922
246917,0.9559269342471856
246918,0.5324400852645884
246919,0.1807418382790734
246920,0.8946646001972539
246921,0.6788124769908327
246922,0.8459828834520341
246923,0.437417337435972
246924,0.860695115466251
246925,0.617550142940901
246926,0.13766413206012154
246927,0.9422282418496417
246928,0.6795078651583258
246929,0.13692783870630532
246930,0.06988423832270556
246931,0.25114875398257436
246932,0.9968503006531195
246933,0.9411783420673481
246934,0.5307947877702583
246935,0.013294185555015202
246936,0.4713459169806518
246937,0.2571618163720735
246938,0.5828216397525691
246939,0.6573736143368133
246940,0.888174310633985
246941,0.41754650692433903
246942,0.38709486821712474
246943,0.7054099381422683
246944,0.5653278550683799
246945,0.8736302443857632
246946,0.9357424973070753
246947,0.7463014894032842
246948,0.6689725071697702
246949,0.3550615623054163
246950,0.22693742869998773
246951,0.783216147549552
246952,0.5471250471545898
246953,0.27658268983415213
246954,0.7418519141354689
246955,0.5699365060607852
246956,0.05319946732357366
246957,0.6156230541630118
246958,0.26412024306770715
246959,0.24773089841424228
246960,0.4806359392967035
246961,0.6217951922771009
246962,0.29537180541857366
246963,0.6924384490571355
246964,0.121070261475041
246965,0.38926284309225023
246966,0.31084305589011957
246967,0.8504506388026597
246968,0.2551801873457533
246969,0.44802087073506613
246970,0.5488157948559457
246971,0.6033651333281823
246972,0.0016543875357352253
246973,0.791501720290336
246974,0.2916721585666822
246975,0.15090832238740848
246976,0.10328559546588735
246977,0.9373241645115694
246978,0.9056817303802819
246979,0.228791797146636
246980,0.3321501129437644
246981,0.059148899423236874
246982,0.7381340872007672
246983,0.7242763190786334
246984,0.24487662541302876
246985,0.7131092032124207
246986,0.0900277700764927
246987,0.48854427531917405
246988,0.1630617077460788
246989,0.743992618886379
246990,0.7463878447966331
246991,0.01459860649665259
246992,0.18343249053499439
246993,0.11093486530831148
246994,0.7830707068870698
246995,0.3921171160934638
246996,0.513891855777403
246997,0.6180319151353735
246998,0.6965880529585812
246999,0.300180437321892
247000,0.891033128655901
247001,0.8060594216006653
247002,0.5308947782257148
247003,0.043714009117311534
247004,0.539948459465233
247005,0.8806841165161508
247006,0.19674031115211732
247007,0.7052281373141656
247008,0.5158325796174001
247009,0.3388903786456747
247010,0.2985987701173979
247011,0.5629871694065567
247012,0.5520063993891492
247013,0.15074015662141343
247014,0.6586780352784507
247015,0.5621236154730684
247016,0.04060066993605156
247017,0.16617050190663618
247018,0.7863976620413506
247019,0.4495570877325346
247020,0.3623745006158503
247021,0.446534648965326
247022,0.14463164879716028
247023,0.15702137523236417
247024,0.8600269974229733
247025,0.06790260929638534
247026,0.5135509792247104
247027,0.44288954236186545
247028,0.2379136536966926
247029,0.02267965330582081
247030,0.6876116370710069
247031,0.19968548456738222
247032,0.9625899345971521
247033,0.927429654442076
247034,0.0821512491989401
247035,0.6497288895150918
247036,0.2232150567445835
247037,0.3095522700105899
247038,0.06093054753864404
247039,0.8409879056999104
247040,0.1775239636216543
247041,0.8918012371546352
247042,0.29490366828620906
247043,0.48144949800246334
247044,0.06844346675999109
247045,0.1392548893060208
247046,0.011285286404479572
247047,0.014239549861149618
247048,0.9967048599906373
247049,0.7826843801273515
247050,0.18440966998604677
247051,0.5718226896523514
247052,0.5285631826052968
247053,0.7549006685725453
247054,0.7986692179382877
247055,0.4273637516418887
247056,0.8228759982001719
247057,0.02611114393626063
247058,0.0843419491775785
247059,0.4081428590907231
247060,0.822862363138064
247061,0.6265356488698806
247062,0.390985405938524
247063,0.03327864158421242
247064,0.012716967925788901
247065,0.31870139668486186
247066,0.5035110284927349
247067,0.9577858477145363
247068,0.794033296821667
247069,0.0792787961149163
247070,0.09817699219619944
247071,0.03334227187404839
247072,0.8087637089186941
247073,0.7772212652428632
247074,0.4000163620745292
247075,0.8620586216770217
247076,0.5809718163266234
247077,0.19806291217656496
247078,0.2290008680989542
247079,0.7831297921562034
247080,0.4762181791738061
247081,0.9594084201053535
247082,0.4094200099081451
247083,0.3121111166661364
247084,0.596224905804446
247085,0.9558314888124316
247086,0.020075356443248604
247087,0.27387385749542087
247088,0.6265720090355011
247089,0.5371578167538554
247090,0.9325109875875485
247091,0.9780520950272928
247092,0.7034373991573533
247093,0.3656332804595925
247094,0.6853800319060454
247095,0.8308570545538835
247096,0.7720990269110676
247097,0.7036282900268611
247098,0.654496616232087
247099,0.5705364487935243
247100,0.011194385990428185
247101,0.1955586057694493
247102,0.9711982038078184
247103,0.6923839088087046
247104,0.1852504988160221
247105,0.8225305766267765
247106,0.47301393957849475
247107,0.4667872612159748
247108,0.7018830020770745
247109,0.38469055226546556
247110,0.051290558628494555
247111,0.7303302866544557
247112,0.9379422873271188
247113,0.02935628871789511
247114,0.9213075115557151
247115,0.5276314533612702
247116,0.6831847869067044
247117,0.9454915667140864
247118,0.2337549597538417
247119,0.3690329559451143
247120,0.24591289013321457
247121,0.057458151721881096
247122,0.76339985728635
247123,0.7778575681412229
247124,0.9321110257657224
247125,0.637052826775626
247126,0.6433658605314948
247127,0.4026433840406143
247128,0.3655832852318642
247129,0.03576022288781525
247130,0.7657405429481732
247131,0.6026015698501507
247132,0.6294081019539044
247133,0.4907849705255407
247134,0.3322137432336004
247135,0.6457383613382359
247136,0.6668727076051832
247137,0.12235650233386812
247138,0.019139082178519323
247139,0.45586557646770076
247140,0.35835670231477906
247141,0.4754500706750719
247142,0.8151767331300194
247143,0.7172360820103536
247144,0.7023511392094391
247145,0.10842601388049322
247146,0.09990864508387835
247147,0.5494748228578181
247148,0.19257707218856382
247149,0.7764577017648316
247150,0.930702069347926
247151,0.9063498484235596
247152,0.07811527081505856
247153,0.4692324823539571
247154,0.7393476077283532
247155,0.8224396762127252
247156,0.9570677344435304
247157,0.9028501824825812
247158,0.6405297676130914
247159,0.25794810495361803
247160,0.40510224024070424
247161,0.711195749496639
247162,0.08097408883697464
247163,0.8808659173442536
247164,0.25469841515128094
247165,0.5724998977370342
247166,0.133987210311743
247167,0.5658187173042574
247168,0.411806145776994
247169,0.14010026315669868
247170,0.2474354720685753
247171,0.9663123065525564
247172,0.23736825121238428
247173,0.2933220010817149
247174,0.9551315556242359
247175,0.43727189677348977
247176,0.2978488417014739
247177,0.6848528095045473
247178,0.10338104090064129
247179,0.5769494730048496
247180,0.7508783252507716
247181,0.7197767485830898
247182,0.2122115616236632
247183,0.5614873125747089
247184,0.6490380463683012
247185,0.525531653796683
247186,0.12262011353461715
247187,0.6161411865231047
247188,0.5059062544029888
247189,0.7429836242904087
247190,0.802687016239359
247191,0.39852105026338397
247192,0.442957717672404
247193,0.4134559882920267
247194,0.8607587457560869
247195,0.46847346389662803
247196,0.83210693524709
247197,0.11469814245003886
247198,0.8844882988442013
247199,0.7280441412410634
247200,0.14533612700605852
247201,0.4698233350452911
247202,0.5427663723008259
247203,0.3252780416414796
247204,0.7438744483481122
247205,0.8923193695147282
247206,0.9233891310374919
247207,0.0701887547097777
247208,0.5150781061807737
247209,0.43358588498370604
247210,0.6046968243940352
247211,0.44797542052804046
247212,0.8697442516850664
247213,0.9645397484785543
247214,0.49877966194136014
247215,0.8435285722726468
247216,0.13137382340776563
247217,0.28994959572040846
247218,0.06926157048645355
247219,0.6637002831547899
247220,0.9319655851032401
247221,0.8839974366083238
247222,0.601142618204626
247223,0.5418937283259326
247224,0.14663145790629079
247225,0.5941978265711001
247226,0.8475736406979335
247227,0.9728707714263639
247228,0.38051822326050694
247229,0.6849346198771936
247230,0.9070088764254322
247231,0.30363010803514207
247232,0.3130882961171888
247233,0.06661636843755823
247234,0.1927452379545589
247235,0.48045413846860074
247236,0.47944968889333284
247237,0.6372709877693493
247238,0.09299566859527045
247239,0.28987233036846477
247240,0.35803855086559916
247241,0.04818630948863972
247242,0.07923334590789059
247243,0.6563373496166276
247244,0.7758759391149026
247245,0.8952418178264803
247246,0.5749042136886934
247247,0.1513082842092346
247248,0.3394585062334959
247249,0.9192986124051795
247250,0.8922920993905127
247251,0.6016198453783957
247252,0.8322251057853569
247253,0.6125960703751006
247254,0.6024424941255608
247255,0.515191731698338
247256,0.17257898109725892
247257,0.41304239140809285
247258,0.2510442185064153
247259,0.3341044718458692
247260,0.3823316865208321
247261,0.930702069347926
247262,0.05623554115288995
247263,0.15598056549147582
247264,0.819212711513901
247265,0.8573272551256471
247266,0.09123674558337613
247267,0.6188545638825385
247268,0.7020375327809618
247269,0.9939823925897983
247270,0.9053726689725072
247271,0.41652842228696346
247272,0.144908895060017
247273,0.2817958285799992
247274,0.2858908922330141
247275,0.8610678071638617
247276,0.9740206616641139
247277,0.38319069543361767
247278,0.556619595402257
247279,0.5169461096895297
247280,0.4853718508687807
247281,0.8763572568073048
247282,0.19218165538744028
247283,0.591307193404266
247284,0.8471236836483791
247285,0.435876575417801
247286,0.23869539725753453
247287,0.7289304202780644
247288,0.48124042705014514
247289,0.5603828725439846
247290,0.81521309329564
247291,0.8755982383499757
247292,0.6253675785493203
247293,0.08776434976661318
247294,0.08427831888774254
247295,0.070765972339004
247296,0.1706973425263952
247297,0.27507374296089915
247298,0.399216438430877
247299,0.9050181573577069
247300,0.7851795964930621
247301,0.9328882243058618
247302,0.47286395389531
247303,0.6926702451129665
247304,0.7651269651533263
247305,0.2363456215543062
247306,0.10638984460574216
247307,0.463978438421787
247308,0.5956204180510043
247309,0.547238672672154
247310,0.853382177155817
247311,0.7706446202862455
247312,0.799869103403766
247313,0.14940392053485804
247314,0.6385572286281764
247315,0.16558419423600473
247316,0.5338717667858978
247317,0.0529267660814195
247318,0.6047013694147377
247319,0.030315288086137232
247320,0.39269887874339265
247321,0.35157098640584306
247322,0.2759463869357925
247323,0.00875825489385104
247324,0.8220488044323042
247325,0.7712809231846052
247326,0.9331881956722313
247327,0.23838179082905722
247328,0.03760550129305839
247329,0.8228123679103359
247330,0.08888242485944524
247331,0.6856072829411738
247332,0.798687398021098
247333,0.5926752446357394
247334,0.11784329677621681
247335,0.10880325059880648
247336,0.11728880425050335
247337,0.48373564341585573
247338,0.7035010294471891
247339,0.49570722794642325
247340,0.8806523013712327
247341,0.21645661095986293
247342,0.906640729748524
247343,0.8605133146381483
247344,0.18250985133237282
247345,0.027201948904877263
247346,0.6356484153785321
247347,0.7130364828811796
247348,0.5799400966271402
247349,0.015625781175433253
247350,0.4101244881170434
247351,0.9084269228846338
247352,0.6875071015948478
247353,0.5197685675458252
247354,0.6718767753987119
247355,0.9904827266488199
247356,0.28267756259629756
247357,0.8412742420041724
247358,0.7131001131710155
247359,0.07945150690161393
247360,0.8884379218347339
247361,0.9078951554624332
247362,0.3577567595820399
247363,0.3576431340644757
247364,0.4392807959240254
247365,0.2796687588911967
247366,0.655910117670586
247367,0.5473295730862054
247368,0.5208366474109289
247369,0.14654510251294195
247370,0.2609932688243395
247371,0.4217688311570259
247372,0.9850105217229265
247373,0.6318260529676712
247374,0.2781598120179437
247375,0.3109794065111966
247376,0.8292981124529023
247377,0.7058326250676072
247378,0.5554787952059123
247379,0.29495366351393726
247380,0.45211138936737855
247381,0.9074451984128789
247382,0.5746815076742675
247383,0.4280909549542998
247384,0.6067329936687862
247385,0.3786865799173715
247386,0.4524113607337481
247387,0.7429018139177624
247388,0.6348757618590952
247389,0.22219242708650538
247390,0.7541189250117034
247391,0.17688311570259202
247392,0.7435426618368247
247393,0.7822344230777972
247394,0.10473091204930438
247395,0.39895282723012804
247396,0.4017525599829107
247397,0.8817567414019571
247398,0.9203576022288782
247399,0.8321932906404389
247400,0.6243949441189705
247401,0.8649537998645584
247402,0.2236695588148404
247403,0.025002158884833724
247404,0.9221983356134187
247405,0.7334481708564183
247406,0.1471450452456811
247407,0.9677258079910553
247408,0.15034928484099247
247409,0.27656905477204446
247410,0.3237100094990933
247411,0.7172678971552715
247412,0.7989101040355239
247413,0.617341071988583
247414,0.3943169061135073
247415,0.9605583103431037
247416,0.877907108866881
247417,0.5213002395225911
247418,0.19587675721862913
247419,0.8220169892873862
247420,0.7777484876443613
247421,0.28621358870289654
247422,0.1556578690215934
247423,0.4256366437749124
247424,0.5857122729194032
247425,0.9224119515864395
247426,0.6264583835179369
247427,0.18667309029592632
247428,0.7808890969498367
247429,0.21581576304080063
247430,0.09450916048922603
247431,0.8940101172160839
247432,0.6336667863522119
247433,0.227019239072634
247434,0.8283163879811473
247435,0.8476327259670668
247436,0.6709450461546853
247437,0.5606283036619232
247438,0.8567818526413388
247439,0.464010253566705
247440,0.05716727039691666
247441,0.3452852227741897
247442,0.8246667363569842
247443,0.24050431549715712
247444,0.2126115234454893
247445,0.6495925388940147
247446,0.4697960649210757
247447,0.011680703205603101
247448,0.4227187404838629
247449,0.02936992378000282
247450,0.6096009017321075
247451,0.7492602978806568
247452,0.9474504706368938
247453,0.005990337285986337
247454,0.8411015312174747
247455,0.3833815863031256
247456,0.34908940510224024
247457,0.7044509387740261
247458,0.7418882743010895
247459,0.2045259316156185
247460,0.056871844051249655
247461,0.22640111625708453
247462,0.4708732348275846
247463,0.8243394948663991
247464,0.03944623467759896
247465,0.008794615059471596
247466,0.9308293299275978
247467,0.22342412769690165
247468,0.8678444330313925
247469,0.38617677403520567
247470,0.957631317010649
247471,0.1225383031619709
247472,0.34834402170701884
247473,0.29916235268451646
247474,0.3802864272046759
247475,0.7814754046204682
247476,0.7842296871662251
247477,0.7657905381759014
247478,0.7059644306679818
247479,0.46827802800641755
247480,0.2731148390380918
247481,0.31321101167615817
247482,0.30913412810595353
247483,0.20363510755791495
247484,0.3045891074033842
247485,0.686639002640657
247486,0.7351843687647998
247487,0.100376782216243
247488,0.8702714740865645
247489,0.6476199999090996
247490,0.011939769385649552
247491,0.6702678380700025
247492,0.7781120893005669
247493,0.6194272364910622
247494,0.5734498070638713
247495,0.44525749814790405
247496,0.9288477009012777
247497,0.8779889192395272
247498,0.21912908313297366
247499,0.9009503638289073
247500,0.37641406956608686
247501,0.46206043968530275
247502,0.16832029669895146
247503,0.9210529903963713
247504,0.6182909813154199
247505,0.44017616500243156
247506,0.2688197944741638
247507,0.6967471286831711
247508,0.8123451852323187
247509,0.3603019711754787
247510,0.6672635793856041
247511,0.1743242690470455
247512,0.13649606173956125
247513,0.8952599979092905
247514,0.6515014475890938
247515,0.8407379295612691
247516,0.5998836474700142
247517,0.3752187291213111
247518,0.7526554283454762
247519,0.5878711577531236
247520,0.39898918739574857
247521,0.8573272551256471
247522,0.4854991114484526
247523,0.8482372137205085
247524,0.5945705182687108
247525,0.5879393330636622
247526,0.7797119365878712
247527,0.252144113516437
247528,0.10748973961576394
247529,0.16792487989782795
247530,0.5746633275914572
247531,0.9186032242376865
247532,0.8887197131182932
247533,0.49774339722117433
247534,0.6600188163857087
247535,0.7154771589984592
247536,0.8389790065493749
247537,0.7984328768617541
247538,0.4178055731043855
247539,0.9781384504206416
247540,0.10486726267038145
247541,0.2377045827443744
247542,0.5009067316301626
247543,0.537266897250717
247544,0.8452647701810282
247545,0.41251971402729737
247546,0.9389967321301149
247547,0.03977347616818395
247548,0.08001054444802995
247549,0.5374396080374146
247550,0.5698410606260311
247551,0.06800259975184186
247552,0.5702637475513702
247553,0.44175783220692566
247554,0.8327159680212344
247555,0.5858668036232906
247556,0.9299203257870841
247557,0.48771253653060387
247558,0.23232327823253235
247559,0.9519500411324374
247560,0.7363751641888729
247561,0.2444403034255821
247562,0.5707500647665451
247563,0.29375832306916155
247564,0.666009153671695
247565,0.8830884324678099
247566,0.5634916667045419
247567,0.721358415787584
247568,0.6678271619527227
247569,0.3245871984946891
247570,0.24823994073293004
247571,0.33382722558301253
247572,0.5861304148240396
247573,0.8901922998259257
247574,0.07762440857918107
247575,0.03775094195554061
247576,0.006217588321114802
247577,0.17095640870644166
247578,0.05984428759072998
247579,0.14805404938619496
247580,0.5308947782257148
247581,0.514578153903491
247582,0.197967466741811
247583,0.4643011348916694
247584,0.8487826162048168
247585,0.8019552679062453
247586,0.7660177892110298
247587,0.3656741856459156
247588,0.6071693156562329
247589,0.5091786693088387
247590,0.9787111230291654
247591,0.357470423277778
247592,0.5336854209370924
247593,0.2685607282941173
247594,0.033624063157607686
247595,0.2184336949654806
247596,0.9037728216852028
247597,0.4362219969911963
247598,0.21028447284577384
247599,0.02559301157616773
247600,0.11552988123860904
247601,0.10516723403675103
247602,0.7298439694392808
247603,0.6861526854254821
247604,0.835283904718186
247605,0.8852700424050433
247606,0.47289576904022795
247607,0.6218451875048291
247608,0.6318578681125893
247609,0.9141581939905736
247610,0.17754214370446458
247611,0.08269665168324841
247612,0.7474150194754137
247613,0.24800359965639643
247614,0.9610673526617914
247615,0.3274687416201181
247616,0.3906945246135596
247617,0.4140286609005504
247618,0.673226646547375
247619,0.36181091804873167
247620,0.7051508719622218
247621,0.7919062271328646
247622,0.9779702846546466
247623,0.9443734916212543
247624,0.36061557760395596
247625,0.3723508210579899
247626,0.13669149762977173
247627,0.04194599606401207
247628,0.39285340944728003
247629,0.25039428054594787
247630,0.7264215688502461
247631,0.12549711163934354
247632,0.2832820503497393
247633,0.7720626667454471
247634,0.48731711972948033
247635,0.8739938460419687
247636,0.49113493711963857
247637,0.2749101222156067
247638,0.30073038482690284
247639,0.44885715454433894
247640,0.6495243635834761
247641,0.2076847210039042
247642,0.03579203803273324
247643,0.9782066257311802
247644,0.644461210520814
247645,0.8261302330232114
247646,0.33394994114198184
247647,0.3954986114961753
247648,0.2958444875716409
247649,0.014521341144708913
247650,0.5784084246503742
247651,0.47604546838710843
247652,0.9273296639866195
247653,0.3364678826112053
247654,0.1676203635107558
247655,0.2742374591516264
247656,0.16308443284959165
247657,0.7461924089064226
247658,0.22586934883488397
247659,0.6122188336567874
247660,0.8154585244135787
247661,0.10667163588930147
247662,0.10038587225764813
247663,0.9187168497552507
247664,0.26845164779725567
247665,0.4288636084737366
247666,0.6643547661359598
247667,0.13810499906827078
247668,0.4922257420882552
247669,0.22394680507769713
247670,0.5510155848759891
247671,0.9930052131387459
247672,0.9923325500747656
247673,0.4256775489612355
247674,0.4559882920266702
247675,0.27605092241195156
247676,0.3293549252116843
247677,0.871816781125438
247678,0.6638593588793797
247679,0.4419305429936233
247680,0.09580449138945828
247681,0.6315988019325428
247682,0.443189513728235
247683,0.7046600097263443
247684,0.7755532426450202
247685,0.06962062712195653
247686,0.8687807072961218
247687,0.04444121242972262
247688,0.26529285840897004
247689,0.4244503933715418
247690,0.8778162084528296
247691,0.7171542716377073
247692,0.6384845082969354
247693,0.7682948445830171
247694,0.3256370982769826
247695,0.12514714504524568
247696,0.6078101635752952
247697,0.9336154276182729
247698,0.8997413883220239
247699,0.41694656419159987
247700,0.8332250103399221
247701,0.8955236091100396
247702,0.7937242354138924
247703,0.20353057208175585
247704,0.749342108253303
247705,0.6724858081728563
247706,0.22816003926897888
247707,0.15325809809063679
247708,0.9456051922316506
247709,0.23726826075692775
247710,0.27051508719622214
247711,0.6244858445330218
247712,0.7216265720090355
247713,0.202885179141991
247714,0.4192645247499102
247715,0.7841887819799019
247716,0.6607732898223352
247717,0.6013971393639699
247718,0.4160148349475732
247719,0.15709409556360532
247720,0.7939833015939388
247721,0.1760741020175347
247722,0.7576185909526818
247723,0.34209916326168865
247724,0.3423218692761145
247725,0.7769531090214116
247726,0.2845319310429459
247727,0.33749960231068854
247728,0.6220497134364447
247729,0.1621299785020521
247730,0.11341190159121174
247731,0.7318937737761395
247732,0.5020520768472101
247733,0.8964417032919586
247734,0.3324546293308366
247735,0.36713768231214294
247736,0.8400789015593966
247737,0.07925607101140345
247738,0.08845519291340372
247739,0.3328182309870421
247740,0.9293203830543448
247741,0.5917844205780357
247742,0.08282845728362292
247743,0.33866312761054623
247744,0.3406992968852973
247745,0.17444698460601488
247746,0.736279718754119
247747,0.1591984401488949
247748,0.5756950472909405
247749,0.20288972416269357
247750,0.2020852554983388
247751,0.3429172669881511
247752,0.38672672154021664
247753,0.0590261838642675
247754,0.5154189827334664
247755,0.9308929602174337
247756,0.35374805132237375
247757,0.5671913135564333
247758,0.3456124642647747
247759,0.999154626149322
247760,0.39433963121702015
247761,0.6509424100426777
247762,0.825943887174406
247763,0.1313601883456579
247764,0.22847364569745615
247765,0.30937046918248706
247766,0.9613855041109712
247767,0.5645552015489431
247768,0.7072643065889166
247769,0.3335045291131301
247770,0.5089514182737103
247771,0.7688220669845152
247772,0.280341421955177
247773,0.5478022552392726
247774,0.7773348907604274
247775,0.8539184895987202
247776,0.30488907876975374
247777,0.7574140650210662
247778,0.83537935015294
247779,0.26478836111098486
247780,0.2846637366433204
247781,0.7651224201326237
247782,0.22643293140200255
247783,0.08618722758282163
247784,0.5677276259993365
247785,0.6991423545934252
247786,0.013166924975343263
247787,0.2657882656655501
247788,0.5472659427963695
247789,0.9783293412901496
247790,0.5005431299739571
247791,0.09554088018870925
247792,0.619977183996073
247793,0.4305179960094718
247794,0.8907013421446135
247795,0.9651851414183191
247796,0.681880365965067
247797,0.47976784034251274
247798,0.08443739461233245
247799,0.8876652683152972
247800,0.5694910940319333
247801,0.5398121088441559
247802,0.5970202844273955
247803,0.8288163402584299
247804,0.9861922271055945
247805,0.7506056240086174
247806,0.3579612855136555
247807,0.6281309511364824
247808,0.1943541752832684
247809,0.13905036337440516
247810,0.37893201103531027
247811,0.7038873562069076
247812,0.4195508610541721
247813,0.5365260588761982
247814,0.3107021602483399
247815,0.765954158921194
247816,0.9198394698687853
247817,0.46135141645570193
247818,0.937001468041687
247819,0.35961112802868817
247820,0.41931451997763847
247821,0.5633689511455725
247822,0.8397971102758374
247823,0.217542870907777
247824,0.18303252871316827
247825,0.35594329632171473
247826,0.13345089786883982
247827,0.4421350689252389
247828,0.7522418314615423
247829,0.3936396980288245
247830,0.755568786615823
247831,0.20848918966825897
247832,0.9514182737102368
247833,0.29568086682634837
247834,0.833838588134769
247835,0.36896932565527835
247836,0.1710836692861136
247837,0.3825453024938528
247838,0.8218760936456065
247839,0.46835529335836124
247840,0.3564296135368896
247841,0.23235509337745036
247842,0.4363219874466528
247843,0.7264851991400821
247844,0.2122570118306889
247845,0.6141368323932715
247846,0.2551256470973225
247847,0.37810481726744266
247848,0.6647365478749756
247849,0.011803418764572473
247850,0.7091959403875084
247851,0.7184950527449653
247852,0.2731739243072252
247853,0.3744460756018744
247854,0.9907145227046509
247855,0.279750569263843
247856,0.591866230950682
247857,0.7921789283750188
247858,0.9560814649510729
247859,0.00895823580476409
247860,0.6684089246026516
247861,0.13645061153253554
247862,0.6468927965966885
247863,0.36213815953931666
247864,0.482899359606583
247865,0.8787797528417742
247866,0.1509219574495162
247867,0.3206375755041564
247868,0.12023397766576827
247869,0.34049477095368164
247870,0.7703810090854963
247871,0.7114457256352803
247872,0.07062053167652178
247873,0.44373491621254335
247874,0.7990873598429241
247875,0.42825003067888967
247876,0.8589452824957617
247877,0.129660350602897
247878,0.7420291699428692
247879,0.34377173088023416
247880,0.21240699751387368
247881,0.6555737861385958
247882,0.17451061489585087
247883,0.16669772430813423
247884,0.5450207025693002
247885,0.6959381149981139
247886,0.6767399475504611
247887,0.45538380427322844
247888,0.0305425391212657
247889,0.015603056071920406
247890,0.8811158934828949
247891,0.773898855109285
247892,0.516668863426673
247893,0.057785393212466084
247894,0.9565814172283555
247895,0.12044759363878903
247896,0.8112180200980816
247897,0.9819744478936102
247898,0.5328627721899274
247899,0.17638770844601198
247900,0.3316365256043741
247901,0.5092195744951619
247902,0.7619000004545021
247903,0.5856531876502697
247904,0.5894528249576176
247905,0.24931711063943898
247906,0.37108276028197307
247907,0.9256207362024534
247908,0.30712977397612046
247909,0.2600342694560973
247910,0.7864112971034584
247911,0.2783279777839388
247912,0.19045909254116652
247913,0.9368969325655279
247914,0.38517686948064045
247915,0.06686179955549697
247916,0.04234595788583817
247917,0.8699305975338718
247918,0.9967548552183656
247919,0.5480795015021295
247920,0.9145263406674817
247921,0.42047350025679364
247922,0.5338354066202772
247923,0.8611541625572104
247924,0.17056553692602072
247925,0.49184850536994196
247926,0.5842215061289605
247927,0.4226732902768372
247928,0.7090732248285391
247929,0.5520836647410929
247930,0.33760413778684756
247931,0.17636043832179657
247932,0.2458901650297017
247933,0.8772162657200904
247934,0.4593606973879766
247935,0.37735943387222126
247936,0.20989360106535287
247937,0.09172306279855104
247938,0.36192908858699846
247939,0.03418310070402371
247940,0.7462923993618791
247941,0.8231032492353003
247942,0.16228450920593943
247943,0.5154098926920613
247944,0.7034783043436763
247945,0.38923557296803485
247946,0.6154776135005295
247947,0.7949332109207757
247948,0.9011457997191178
247949,0.9110857599956368
247950,0.057876293626517465
247951,0.5159780202798824
247952,0.47820889824153145
247953,0.9650760609214576
247954,0.10105399030092582
247955,0.4822221515219002
247956,0.4733957213175106
247957,0.10583535208002871
247958,0.9035592057121821
247959,0.9881374959662942
247960,0.20623031437908199
247961,0.9993727871430454
247962,0.8905740815649416
247963,0.04389126492471174
247964,0.42793642425041245
247965,0.8977143090886779
247966,0.20602578844746638
247967,0.7173178923829998
247968,0.46110598533776315
247969,0.8288845155689685
247970,0.2419541771012767
247971,0.07518373246190135
247972,0.7086141777375796
247973,0.4890169574722413
247974,0.6058467146317852
247975,0.834956663227601
247976,0.14398171083669287
247977,0.22262420405324948
247978,0.8123042800459956
247979,0.0490044132151022
247980,0.6604233232282373
247981,0.7224992159839289
247982,0.5306448020870735
247983,0.2062893996482154
247984,0.4970161939087632
247985,0.41308329659441595
247986,0.5369260206980243
247987,0.4775089650533358
247988,0.9021684293771958
247989,0.3139563950713795
247990,0.13998209261843186
247991,0.9849650715159007
247992,0.85931342917267
247993,0.3296594415987565
247994,0.3150244749364833
247995,0.06236677408065594
247996,0.7837751850959682
247997,0.8184173328909513
247998,0.09786338576772216
247999,0.2586071329554906
248000,0.6857118184173329
248001,0.5857940832920494
248002,0.5453433990391826
248003,0.24309952231832418
248004,0.6921157525872531
248005,0.22767372205380396
248006,0.9608673717508783
248007,0.4926529740342967
248008,0.7746760536494244
248009,0.6311942950900141
248010,0.9345517018830021
248011,0.783143427218311
248012,0.5946250585171416
248013,0.8067275396439431
248014,0.6587143954440712
248015,0.5207093868312571
248016,0.9429599901827553
248017,0.379081996718495
248018,0.6328895878120725
248019,0.5801400775380532
248020,0.2575845032974125
248021,0.4965298766935883
248022,0.8013189650078857
248023,0.3741915544425305
248024,0.3623745006158503
248025,0.4522977352161839
248026,0.4274864672008581
248027,0.43992618886379026
248028,0.057253625790265474
248029,0.4709005049518
248030,0.4603924170874598
248031,0.03667377204903168
248032,0.2135477977102186
248033,0.013394176010471728
248034,0.15211729789429193
248035,0.8265801900727658
248036,0.89571904500025
248037,0.4864944709823153
248038,0.19708573272551258
248039,0.16981560851009678
248040,0.012162475400075447
248041,0.9897600683571114
248042,0.5954567973057118
248043,0.2770371919044091
248044,0.2562528122315597
248045,0.943100885824535
248046,0.870244203962349
248047,0.29131310193117926
248048,0.25407574731502897
248049,0.25649824334949844
248050,0.41599665486476284
248051,0.9547315938024098
248052,0.09168215761222791
248053,0.9423145972429905
248054,0.49606628458192625
248055,0.9297430699796838
248056,0.4215961203703283
248057,0.1422455129283114
248058,0.554878852473173
248059,0.9430054403897811
248060,0.9672622158793933
248061,0.5659687029874422
248062,0.5408483735643416
248063,0.6546466019152717
248064,0.7005740361147346
248065,0.2557983101613028
248066,0.3244099426872889
248067,0.6526377027647361
248068,0.00837647315483522
248069,0.2985351398275619
248070,0.7465878257075461
248071,0.7325800719022275
248072,0.6733175469614264
248073,0.887224401307148
248074,0.0396189454642966
248075,0.35026202044350313
248076,0.3669604265047427
248077,0.7434972116297991
248078,0.8546229678076184
248079,0.3380950000227251
248080,0.39277159907463377
248081,0.138154994295999
248082,0.7306893432899587
248083,0.7514509978592954
248084,0.1584757818571864
248085,0.7474104744547112
248086,0.2651337826843801
248087,0.3797592048031779
248088,0.7445152962671745
248089,0.637834570336468
248090,0.6326123415492159
248091,0.6747946786897615
248092,0.6242722285600012
248093,0.12003399675485522
248094,0.26723812726966967
248095,0.34038569045682
248096,0.9329427645542925
248097,0.03899173260734203
248098,0.3788547456833666
248099,0.2153385358670309
248100,0.31943769003867806
248101,0.40626122051985947
248102,0.14411351643706738
248103,0.7740397507510647
248104,0.1673249371650888
248105,0.09743615382168065
248106,0.9718026915612601
248107,0.5369214756773217
248108,0.3399993636971016
248109,0.16053922125615283
248110,0.0164484299225983
248111,0.948377654860218
248112,0.6236268356202364
248113,0.1958222169701983
248114,0.23346407842887726
248115,0.46926429749887505
248116,0.999640943364497
248117,0.05740815649415283
248118,0.41186977606682995
248119,0.5833170470091492
248120,0.5499020548038596
248121,0.09022775098740574
248122,0.3768322114707232
248123,0.5841487857977193
248124,0.8725303493757414
248125,0.05873530253930307
248126,0.7314256366437749
248127,0.3938442239604401
248128,0.1425682093981938
248129,0.20571218201898908
248130,0.8406243040437049
248131,0.3360679207893792
248132,0.9270569627444654
248133,0.19305884438303617
248134,0.6202680653210375
248135,0.6913703691920318
248136,0.6466610005408575
248137,0.7805845805627645
248138,0.9169124765363307
248139,0.3365178778389335
248140,0.8262074983751552
248141,0.71323191877139
248142,0.4441576031378822
248143,0.8961553669876966
248144,0.3720599397330255
248145,0.624231323373678
248146,0.25414392262556756
248147,0.33721326600642665
248148,0.39852105026338397
248149,0.43528117770576447
248150,0.0697751578258439
248151,0.24110425822989623
248152,0.3998481963085342
248153,0.1475268269846969
248154,0.1663295776312261
248155,0.7417201085350944
248156,0.3626244767544916
248157,0.49316656137368703
248158,0.09214120470318743
248159,0.1321010267201767
248160,0.8571045491112212
248161,0.2919448598088364
248162,0.7943923534571701
248163,0.19540407506556193
248164,0.7068188945600647
248165,0.24595379531953768
248166,0.8154176192272555
248167,0.37635498429695347
248168,0.34144468028051866
248169,0.6428931783784275
248170,0.838565409665441
248171,0.515264452029579
248172,0.5078651583257962
248173,0.0003136064284772817
248174,0.9360561037355525
248175,0.8775798673762959
248176,0.5301221247062781
248177,0.07165679639670759
248178,0.16775216911113033
248179,0.4501570304652738
248180,0.8874834674871944
248181,0.1733925398030188
248182,0.5035564786997605
248183,0.8809250026133869
248184,0.20683934715322627
248185,0.814431349734798
248186,0.7440062539484867
248187,0.2920812104299135
248188,0.9093541071079578
248189,0.9043227691902137
248190,0.5693501983901537
248191,0.4819767204039614
248192,0.9651487812526987
248193,0.5336127006058513
248194,0.386722176519514
248195,0.8569863785729543
248196,0.27424654919303154
248197,0.8214943119065908
248198,0.34144468028051866
248199,0.18179628308206944
248200,0.7427291031310648
248201,0.4261002358865744
248202,0.9622626931065671
248203,0.7672813049663442
248204,0.9767567641270607
248205,0.5404984069702438
248206,0.5488567000422687
248207,0.036182909813154196
248208,0.70274201098986
248209,0.9093177469423374
248210,0.44634375809581806
248211,0.04887715263543026
248212,0.023997709309565907
248213,0.6359847469105222
248214,0.9605174051567805
248215,0.10488544275319173
248216,0.8624631285195504
248217,0.10084491934860762
248218,0.27844614832220554
248219,0.8748483099340518
248220,0.6868389835515701
248221,0.5985701364869718
248222,0.9227573731598347
248223,0.8654537521418411
248224,0.12904222778734759
248225,0.596911203930534
248226,0.7873157562232697
248227,0.42056440067084505
248228,0.5732089209666351
248229,0.5391121756559601
248230,0.782720740292972
248231,0.6128187763895265
248232,0.30555719681303145
248233,0.6770126487926152
248234,0.07136591507174314
248235,0.3968939328518641
248236,0.18509142309143217
248237,0.23539116720676662
248238,0.18175083287504376
248239,0.6716449793428809
248240,0.305857168179401
248241,0.3557115002658837
248242,0.21989719163170787
248243,0.34464891987583
248244,0.2334868035323901
248245,0.5340308425104877
248246,0.1856231905136328
248247,0.1175478704305498
248248,0.8981233609519091
248249,0.3099295067289031
248250,0.257452697697038
248251,0.040164347948604906
248252,0.2604978615677594
248253,0.29903054708414195
248254,0.7022102435676594
248255,0.8544002617931925
248256,0.22727830525268042
248257,0.9164943346316943
248258,0.16535239818017372
248259,0.49622081528581363
248260,0.6656364619740843
248261,0.633021393412447
248262,0.5797901109439554
248263,0.35971111848414467
248264,0.656796396707587
248265,0.8713486439930734
248266,0.7056235541152891
248267,0.5264951981856278
248268,0.6312215652142296
248269,0.7598729212211562
248270,0.6495925388940147
248271,0.07171133664513842
248272,0.24556746855981929
248273,0.6274719231346099
248274,0.25525290767699443
248275,0.8011826143868086
248276,0.7907427018330069
248277,0.7781166343212693
248278,0.6104053703964623
248279,0.8305070879597857
248280,0.4950618350066584
248281,0.9521909272296736
248282,0.45192958853927573
248283,0.386753991664432
248284,0.35432526895160005
248285,0.7817481058626222
248286,0.6779625581194523
248287,0.9583267051781421
248288,0.1728607723808182
248289,0.843219510864872
248290,0.34729866694542794
248291,0.45276587234854854
248292,0.4890260475136464
248293,0.07926970607351116
248294,0.5483976529513093
248295,0.48068593452443176
248296,0.9075315538062276
248297,0.32795505883529297
248298,0.8806023061435045
248299,0.7788074774680599
248300,0.8502324778089364
248301,0.6507606092145749
248302,0.5456206453020395
248303,0.9330473000304517
248304,0.46785988610178114
248305,0.9080587762077257
248306,0.9782884361038265
248307,0.3762731739243072
248308,0.6473791138118634
248309,0.3031256107371569
248310,0.8841337872294008
248311,0.9120720294880943
248312,0.3935215274905577
248313,0.6428749982956172
248314,0.061962267238127276
248315,0.973175287813436
248316,0.47799982728921325
248317,0.40172528985869527
248318,0.3920353057208176
248319,0.5863076706314397
248320,0.6752400907186132
248321,0.12127024238595406
248322,0.46623276869026137
248323,0.18785479567859434
248324,0.4881488585180505
248325,0.139432145113421
248326,0.8176901295785403
248327,0.8189854604787725
248328,0.9130083037528236
248329,0.20102626567464016
248330,0.42453220374418804
248331,0.13163743460851465
248332,0.08488280664118424
248333,0.44788452011398905
248334,0.4268637993646061
248335,0.8945282495761768
248336,0.9244163057162725
248337,0.47089595993109745
248338,0.6786761263697556
248339,0.6531376550420187
248340,0.9741933724508115
248341,0.28113225555742405
248342,0.33954031660614215
248343,0.2330323014621332
248344,0.43467214493162015
248345,0.7278350702887452
248346,0.908086046331941
248347,0.2387862976715859
248348,0.20130805695819945
248349,0.8639538953099931
248350,0.2173337999554588
248351,0.9107085232773235
248352,0.04650010680798651
248353,0.4390762699924098
248354,0.4733548161311874
248355,0.20369419282704834
248356,0.9336654228460011
248357,0.0296244449393467
248358,0.34659418873652964
248359,0.15674867399021003
248360,0.1464314769953777
248361,0.2879361515491703
248362,0.8708895969021139
248363,0.4545929706709814
248364,0.3420173528890424
248365,0.8192218015553061
248366,0.2265011067125411
248367,0.5737315983474305
248368,0.7806209407283851
248369,0.7505919889465097
248370,0.4533703601019903
248371,0.3653060389690075
248372,0.7805709455006569
248373,0.38842201426227496
248374,0.8720485771812692
248375,0.22956445066607278
248376,0.5985337763213512
248377,0.819244526658819
248378,0.26737447789074675
248379,0.17050190663618472
248380,0.8134905304493661
248381,0.4902804732275555
248382,0.8669399739115812
248383,0.8291254016662046
248384,0.9383377041282424
248385,0.0392917039737116
248386,0.47383658832565984
248387,0.7461742288236123
248388,0.15446707359752024
248389,0.40879734207189317
248390,0.8024461301421228
248391,0.5276769035682958
248392,0.22763281686748082
248393,0.037337345071606805
248394,0.467228128224124
248395,0.5445980156439613
248396,0.6094918212352458
248397,0.36548329477640773
248398,0.515591693520164
248399,0.2179746478745211
248400,0.17458788024779454
248401,0.3921898364247049
248402,0.23414128651356006
248403,0.6206225769358379
248404,0.5520882097617954
248405,0.7282032169656534
248406,0.1785874984660555
248407,0.35925661641388773
248408,0.1899591402638839
248409,0.5911072124933529
248410,0.025697547052326825
248411,0.15448525368033053
248412,0.17298348793978757
248413,0.3549888419741752
248414,0.7656178273892038
248415,0.10543539025820263
248416,0.3122156521422955
248417,0.626426568373019
248418,0.3831270651437817
248419,0.9810927138773117
248420,0.16397071188659265
248421,0.8079865103785548
248422,0.2514714504524568
248423,0.7580685480022362
248424,0.6939473959303885
248425,0.9376059557951287
248426,0.057821753378086635
248427,0.8883561114620877
248428,0.012494261911363005
248429,0.15221728834974843
248430,0.4266138232259648
248431,0.8438649038046369
248432,0.5094786406752083
248433,0.5288313388267484
248434,0.24194508705987156
248435,0.11752969034773952
248436,0.07306575281450406
248437,0.6359529317656042
248438,0.9341290149576631
248439,0.28561364597015737
248440,0.8855291085850897
248441,0.2799141900091355
248442,0.418560046541012
248443,0.14586334940755658
248444,0.8038505415392166
248445,0.9930415733043665
248446,0.1999218256439158
248447,0.21910635802946082
248448,0.4486526286127233
248449,0.46876434522159244
248450,0.5357397702946537
248451,0.03487848887151681
248452,0.3575158734848037
248453,0.7304802723376406
248454,0.10811240745201595
248455,0.4364810631712427
248456,0.49018502779280154
248457,0.8170720067629907
248458,0.32795960385599554
248459,0.6162593570613714
248460,0.45076151821871546
248461,0.2619386331304739
248462,0.9753478077092641
248463,0.41454224823994074
248464,0.8249030774335178
248465,0.2503306502561119
248466,0.43023165970520993
248467,0.49770703705555375
248468,0.143368133041846
248469,0.5490794060566946
248470,0.1963539843923989
248471,0.2897268897059826
248472,0.4593788774707868
248473,0.8217351980038269
248474,0.29532635521154793
248475,0.1722381045445662
248476,0.6237086459928826
248477,0.48008144677099
248478,0.8320160348330387
248479,0.39456233723144607
248480,0.2566209589084678
248481,0.3842769553815317
248482,0.04036887388022053
248483,0.3625063062162248
248484,0.4467073597520237
248485,0.9564541566486836
248486,0.4218870016952927
248487,0.3235009385467751
248488,0.8770390099126901
248489,0.5819353607155681
248490,0.13892310279473324
248491,0.10444912076574508
248492,0.8206489380559129
248493,0.2734102653837588
248494,0.8153676239995273
248495,0.09797246626458384
248496,0.35773857949922955
248497,0.6850027951877321
248498,0.6084419214529522
248499,0.9743115429890784
248500,0.532740056630958
248501,0.4439621672476718
248502,0.5282904813631426
248503,0.4182146249676167
248504,0.11688884242867725
248505,0.12802414314997207
248506,0.6040741565577832
248507,0.43946714177283075
248508,0.8202762463583022
248509,0.6978652037760033
248510,0.1711609346380573
248511,0.07771530899323245
248512,0.15678957917653316
248513,0.8057276350893778
248514,0.4900350421096168
248515,0.11279377877566231
248516,0.1816508424195872
248517,0.49060316969743795
248518,0.8728939510319469
248519,0.42623204148694893
248520,0.376486789897328
248521,0.011408001963448943
248522,0.8468373473441172
248523,0.35680685025520287
248524,0.2532258284436485
248525,0.15987110321287515
248526,0.6537648678989734
248527,0.1561760013816863
248528,0.513228282754828
248529,0.4808859154353448
248530,0.8464737456879116
248531,0.5741042900450413
248532,0.13277823480485954
248533,0.41544216233904946
248534,0.406329395830398
248535,0.8173492530258476
248536,0.4749592084391944
248537,0.4941073806591189
248538,0.16592507078869748
248539,0.4992932492807504
248540,0.4961344598924648
248541,0.3085660005181323
248542,0.2758691215838488
248543,0.23933170015589422
248544,0.2904949982047168
248545,0.8167493102931084
248546,0.9129583085250954
248547,0.7314438167265852
248548,0.7414383172515351
248549,0.27860522404679555
248550,0.8181446316487971
248551,0.8242576844937529
248552,0.3067979874648329
248553,0.08577363069888783
248554,0.37666859072543074
248555,0.5087514373627972
248556,0.17745578831111575
248557,0.7173497075279178
248558,0.6241586030424369
248559,0.2215561241881457
248560,0.37411428909058675
248561,0.08795524063612109
248562,0.39599856377345793
248563,0.5640325241681476
248564,0.059157989464642007
248565,0.7366205953068117
248566,0.003617836479245163
248567,0.43721735652505894
248568,0.4663373041664205
248569,0.40801105349034866
248570,0.1324009980865463
248571,0.06844801178069365
248572,0.6699133264552021
248573,0.3441762377227628
248574,0.07701992082573934
248575,0.1259743388131133
248576,0.4211325282586662
248577,0.4921530217570141
248578,0.5624508569636535
248579,0.23236418341885548
248580,0.6692043032256012
248581,0.666536376073193
248582,0.18441876002745194
248583,0.5704819085450935
248584,0.5145826989241936
248585,0.7529372196290355
248586,0.8297298894196464
248587,0.01884365583285232
248588,0.07692902041168796
248589,0.7977465787356662
248590,0.32251921407502004
248591,0.921202976079556
248592,0.17946014244094882
248593,0.11562532667336299
248594,0.27522372864408395
248595,0.7595956749582994
248596,0.679748751255562
248597,0.2940582944355311
248598,0.18658218988187492
248599,0.3519345880620486
248600,0.811308920512133
248601,0.7136455156553239
248602,0.9480231432454175
248603,0.3612836956472336
248604,0.4981842642293235
248605,0.4742229150853782
248606,0.3430536176092282
248607,0.756814122288327
248608,0.8735029838060913
248609,0.9389331018402789
248610,0.032805959431145205
248611,0.08367383113430081
248612,0.7687584366946791
248613,0.7144181691747606
248614,0.7720217615591239
248615,0.3068616177546688
248616,0.9102267510828511
248617,0.35993836951927316
248618,0.8500870371464542
248619,0.3565477840751564
248620,0.8346248767163135
248621,0.05815808491007676
248622,0.6137641406956609
248623,0.011076215452161383
248624,0.7808572818049186
248625,0.3505392667063598
248626,0.3685239136264265
248627,0.6595779493775595
248628,0.10424913985483203
248629,0.5325809809063681
248630,0.3337681403138791
248631,0.7151862776734949
248632,0.15045382031715154
248633,0.8374382445312039
248634,0.19424054976570418
248635,0.6864708368746619
248636,0.27657359979274704
248637,0.19831743333590887
248638,0.6963835270269656
248639,0.5833852223196877
248640,0.022652383181605392
248641,0.16664772908040598
248642,0.38214534067202677
248643,0.5650596988469282
248644,0.9183168879334245
248645,0.7309120493043847
248646,0.08720985724089973
248647,0.040859736116098014
248648,0.7670631439726209
248649,0.732280100535858
248650,0.7334845310220388
248651,0.3288231577894837
248652,0.6200453593066116
248653,0.016230268928874973
248654,0.004217779211984311
248655,0.7842342321869277
248656,0.3414946755082469
248657,0.19528135950659256
248658,0.7562687198040188
248659,0.7006831166115962
248660,0.2832820503497393
248661,0.39622581480858643
248662,0.46591007222037895
248663,0.5818808204671373
248664,0.12400634484890077
248665,0.4922302871089577
248666,0.9087632544166239
248667,0.4316088009780884
248668,0.3733870857781757
248669,0.8339249435281179
248670,0.09418191899864102
248671,0.6450020679844197
248672,0.9021729743978985
248673,0.4446166502288418
248674,0.8375200549038501
248675,0.14172283554751594
248676,0.43379495593602424
248677,0.6013289640534313
248678,0.782711650251567
248679,0.14771771785420482
248680,0.13081024084064702
248681,0.2743283595656778
248682,0.5946659637034647
248683,0.5447752714513615
248684,0.03766004154148922
248685,0.4310315833488621
248686,0.6575145099785931
248687,0.6974152467264488
248688,0.0853645788356566
248689,0.15777130364828812
248690,0.2656064648374473
248691,0.6964289772339913
248692,0.6238359065725545
248693,0.01922089255116557
248694,0.7534099017821025
248695,0.9187895700864918
248696,0.0989405556742311
248697,0.131791965312402
248698,0.5167234036751037
248699,0.0853645788356566
248700,0.5425027611000768
248701,0.6611777966648639
248702,0.16869298839656216
248703,0.5714636330168484
248704,0.27257398157448604
248705,0.6400616304807268
248706,0.2698424241322419
248707,0.8996004926802442
248708,0.5522563755277905
248709,0.028029142672744874
248710,0.6771671794965026
248711,0.5425573013485077
248712,0.4236050195208639
248713,0.2619977183996073
248714,0.29815335808854604
248715,0.8216488426104781
248716,0.6386981242699561
248717,0.3690693161107349
248718,0.49707982419859925
248719,0.43657650860599667
248720,0.08420105353579885
248721,0.07087050781516309
248722,0.9666395480431414
248723,0.6467155407892883
248724,0.5093513800955364
248725,0.29637170997313894
248726,0.9304975434163103
248727,0.4498706941610119
248728,0.39383513391903496
248729,0.7348889424191328
248730,0.35968839338063185
248731,0.7438562682653019
248732,0.05057699037819117
248733,0.5511064852900406
248734,0.0937137818662764
248735,0.6649138036823758
248736,0.574781498129724
248737,0.4373037119184078
248738,0.737102367501284
248739,0.7857568141222883
248740,0.19213166015971203
248741,0.11614800405415847
248742,0.5408847337299623
248743,0.3427127410565355
248744,0.9248480826830167
248745,0.27118320523949985
248746,0.8825293949213939
248747,0.3225873893855586
248748,0.36098372428086406
248749,0.49745251589620987
248750,0.9892373909763159
248751,0.10898959644761182
248752,0.8227941878275256
248753,0.961926361574577
248754,0.19757659496139005
248755,0.2605796719404057
248756,0.4226596552147295
248757,0.6099872284918259
248758,0.19692665700092266
248759,0.5449207121138437
248760,0.9986092236650138
248761,0.7388476554510706
248762,0.32164657010012676
248763,0.27026056603687826
248764,0.6007381113620972
248765,0.5208048322660109
248766,0.6432885951795511
248767,0.7537235082105799
248768,0.8859745206139414
248769,0.7377932106480746
248770,0.36506060785106875
248771,0.46904613650515176
248772,0.6095827216492972
248773,0.7333481804009618
248774,0.3110566718631403
248775,0.9121992900677663
248776,0.5187504829084497
248777,0.9243072252194109
248778,0.015430345285222772
248779,0.4188372928038687
248780,0.40569763795274083
248781,0.640588852882225
248782,0.7665404665918253
248783,0.03252871316828848
248784,0.45603828725439843
248785,0.18125997063916627
248786,0.48165856895478154
248787,0.21957449516182545
248788,0.7902336595143191
248789,0.2920175801400775
248790,0.13759141172888043
248791,0.26521559305702636
248792,0.6521832006944792
248793,0.02175246908249667
248794,0.5742133705419028
248795,0.8763436217451971
248796,0.6574463346680545
248797,0.29968957508601446
248798,0.5590011862504034
248799,0.5106785261406867
248800,0.5663323046436477
248801,0.4823448670808695
248802,0.43253144018071
248803,0.8393017030192572
248804,0.47667268124406303
248805,0.041386958517596044
248806,0.654105744451666
248807,0.7054053931215657
248808,0.5066879979638307
248809,0.6031878775207822
248810,0.9665304675462797
248811,0.799110084946437
248812,0.8316524331768331
248813,0.5608782798005645
248814,0.6151231018857292
248815,0.6304170965498749
248816,0.5139645761086442
248817,0.208034687598002
248818,0.6256039196258539
248819,0.6560510133123656
248820,0.5826943791728972
248821,0.08345567014057749
248822,0.9451416001199886
248823,0.3421173433444989
248824,0.4823903172878952
248825,0.28942237331891046
248826,0.09896328077774394
248827,0.0612032487807982
248828,0.3180514587243945
248829,0.8843292231196114
248830,0.08482372137205085
248831,0.13527799619127268
248832,0.4800269065225592
248833,0.9190031860595125
248834,0.45012976034105834
248835,0.9370514632694152
248836,0.6490153212647883
248837,0.879952368183037
248838,0.7729125856168275
248839,0.6110780334604424
248840,0.1800100899459597
248841,0.5510837601865277
248842,0.983801546216043
248843,0.9527817799210075
248844,0.20269883329318564
248845,0.7508146949609356
248846,0.4176374073383904
248847,0.07192949763886174
248848,0.34369901054899304
248849,0.6946836892842047
248850,0.18880015998472874
248851,0.8253075842760463
248852,0.15514428168220307
248853,0.44585289585994065
248854,0.45334308997777484
248855,0.7773303457397249
248856,0.41377413974120647
248857,0.8315069925143509
248858,0.03109248662627658
248859,0.448466282763918
248860,0.06291672158566682
248861,0.6967607637452788
248862,0.9929370378282074
248863,0.012635157553142654
248864,0.09415919389512818
248865,0.7981238154539794
248866,0.8718395062289509
248867,0.003622381499947732
248868,0.12488353384449666
248869,0.5141918271437728
248870,0.9790065493748324
248871,0.25898436967380384
248872,0.9963367133137292
248873,0.9134446257402702
248874,0.2267783529753978
248875,0.8523913626426569
248876,0.12736966016880208
248877,0.039341699201439866
248878,0.8726485199140083
248879,0.17746942337322347
248880,0.17698310615804858
248881,0.6866844528476828
248882,0.5386304034614878
248883,0.47504556383254326
248884,0.6695497247989965
248885,0.4357447698174265
248886,0.9298294253730326
248887,0.12498352429995317
248888,0.41829643534026295
248889,0.05561287331663796
248890,0.6758945736997832
248891,0.07937878657037283
248892,0.19857195449525272
248893,0.09170942773644333
248894,0.5036382890724067
248895,0.6330804786815805
248896,0.7866976334077203
248897,0.020175346898705124
248898,0.7328891333100023
248899,0.26090691343099065
248900,0.8085137327800528
248901,0.11536626049331654
248902,0.600719931279287
248903,0.6026697451606893
248904,0.9696347166861345
248905,0.6571145481567668
248906,0.9903009258207172
248907,0.2043214056840029
248908,0.8279073361179161
248909,0.40493861949541177
248910,0.8054640238886288
248911,0.2769735616145731
248912,0.6657909926779717
248913,0.5301266697269806
248914,0.6631957858568046
248915,0.8751164661555034
248916,0.36296535330718427
248917,0.8570500088627904
248918,0.1606619368151222
248919,0.6881206793896947
248920,0.49504819994455074
248921,0.9754114379991001
248922,0.5284268319842197
248923,0.21566577735761586
248924,0.34117652405906707
248925,0.9629353561705474
248926,0.5327173315274452
248927,0.9906054422077893
248928,0.9112448357202267
248929,0.2943491757604956
248930,0.6924793542434586
248931,0.44000345421573395
248932,0.6577599410965317
248933,0.6174456074647421
248934,0.9190713613700511
248935,0.9068952509078678
248936,0.1749196667590821
248937,0.8280164166147777
248938,0.38411333463623926
248939,0.39633035028474556
248940,0.8699942278237077
248941,0.05748542184609651
248942,0.10525813445080241
248943,0.816131187477559
248944,0.2679789656441885
248945,0.3728825884801905
248946,0.5134055385622281
248947,0.8097772485353671
248948,0.249285295494521
248949,0.45332490989496455
248950,0.04168692988396562
248951,0.368455738315888
248952,0.9038637220992543
248953,0.7922243785820444
248954,0.47274578335704315
248955,0.048708986869435186
248956,0.08704623649560723
248957,0.8791206293944669
248958,0.9206121233882221
248959,0.8419196349439373
248960,0.2883315683502938
248961,0.50385645006613
248962,0.5981065443753096
248963,0.8272164929711255
248964,0.7904927256943655
248965,0.6831938769481095
248966,0.15584421487039873
248967,0.04404125060789652
248968,0.3942850909685893
248969,0.8595043200421779
248970,0.303134700778562
248971,0.5598556501424864
248972,0.4487707991509901
248973,0.5272678517050646
248974,0.2622067893519255
248975,0.04554110743974439
248976,0.6071511355734225
248977,0.7684948254939301
248978,0.8666081874002937
248979,0.2257602683380223
248980,0.861285968157585
248981,0.6132596433976758
248982,0.15645324764454305
248983,0.6759536589689167
248984,0.2501761195522245
248985,0.627090141395594
248986,0.16898841474222917
248987,0.8349157580412778
248988,0.3545297948832157
248989,0.77208539184896
248990,0.7104685461842278
248991,0.38134087200767197
248992,0.21110712159293887
248993,0.6135050745156144
248994,0.19690847691811236
248995,0.8537639588948328
248996,0.2572708968689352
248997,0.08454193008849155
248998,0.9933279096086283
248999,0.3180423686829893
249000,0.5028610905322675
249001,0.19598129269478823
249002,0.7548688534276273
249003,0.011485267315392622
249004,0.8328432286009062
249005,0.08606451202385226
249006,0.1965948704896351
249007,0.6108598724667191
249008,0.4995386803986892
249009,0.9263524845355671
249010,0.8139450325196231
249011,0.9127265124692643
249012,0.901027629180851
249013,0.09254116652501351
249014,0.4983115248089955
249015,0.5054335722499217
249016,0.8656810031769695
249017,0.2124206325759814
249018,0.9160216524786271
249019,0.10411278923375496
249020,0.05273587521191159
249021,0.5051290558628495
249022,0.8119497684311952
249023,0.4662827639179896
249024,0.7721853823044165
249025,0.5177778484780998
249026,0.1499129628535458
249027,0.32018761845460203
249028,0.03312411088032506
249029,0.4565200594488708
249030,0.3083569295658141
249031,0.08960962817185632
249032,0.042641384231505174
249033,0.8788024779452871
249034,0.5861667749896601
249035,0.905227228310025
249036,0.028697260716022563
249037,0.4900350421096168
249038,0.9953731689247846
249039,0.3772730784788725
249040,0.7272623976802215
249041,0.3847087323482758
249042,0.06901159434781225
249043,0.09614536794215098
249044,0.5391121756559601
249045,0.8491780330059403
249046,0.9924325405302221
249047,0.921425682093982
249048,0.788061139618491
249049,0.9587584821448862
249050,0.9574904213688694
249051,0.8558273982937993
249052,0.24892623885901802
249053,0.4700551311011221
249054,0.9462096799850923
249055,0.3367587639361697
249056,0.6628912694697324
249057,0.4467073597520237
249058,0.9785611373459807
249059,0.6976288626994697
249060,0.2675562787188495
249061,0.6338485871803147
249062,0.1728789524636285
249063,0.9302384772362638
249064,0.05878075274632876
249065,0.7058917103367406
249066,0.9897418882743012
249067,0.04732275555515156
249068,0.06775262361320056
249069,0.37542325505292673
249070,0.9823380495498157
249071,0.07282032169656531
249072,0.6150094763681649
249073,0.16392980670026952
249074,0.0990132760054722
249075,0.03150153848950782
249076,0.6285127328754982
249077,0.16432522350139306
249078,0.09042773189831879
249079,0.9435508428740893
249080,0.9312111116666137
249081,0.8998777389431009
249082,0.3927534189918235
249083,0.3893946486926248
249084,0.36733311820235337
249085,0.021616118461419594
249086,0.5170597352070939
249087,0.0019361788192945218
249088,0.8733529981229065
249089,0.9237754577972103
249090,0.75126465201049
249091,0.08909149581176341
249092,0.3217192904313679
249093,0.34998931920134896
249094,0.8790706341667387
249095,0.4751591893501075
249096,0.1271560441957813
249097,0.07326573372541711
249098,0.8393062480399599
249099,0.03468305298130633
249100,0.4680325968884788
249101,0.3469032501443044
249102,0.7639543498120634
249103,0.431317919653124
249104,0.1603665104694552
249105,0.03197422064257503
249106,0.10015862122251967
249107,0.317465151053763
249108,0.49121220247158226
249109,0.9407238399970912
249110,0.02507487921607483
249111,0.7055008385563196
249112,0.28811795237727306
249113,0.04518205080424142
249114,0.9166079601492585
249115,0.32714604515023565
249116,0.9783475213729599
249117,0.2758009462733102
249118,0.7427109230482545
249119,0.8829657169088405
249120,0.27156953199921824
249121,0.09393648788070229
249122,0.6078828839065362
249123,0.17551960949182124
249124,0.19335427072870318
249125,0.2514123651833234
249126,0.8675899118720486
249127,0.01337145090695888
249128,0.7904336404252321
249129,0.33808590998131993
249130,0.7257307257034555
249131,0.14840856100099536
249132,0.8273846587371206
249133,0.9006094872762146
249134,0.7250853327636907
249135,0.6752128205943979
249136,0.9793610609896328
249137,0.32779598311070307
249138,0.5557196813031484
249139,0.8683716554328905
249140,0.5502929265842806
249141,0.07952422723285504
249142,0.8045595647688175
249143,0.19023184150603806
249144,0.8857381795374079
249145,0.8230759791110849
249146,0.5165052426813804
249147,0.38672672154021664
249148,0.3378722940082992
249149,0.4970252839501684
249150,0.0026724721731107488
249151,0.6973425263952078
249152,0.5290994950482
249153,0.46350575626871976
249154,0.2754327995964021
249155,0.15805763995254998
249156,0.7863885719999455
249157,0.8923557296803487
249158,0.9217165634189465
249159,0.34571245472023127
249160,0.03899173260734203
249161,0.17034737593229737
249162,0.9875193731507447
249163,0.26483381131801054
249164,0.8850018861835915
249165,0.3788047504556383
249166,0.6127006058512596
249167,0.9814881306784352
249168,0.5197049372559892
249169,0.710573081660387
249170,0.9805427663723009
249171,0.9558951191022675
249172,0.1778057549052136
249173,0.7850886960790107
249174,0.6459474322905542
249175,0.9718390517268806
249176,0.8686579917371523
249177,0.42340049358924825
249178,0.1538489507819708
249179,0.3555160643756732
249180,0.7928288663354862
249181,0.33524981706291673
249182,0.5203776003199695
249183,0.8125269860604215
249184,0.5614782225333036
249185,0.9972048122679199
249186,0.9635262088618815
249187,0.22691015857577232
249188,0.1271424091336736
249189,0.37640043450397914
249190,0.26589280114170916
249191,0.023829543543570843
249192,0.20757564050704252
249193,0.4724639920734839
249194,0.667254489344199
249195,0.581599029183578
249196,0.8209398193808773
249197,0.8206034878488871
249198,0.3633334999840924
249199,0.3555615145826989
249200,0.29582630748883054
249201,0.5173006213043301
249202,0.3457715399893646
249203,0.8782661655023839
249204,0.2642338685852714
249205,0.3184605105876257
249206,0.8226260220615306
249207,0.7851159662032261
249208,0.15415346716904296
249209,0.6823075979111085
249210,0.8770480999540953
249211,0.9107403384222416
249212,0.2947082323959985
249213,0.023202330686616278
249214,0.1688611541625572
249215,0.3206693906490744
249216,0.8873016666590916
249217,0.5520291244926621
249218,0.26068875243726736
249219,0.7438699033274097
249220,0.468537094186464
249221,0.9355107012512442
249222,0.6812304280045997
249223,0.005435844760272883
249224,0.31557896746219677
249225,0.3269051590529995
249226,0.9927688720622123
249227,0.12085664550202024
249228,0.4607014784952345
249229,0.027183768822066984
249230,0.5689047863613019
249231,0.5540152985396848
249232,0.028747255943750823
249233,0.15025383940623852
249234,0.9200212706968881
249235,0.853813954122561
249236,0.9821244335767949
249237,0.9544179873739326
249238,0.28253666695451796
249239,0.5605692183927898
249240,0.3835315719863104
249241,0.844233050481545
249242,0.9360151985492294
249243,0.7459015275814582
249244,0.7440698842383228
249245,0.4852264102062985
249246,0.5275814581335417
249247,0.5738043186786717
249248,0.3409583630653437
249249,0.615609419100904
249250,0.42601842551392816
249251,0.8852336822394226
249252,0.5468977961194613
249253,0.057358161266424575
249254,0.7942423677739852
249255,0.690015953022666
249256,0.038032733239099906
249257,0.9153126292490262
249258,0.7981192704332769
249259,0.4061066898159721
249260,0.9094904577290349
249261,0.45237500056812757
249262,0.9619218165538744
249263,0.09984955981474494
249264,0.6009653623972258
249265,0.30743883538389516
249266,0.8081774012480627
249267,0.9238890833147745
249268,0.8292617522872817
249269,0.9399375514155468
249270,0.7537189631898774
249271,0.7238627221946997
249272,0.6954745228864517
249273,0.4412487898882379
249274,0.2680744110789425
249275,0.01578031187932061
249276,0.6815440344330769
249277,0.7925470750519269
249278,0.5914617241081533
249279,0.8311706609823608
249280,0.5909572268101682
249281,0.08657355434254002
249282,0.23628199126447022
249283,0.5646688270665073
249284,0.8319024093154744
249285,0.2743874448348112
249286,0.7684357402247968
249287,0.9159034819403602
249288,0.5499065998245622
249289,0.6738584044250322
249290,0.38646765536017014
249291,0.5161916362529031
249292,0.4083746551465542
249293,0.13897764304316407
249294,0.7453106748901241
249295,0.015871212293371996
249296,0.1643752187291213
249297,0.5964203416946564
249298,0.9235936569691074
249299,0.7212856954563428
249300,0.6496198090182301
249301,0.9341062898541503
249302,0.8388244758454875
249303,0.29257661768649357
249304,0.9517000649937961
249305,0.7589411919771295
249306,0.993373359815654
249307,0.7412110662164066
249308,0.2951854595697683
249309,0.2639157171360915
249310,0.9966866799078271
249311,0.9786565827807345
249312,0.8581180887278942
249313,0.588162039078088
249314,0.5000840828829975
249315,0.9516500697660678
249316,0.3623426854709323
249317,0.619090904959072
249318,0.18809113675512792
249319,0.8231896046286491
249320,0.2942310052222288
249321,0.07924698096999831
249322,0.2896041741470132
249323,0.5690138668581636
249324,0.9171851777784849
249325,0.10285836351984583
249326,0.07921516582508033
249327,0.745756086918976
249328,0.33729053135837034
249329,0.6378254802950628
249330,0.12376091373096204
249331,0.2305552651792329
249332,0.688370655528336
249333,0.792724330859327
249334,0.18068275300993997
249335,0.38061821371596344
249336,0.026320214888578816
249337,0.9982183518845928
249338,0.578517505147236
249339,0.7683266597279351
249340,0.862235877484422
249341,0.7598047459106176
249342,0.4500024997613864
249343,0.2515396257629953
249344,0.9607991964403398
249345,0.42651383277050825
249346,0.29578994732321
249347,0.3243690375009658
249348,0.062003172424450394
249349,0.3502711104849082
249350,0.04911803873266643
249351,0.33087750714704506
249352,0.6562918994096019
249353,0.1263288504279137
249354,0.3895900845828352
249355,0.770585535017112
249356,0.838924466300944
249357,0.660277882565755
249358,0.5528154130742067
249359,0.9730298471509539
249360,0.8962599024638558
249361,0.5211366187772987
249362,0.9541180160075629
249363,0.924539021275242
249364,0.27594184191508986
249365,0.15927570550083855
249366,0.5238499961367324
249367,0.793569704710005
249368,0.8165084241958723
249369,0.4542748192218015
249370,0.9349198485599103
249371,0.8210125397121184
249372,0.6359847469105222
249373,0.6589098313342818
249374,0.8770435549333928
249375,0.37083278414333176
249376,0.4227141954631603
249377,0.786456747310484
249378,0.6405434026751993
249379,0.46406024879443325
249380,0.5597920198526504
249381,0.7120320333059117
249382,0.6537966830438913
249383,0.32988214761318235
249384,0.7586912158384882
249385,0.9852377727580549
249386,0.38542684561928175
249387,0.30605260406961154
249388,0.3432899586857618
249389,0.7580594579608311
249390,0.35007112957399517
249391,0.1384686007244763
249392,0.09138218624585835
249393,0.8141495584512387
249394,0.05112239286249949
249395,0.5862576754037114
249396,0.33161834552156383
249397,0.21420228069138855
249398,0.07176587689356925
249399,0.6903659196167639
249400,0.3104158239440781
249401,0.542711832052395
249402,0.3449625263043073
249403,0.8666172774416987
249404,0.5570786424932166
249405,0.2509351380095536
249406,0.5551515537153272
249407,0.4279818744574381
249408,0.03570113761868186
249409,0.3441626026606551
249410,0.36806486653546705
249411,0.9865785538653128
249412,0.9779884647374569
249413,0.6285354579790111
249414,0.010803514210007227
249415,0.1565895982656201
249416,0.10600351784602378
249417,0.9564950618350067
249418,0.03503301957540417
249419,0.6742174610605352
249420,0.4274910122215606
249421,0.9466187318483236
249422,0.39115811672522166
249423,0.5687366205953068
249424,0.5891846687361662
249425,0.8930965680548675
249426,0.8538003190604533
249427,0.5388303843724008
249428,0.13433263188513825
249429,0.7979965548743075
249430,0.4407851977765758
249431,0.9660896005381305
249432,0.6521468405288586
249433,0.2965171506356211
249434,0.09046863708464192
249435,0.6832893223828634
249436,0.27976420432595067
249437,0.6862481308602362
249438,0.5350898323341863
249439,0.6882661200521769
249440,0.6984560564673372
249441,0.9137855022929631
249442,0.33719508592361636
249443,0.649356197817481
249444,0.2273737506874344
249445,0.7846478290708615
249446,0.13969121129346745
249447,0.14145922434676692
249448,0.8677580776380437
249449,0.03632380545493385
249450,0.10177664859263433
249451,0.1056444612105208
249452,0.9965003340590216
249453,0.7300394053294913
249454,0.5978474781952632
249455,0.34004481390412733
249456,0.29446734629876237
249457,0.6078192536167002
249458,0.6122370137395976
249459,0.4362492671154117
249460,0.5671095031837871
249461,0.6029015412165203
249462,0.497493421082533
249463,0.13725962521759286
249464,0.6238313615518519
249465,0.8358656673681149
249466,0.5117693311093032
249467,0.6829484458301708
249468,0.03357861295058199
249469,0.1944587107594275
249470,0.46596461246880977
249471,0.6438839928915876
249472,0.7808254666600006
249473,0.14685416392071668
249474,0.8844246685543653
249475,0.5574604242322324
249476,0.04467300848555365
249477,0.12861045082060352
249478,0.05119965821444317
249479,0.1653251280559583
249480,0.24036796487608
249481,0.546775080560492
249482,0.4895941751014676
249483,0.9508819612673336
249484,0.5787447561823644
249485,0.017643770367374027
249486,0.5734634421259789
249487,0.622658746210589
249488,0.8990187300303153
249489,0.6445566559555679
249490,0.22815094922757373
249491,0.2902768372109935
249492,0.26290672254012115
249493,0.3301457588139314
249494,0.47150953772594434
249495,0.5946432385999518
249496,0.5130328468646175
249497,0.28032324187236674
249498,0.6866617277441699
249499,0.20715749860240615
249500,0.5329173124383582
249501,0.6672317642406861
249502,0.22666927247853613
249503,0.2901859367969421
249504,0.823053254007572
249505,0.07481104076429068
249506,0.7777984828720895
249507,0.03517391521718381
249508,0.8026824712186564
249509,0.46069238845382937
249510,0.35430254384808724
249511,0.5841851459633398
249512,0.37979101994809583
249513,0.9041136982378956
249514,0.8479872375818672
249515,0.5995791310829421
249516,0.7087141681930362
249517,0.3432126933338181
249518,0.9258707123410947
249519,0.12046122870089672
249520,0.9882829366287764
249521,0.48950781970811874
249522,0.7184314224551293
249523,0.6616368437558233
249524,0.028801796192181654
249525,0.7495920843919444
249526,0.3080887733443626
249527,0.5275314629058135
249528,0.7622590570900051
249529,0.6766126869707891
249530,0.47635907481558576
249531,0.8271846778262075
249532,0.9491003131519263
249533,0.4754500706750719
249534,0.339794837765486
249535,0.46889615082196695
249536,0.3128474100199526
249537,0.43809909054135737
249538,0.25877529872148564
249539,0.17763304411851596
249540,0.3819180896368983
249541,0.46447839069906965
249542,0.14489980501861188
249543,0.01600301789374651
249544,0.9688302480217797
249545,0.44454392989760066
249546,0.058812567891246746
249547,0.2778371155480613
249548,0.5394666872707605
249549,0.4329359470232387
249550,0.6893432899586858
249551,0.14654510251294195
249552,0.005590375464160239
249553,0.8551365551470087
249554,0.0861326873343908
249555,0.13571431817871932
249556,0.8032596888478827
249557,0.09380013725962522
249558,0.19434963026256585
249559,0.15667140863826637
249560,0.021388867426291126
249561,0.38364519750387466
249562,0.4804495934478981
249563,0.7105276314533614
249564,0.19189531908317842
249565,0.3325273496620777
249566,0.5137145999700028
249567,0.7726035242090529
249568,0.6082010353557161
249569,0.9577494875489159
249570,0.5410801696201727
249571,0.08541002904268229
249572,0.5295812672426723
249573,0.12959217529235845
249574,0.5490930411188023
249575,0.6580553674421987
249576,0.2940582944355311
249577,0.8754937028738167
249578,0.14115470795969476
249579,0.461783193422446
249580,0.7297394339631217
249581,0.641020629848969
249582,0.5069334290817695
249583,0.056799123720008546
249584,0.15704410033587704
249585,0.20478499779566497
249586,0.41786011335281625
249587,0.6725130782970716
249588,0.164747910426732
249589,0.47860886006335757
249590,0.7531871957676768
249591,0.7315710773062571
249592,0.45012521532035576
249593,0.7709945868803433
249594,0.9749387558460328
249595,0.46883706555283355
249596,0.08985505928979505
249597,0.777371250926048
249598,0.6145640643393131
249599,0.6001972538984915
249600,0.7726762445402939
249601,0.17902836547420475
249602,0.017825571195476796
249603,0.8803296049013504
249604,0.24153149017593775
249605,0.5210957135909754
249606,0.7819435417528328
249607,0.6902704741820099
249608,0.9244617559232983
249609,0.4661236881933997
249610,0.27393294276455427
249611,0.9057499056908204
249612,0.8108635084832811
249613,0.46468746165138775
249614,0.8496279900554947
249615,0.9570586444021253
249616,0.5479158807568368
249617,0.4970570990950864
249618,0.22258784388762892
249619,0.7078960644665736
249620,0.8768163038982644
249621,0.4629103585566832
249622,0.3767685811808873
249623,0.7475968203035165
249624,0.12994668690715885
249625,0.38984915076288174
249626,0.8348248576272265
249627,0.8494052840410689
249628,0.022511487539825743
249629,0.25396212179746475
249630,0.10132214652237741
249631,0.6878161630026225
249632,0.8644129424009527
249633,0.5784311497538871
249634,0.4167329482185791
249635,0.3271369551088305
249636,0.8331613800500861
249637,0.3810863508483281
249638,0.020884370128305935
249639,0.6045968339385787
249640,0.23122792824321317
249641,0.5936115189004686
249642,0.8633584975979566
249643,0.656796396707587
249644,0.14477254443893994
249645,0.11968403016075738
249646,0.21394775953204467
249647,0.22070166029606264
249648,0.018039187168497554
249649,0.2280827739170352
249650,0.4681371323646379
249651,0.5549652078665218
249652,0.48290390462728555
249653,0.2778098454238459
249654,0.1959085723635471
249655,0.32149203939623944
249656,0.5092332095572696
249657,0.5966839528954055
249658,0.5209048227214675
249659,0.8746892342094619
249660,0.06210316287990692
249661,0.6906431658796207
249662,0.8485371850868781
249663,0.17694674599242802
249664,0.051845051154208004
249665,0.7426336576963108
249666,0.7163270778698396
249667,0.1089759613855041
249668,0.841056081010449
249669,0.6427341026538376
249670,0.46441476040923363
249671,0.24243594929574905
249672,0.13662786733993573
249673,0.2296371709973139
249674,0.2654746592370728
249675,0.04017798301071261
249676,0.6145504292772054
249677,0.8292072120388508
249678,0.6312715604419578
249679,0.897323437308257
249680,0.2888633357724944
249681,0.17067916244358494
249682,0.7469650624258595
249683,0.3715327173315274
249684,0.44607105685366394
249685,0.7892973852495898
249686,0.6971425454842947
249687,0.22196517605137692
249688,0.1265651915044473
249689,0.936674226551102
249690,0.7074370173756142
249691,0.654296635321174
249692,0.6582053531253835
249693,0.5901073079387877
249694,0.40946546011517077
249695,0.10273110294017389
249696,0.959267524463574
249697,0.9530226660182438
249698,0.3042527758713941
249699,0.7098595134100837
249700,0.16607051145117968
249701,0.8025324855354716
249702,0.3244144877079915
249703,0.9747296848937148
249704,0.6909522272873954
249705,0.042836820121715656
249706,0.22046531921952905
249707,0.6504924529931234
249708,0.032496898023370496
249709,0.8904831811508902
249710,0.462342230968862
249711,0.2533076388162948
249712,0.47004149603901446
249713,0.11952949945687001
249714,0.8330977497602502
249715,0.8620722567391295
249716,0.6480199617309258
249717,0.8695897209811791
249718,0.4925620736202453
249719,0.01598483781093623
249720,0.22765554197099366
249721,0.1039718935919753
249722,0.6569509274114744
249723,0.3176742220060812
249724,0.7307893337454152
249725,0.6232586889433281
249726,0.717917835115739
249727,0.3128019598129269
249728,0.028615450343376314
249729,0.11684793724235414
249730,0.29354925211684335
249731,0.8895923570931865
249732,0.134546247858159
249733,0.7707673358452147
249734,0.3469759704755455
249735,0.045582012626067515
249736,0.33705873530253927
249737,0.8467509919507684
249738,0.9630671617709219
249739,0.06983878811567987
249740,0.9639079906008972
249741,0.05937615045836534
249742,0.6692270283291141
249743,0.515887119865831
249744,0.4038569045682003
249745,0.8985869530635712
249746,0.46806895705409934
249747,0.19854013935033474
249748,0.5677094459165262
249749,0.7582639838924466
249750,0.9027956422341504
249751,0.6738265892801142
249752,0.22142431858777117
249753,0.8740938364974252
249754,0.8722758282163976
249755,0.10666254584789633
249756,0.03524663554842492
249757,0.787565732361911
249758,0.3052390453638516
249759,0.9234891214929484
249760,0.5328309570450094
249761,0.33700419505410845
249762,0.826325668913422
249763,0.1364597015739407
249764,0.010798969189304657
249765,0.2960217433790411
249766,0.5722044713913672
249767,0.258107180678208
249768,0.9607037510055859
249769,0.7072824866717268
249770,0.31281559487503463
249771,0.511192113480077
249772,0.28643174969661983
249773,0.020029906236222906
249774,0.2886906249857968
249775,0.2916630685252771
249776,0.5802991532626431
249777,0.6411660705114512
249778,0.2021170706432568
249779,0.6151003767822163
249780,0.6090600442685017
249781,0.6601324419032729
249782,0.19178623858631677
249783,0.45565650551538256
249784,0.16528422286963518
249785,0.885906345303403
249786,0.018898196081283153
249787,0.4634012207925607
249788,0.7352752691788511
249789,0.27710991223565024
249790,0.4481163161698201
249791,0.07292485717272441
249792,0.5416346621458862
249793,0.40260702387499375
249794,0.8998959190259113
249795,0.29928506824348583
249796,0.1890592261647752
249797,0.08695988110225841
249798,0.5864394762318142
249799,0.477358979370151
249800,0.28511823871357733
249801,0.8064457483603839
249802,0.11586166774989659
249803,0.8673944759818382
249804,0.2661973175287813
249805,0.8452465900982179
249806,0.9384922348321296
249807,0.13954577063098522
249808,0.7355479704210053
249809,0.7122547393203377
249810,0.5350034769408375
249811,0.5741588302934719
249812,0.41358324887169856
249813,0.8467737170542812
249814,0.04945437026465656
249815,0.42505033610428095
249816,0.03846451020584399
249817,0.008944600742656383
249818,0.9034274001118076
249819,0.41175615054926573
249820,0.41732380090991317
249821,0.6552056394616877
249822,0.027492830229841697
249823,0.45832443266779077
249824,0.6693042936810577
249825,0.11116666136414251
249826,0.1459769749251208
249827,0.4967707627908245
249828,0.545688820612578
249829,0.5370078310706705
249830,0.2440267065416483
249831,0.1233064116607051
249832,0.5312174746955972
249833,0.2910858508960508
249834,0.8288617904654556
249835,0.5396075829125402
249836,0.2503442853182196
249837,0.24580835465705547
249838,0.6107462469491549
249839,0.08378745665186504
249840,0.496016289354198
249841,0.6230087128046868
249842,0.8463510301289423
249843,0.6547056871844052
249844,0.7510873962030897
249845,0.23562750828330023
249846,0.8021097986101328
249847,0.7199130992041669
249848,0.7229809881784012
249849,0.32174201553488074
249850,0.2614159557496784
249851,0.43804000527222403
249852,0.5711000313606428
249853,0.23247326391571713
249854,0.6085510019498139
249855,0.32245558378518413
249856,0.08572363547115956
249857,0.9316701587575732
249858,0.2155112466537285
249859,0.5198367428563637
249860,0.6566373209829971
249861,0.29633989482822093
249862,0.013735052563164424
249863,0.41208793706055324
249864,0.8973779775566878
249865,0.7324982615295813
249866,0.2535212547893156
249867,0.29553088114316356
249868,0.8789751887319847
249869,0.8267119956731402
249870,0.5565741451952314
249871,0.671190477272624
249872,0.24831720608487373
249873,0.05832170565536926
249874,0.8004690461365052
249875,0.1410410824421305
249876,0.5238499961367324
249877,0.818494598242895
249878,0.8027506465291949
249879,0.114084564655192
249880,0.3902036623776821
249881,0.08552365456024652
249882,0.011703428309115948
249883,0.1902136614232278
249884,0.5457751760059267
249885,0.48792615250362464
249886,0.07572004490480454
249887,0.3284095609055499
249888,0.5583467032692334
249889,0.7556187818435512
249890,0.6892387544825267
249891,0.5967657632680518
249892,0.5141554669781521
249893,0.2375727771439999
249894,0.37410519904918166
249895,0.8439421691565805
249896,0.7150226569282023
249897,0.832984124242686
249898,0.24512660155167007
249899,0.322741920089446
249900,0.23593202467037236
249901,0.7565686911703883
249902,0.7890246840074356
249903,0.12160657391794419
249904,0.695229091768513
249905,0.6772444448484464
249906,0.48523095522700105
249907,0.36229269024320404
249908,0.5655960112898315
249909,0.20618940919275888
249910,0.7996236722858272
249911,0.29716254357538596
249912,0.3301048536276082
249913,0.11687066234586697
249914,0.8309206848437195
249915,0.5423891355825126
249916,0.7882793006122143
249917,0.07842887724353584
249918,0.6778398425604829
249919,0.18835474795587695
249920,0.4692188472918494
249921,0.31941496493516525
249922,0.027451925043518576
249923,0.3080978633857677
249924,0.3782184427850069
249925,0.6944655282904814
249926,0.6093691056762763
249927,0.3319364969707437
249928,0.8861745015248546
249929,0.4591652614977661
249930,0.29350834693052025
249931,0.9893328364110698
249932,0.7613091477631682
249933,0.27956876843574024
249934,0.3699510501270333
249935,0.2992896132641884
249936,0.47841796919384966
249937,0.5304857263624836
249938,0.5330854782043533
249939,0.14095472704878173
249940,0.5058880743201786
249941,0.8268347112321097
249942,0.8840747019602674
249943,0.9658123542752738
249944,0.08952781779921007
249945,0.21274332904586382
249946,0.06922521032083301
249947,0.5682093981938088
249948,0.7385658641675112
249949,0.7287849796155822
249950,0.990250930592989
249951,0.08984142422768736
249952,0.2923857268169856
249953,0.9435144827084687
249954,0.32902313870039673
249955,0.6540375691411275
249956,0.9899555042473218
249957,0.2865090150485635
249958,0.39690756791397186
249959,0.5433844951163752
249960,0.7448152676335441
249961,0.6571281832188746
249962,0.637284622831457
249963,0.784093336545148
249964,0.6251630526177047
249965,0.27720990269110674
249966,0.44093063843905805
249967,0.5333399993636971
249968,0.17286986242222332
249969,0.09053681239518045
249970,0.8229123583657924
249971,0.36617413792319825
249972,0.5945659732480082
249973,0.1365006067602638
249974,0.05486294490071402
249975,0.733798137450516
249976,0.8291890319560407
249977,0.7014012298826021
249978,0.9389649169851969
249979,0.6507287940696571
249980,0.1752605433117748
249981,0.4912076574508797
249982,0.6390208207398385
249983,0.09934051749605718
249984,0.3176287717990555
249985,0.9486003608746437
249986,0.6306488926057058
249987,0.35403893264733816
249988,0.6179728298662401
249989,0.9196258538957646
249990,0.9066134596243086
249991,0.5505065425573014
249992,0.9139945732452811
249993,0.49188941055626506
249994,0.3587021238881743
249995,0.02117979647397294
249996,0.7499193258825294
249997,0.8490553174469709
249998,0.4756000563582567
249999,0.04794996841210612
250000,0.9752887224401308
250001,0.47619999909099586
250002,0.8563728007781075
250003,0.06813895037291895
250004,0.244072156748674
250005,0.9257161816372075
250006,0.0764654283000259
250007,0.01872094027388295
250008,0.9635898391517174
250009,0.24700824012253378
250010,0.06560282882088528
250011,0.9901600301789375
250012,0.9394466891796692
250013,0.38438149085769086
250014,0.4928620449866149
250015,0.12812413360542857
250016,0.307366115052654
250017,0.05927161498220625
250018,0.02449766158684853
250019,0.4387990237295531
250020,0.9061453224919439
250021,0.31586984878716123
250022,0.053358543048163586
250023,0.5307720626667455
250024,0.0226660182437131
250025,0.5022838729030411
250026,0.9775385076879026
250027,0.27354661600483593
250028,0.27177405793083387
250029,0.47391385367760347
250030,0.7213311456633685
250031,0.9564132514623604
250032,0.7737261443225875
250033,0.6600915367169498
250034,0.9863967530372101
250035,0.02771099122356502
250036,0.49529363106248947
250037,0.9723571840869735
250038,0.9882920266701816
250039,0.8130723885447299
250040,0.04519114084564656
250041,0.3757550415642143
250042,0.0919503138336795
250043,0.31749242117797843
250044,0.2423677739852105
250045,0.1672476718131451
250046,0.3260961453679421
250047,0.03707373387085778
250048,0.625044882079438
250049,0.004958617586503106
250050,0.24553110839419873
250051,0.9755341535580695
250052,0.515559878375246
250053,0.26970152849046225
250054,0.26058421696110823
250055,0.5084605560378328
250056,0.06277582594388717
250057,0.3627062871271378
250058,0.13654151194658692
250059,0.6262902177519419
250060,0.6574008844610288
250061,0.38730848419014546
250062,0.925425300312243
250063,0.05538562228150949
250064,0.7651406002154341
250065,0.045727453288549734
250066,0.08376018652764963
250067,0.7421791556260539
250068,0.4964798814658601
250069,0.344289863240327
250070,0.009308202398861926
250071,0.5243953986210407
250072,0.43507210675344626
250073,0.9745251589620991
250074,0.19738570409188216
250075,0.3445171142754555
250076,0.5606692088482463
250077,0.6516332531894683
250078,0.9858195354079837
250079,0.36799214620422593
250080,0.5736452429540817
250081,0.8071820417142
250082,0.07241126983333408
250083,0.7042100526767899
250084,0.7182678017098368
250085,0.20133987210311743
250086,0.2667609000958999
250087,0.47819980820012636
250088,0.5491657614500434
250089,0.3985528654083019
250090,0.7355706955245181
250091,0.5707227946423296
250092,0.38739483958349424
250093,0.13540071175024204
250094,0.49737070552356366
250095,0.12515169006594826
250096,0.5055199276432705
250097,0.6187818435512974
250098,0.45542016443884903
250099,0.07416110280382326
250100,0.9666940882915721
250101,0.035514791769876514
250102,0.051254198462874004
250103,0.8141131982856182
250104,0.21729289476913569
250105,0.1976447702719286
250106,0.3543798092000309
250107,0.4546429658987096
250108,0.024915803491484905
250109,0.1737879566041423
250110,0.835188459283432
250111,0.30014407715627145
250112,0.4857990828148222
250113,0.2604251412365183
250114,0.48024506751628254
250115,0.6079965094241004
250116,0.3335499793201558
250117,0.04750455638325433
250118,0.4082383045254771
250119,0.4726503379222892
250120,0.5342580935456162
250121,0.8807386567645816
250122,0.16873843860358786
250123,0.990060039723481
250124,0.8731666522741011
250125,0.7994736866026425
250126,0.7161952722694652
250127,0.17439698937828663
250128,0.4666872707605183
250129,0.16234359447507285
250130,0.3252553165379668
250131,0.8777343980801833
250132,0.8031596983924262
250133,0.15262634021297966
250134,0.5770630985224138
250135,0.49868421650660616
250136,0.8535639779839197
250137,0.014839492593888766
250138,0.8362201789829152
250139,0.17268351657341802
250140,0.9242663200330878
250141,0.7697219810836239
250142,0.7370114670872326
250143,0.45847896337167815
250144,0.7935333445443844
250145,0.8274028388199308
250146,0.4843946714177283
250147,0.8056321896546239
250148,0.008903695556333259
250149,0.8121542943628108
250150,0.4861081442225969
250151,0.46026970152849045
250152,0.6581644479390604
250153,0.16307079778748393
250154,0.12143840815194912
250155,0.6625322128342295
250156,0.31966039605310403
250157,0.7531235654778408
250158,0.45268860699660485
250159,0.10097217992827956
250160,0.38451784147876794
250161,0.6911067579912826
250162,0.7127501465769177
250163,0.47861340508406014
250164,0.6870889596902114
250165,0.8278982460765109
250166,0.5607919244072157
250167,0.6519241345144328
250168,0.9438962644474845
250169,0.293226555646961
250170,0.5826716540693844
250171,0.09927688720622121
250172,0.9123674558337613
250173,0.7123547297757942
250174,0.20336695133646335
250175,0.989110130396644
250176,0.7947605001340782
250177,0.2589161943632653
250178,0.7625181232700515
250179,0.9734843492212107
250180,0.3139200349057589
250181,0.8175901391230838
250182,0.9067952604524114
250183,0.5878757027738262
250184,0.34348539457597227
250185,0.25076697224355854
250186,0.9911735697956104
250187,0.17707400657209996
250188,0.903613745960613
250189,0.3094159193895128
250190,0.3778093909217756
250191,0.03444216688407016
250192,0.7450652437721854
250193,0.6632957763122611
250194,0.1984310588534731
250195,0.0436594688688807
250196,0.43819453597611135
250197,0.46550556537785026
250198,0.33078660673299365
250199,0.7093277459878831
250200,0.4367083142063712
250201,0.42228241849641623
250202,0.6357756759582041
250203,0.46935519791292646
250204,0.21193886038150905
250205,0.3351498266074602
250206,0.9312565618736394
250207,0.7482513032846865
250208,0.5548561273696603
250209,0.36313351907317937
250210,0.648260847828162
250211,0.43230418914558155
250212,0.3844951163752551
250213,0.4653010394462347
250214,0.1907772439903464
250215,0.7794619604492299
250216,0.3760459228891787
250217,0.2742283691102213
250218,0.28084591925316216
250219,0.10214025024883988
250220,0.3344044432122388
250221,0.041600574490616805
250222,0.46214225005794896
250223,0.8321751105576286
250224,0.18457329073133927
250225,0.2969216574781498
250226,0.36504242776825846
250227,0.6435522063803001
250228,0.08946873253007667
250229,0.9919462233150472
250230,0.8607769258388972
250231,0.3051435999290976
250232,0.1237654587516646
250233,0.04245503838269984
250234,0.08740983815181277
250235,0.8819112721058444
250236,0.7905063607564733
250237,0.07403384222415132
250238,0.7175315083560206
250239,0.13448261756832303
250240,0.7704491843960349
250241,0.7825253044027616
250242,0.6059376150458365
250243,0.28213216011198927
250244,0.39691665795537695
250245,0.5418573681603119
250246,0.7786983969711981
250247,0.6427840978815659
250248,0.6137686857163634
250249,0.2658291708518732
250250,0.4889442371410001
250251,0.23993164288863336
250252,0.8348112225651187
250253,0.6819076360892825
250254,0.33232736875116464
250255,0.6559464778362065
250256,0.8857654496616232
250257,0.014098654219369969
250258,0.4582289872330368
250259,0.14408624631285194
250260,0.6131551079215166
250261,0.17007467469014323
250262,0.3232736875116466
250263,0.5526745174324269
250264,0.8559592038941738
250265,0.6893705600829012
250266,0.7048145404302316
250267,0.47303666468200756
250268,0.09485912708332386
250269,0.007762895359988364
250270,0.08884606469382468
250271,0.5781311783875176
250272,0.6978606587553007
250273,0.30255293812863315
250274,0.7289213302366593
250275,0.08280118715940751
250276,0.0816467519009549
250277,0.16499788656537331
250278,0.13319637670949594
250279,0.803350589261934
250280,0.716122551938224
250281,0.9264615650324287
250282,0.5352034578517505
250283,0.6239813472350367
250284,0.32776416796578506
250285,0.7663086705359943
250286,0.9081269515182642
250287,0.8954145286131778
250288,0.0916412524259048
250289,0.7922471036855573
250290,0.5133828134587153
250291,0.7087278032551438
250292,0.7688493371087305
250293,0.10270837783666104
250294,0.45898346066966333
250295,0.25482567573095294
250296,0.4439576222269692
250297,0.21078897014375902
250298,0.24056340076629049
250299,0.028083682921175707
250300,0.5572695333627246
250301,0.996032196926657
250302,0.9326609732707333
250303,0.10547629544452573
250304,0.8770753700783107
250305,0.8834065839169898
250306,0.3668695260906913
250307,0.6780034633057754
250308,0.499329609446371
250309,0.8617222901450317
250310,0.2557210448093591
250311,0.25973884311043033
250312,0.7187495739043092
250313,0.47526372482626655
250314,0.5046881888547002
250315,0.503815544879807
250316,0.4343176333168197
250317,0.566486835347535
250318,0.9956322351048309
250319,0.6759854741138346
250320,0.23069616082101255
250321,0.56697315256271
250322,0.4922302871089577
250323,0.9242026897432518
250324,0.8697351616436614
250325,0.13848678080728657
250326,0.6252539530317561
250327,0.8409242754100745
250328,0.7110003136064285
250329,0.5944068975234184
250330,0.9470096036287445
250331,0.7572413542343686
250332,0.020825284859172535
250333,0.5417710127669632
250334,0.9543361770012863
250335,0.3470032405997609
250336,0.6841028810886234
250337,0.011144390762699923
250338,0.057008194672326734
250339,0.8259620672572163
250340,0.9054817494693689
250341,0.6639457142727285
250342,0.24587652996759402
250343,0.3536571509083224
250344,0.8416651137845933
250345,0.033874039296249
250346,0.8174219733570887
250347,0.23218692761145526
250348,0.4657055462887633
250349,0.40236613777775754
250350,0.24294953663513938
250351,0.11245290222296962
250352,0.5348034960299245
250353,0.3366133232736875
250354,0.9481049536180638
250355,0.4196735766131414
250356,0.7529690347739535
250357,0.2511623890446821
250358,0.24408579181078172
250359,0.02903813726871526
250360,0.08495098195172279
250361,0.5762631748787616
250362,0.006635730225751178
250363,0.232791415364897
250364,0.9463460306061694
250365,0.08636448339022185
250366,0.3583203421491585
250367,0.14417260170620078
250368,0.7962694470073312
250369,0.33122747374114286
250370,0.17609682712104754
250371,0.07503829179941914
250372,0.5270042405043155
250373,0.8715304448211761
250374,0.671063216692952
250375,0.25125328945873343
250376,0.3053753959849287
250377,0.08025143054526612
250378,0.9178942010080856
250379,0.4409760886460838
250380,0.15174460619668123
250381,0.5116829757159544
250382,0.009321837460969635
250383,0.08486917157907654
250384,0.7748078592497989
250385,0.15181278150721977
250386,0.6743265415573968
250387,0.8356838665400121
250388,0.24525840715204458
250389,0.838070002408861
250390,0.3416173910672163
250391,0.11390276382708922
250392,0.24840356147822254
250393,0.2835547515918935
250394,0.14988114770862782
250395,0.8332840956090555
250396,0.41011994309634076
250397,0.3622063348498552
250398,0.9875966385026884
250399,0.7950377463969349
250400,0.34503070161484584
250401,0.8022779643761278
250402,0.8335658868926148
250403,0.05930343012712423
250404,0.5246408297389795
250405,0.30655710136759673
250406,0.04325041700564946
250407,0.624758545775176
250408,0.5803036982833457
250409,0.4316951563714373
250410,0.30585262315869843
250411,0.10206298489689619
250412,0.6200862644929348
250413,0.9543679921462042
250414,0.7745851532353729
250415,0.0837192813413265
250416,0.829607173860677
250417,0.9599447325482569
250418,0.947723171879048
250419,0.5380668208943692
250420,0.2628430922502852
250421,0.14689506910703978
250422,0.6364892442085074
250423,0.7917607864703824
250424,0.5125510746701452
250425,0.989532817321983
250426,0.9556269628808159
250427,0.6081283150244751
250428,0.9042364137968649
250429,0.865644643011349
250430,0.23349589357379522
250431,0.931038400879916
250432,0.1980583671558624
250433,0.8282073074842856
250434,0.20579399239163534
250435,0.6256811849777976
250436,0.7299757750396553
250437,0.5434208552819958
250438,0.22711468450738792
250439,0.6070193299730481
250440,0.971507265215593
250441,0.6076601778921102
250442,0.7790529085859986
250443,0.956585962249058
250444,0.41500129533090024
250445,0.4338631312465628
250446,0.5999654578426605
250447,0.8662854909304112
250448,0.22185609555451527
250449,0.7791619890828603
250450,0.05541743742642748
250451,0.9185077788029324
250452,0.2146567827616455
250453,0.904709095949932
250454,0.9553179014730412
250455,0.9203712372909859
250456,0.8915467159952914
250457,0.7838433604065067
250458,0.8195263179423783
250459,0.7670676889933234
250460,0.760381963539844
250461,0.08407833797682947
250462,0.30110307652451357
250463,0.1662432222378773
250464,0.26263856631866955
250465,0.6304352766326851
250466,0.11813872312188381
250467,0.8166220497134365
250468,0.5880393235191187
250469,0.12654246640093447
250470,0.8671263197603865
250471,0.9929370378282074
250472,0.7059735207093869
250473,0.9038955372441723
250474,0.8748301298512414
250475,0.6105417210175393
250476,0.6372709877693493
250477,0.12505169961049173
250478,0.777107639725299
250479,0.49687984328768614
250480,0.052122297417064735
250481,0.2196563055344717
250482,0.26454747501374865
250483,0.10313560978270256
250484,0.6722494670963226
250485,0.42811368005781264
250486,0.025047609091859414
250487,0.6203816908386018
250488,0.6425386667636271
250489,0.04898168811158935
250490,0.2540530222115161
250491,0.4892260284245594
250492,0.029715345353398086
250493,0.868239849832516
250494,0.15189004685916344
250495,0.016230268928874973
250496,0.8692261193249736
250497,0.8506551647342755
250498,0.6120597579321975
250499,0.6428477281714019
250500,0.9789020138986734
250501,0.6668681625844806
250502,0.05046790988132951
250503,0.6035151190113671
250504,0.9257070915958022
250505,0.7348525822535122
250506,0.33251825962067255
250507,0.9790110943955349
250508,0.17218810931683795
250509,0.6290126851527809
250510,0.1654432985942251
250511,0.12265192867953513
250512,0.4275001022629658
250513,0.24590380009180943
250514,0.8193581521763832
250515,0.01858458965280587
250516,0.5256498243349499
250517,0.7510146758718487
250518,0.12991941678294347
250519,0.060953272642156886
250520,0.4243731280195981
250521,0.6785443207693812
250522,0.6432749601174433
250523,0.7427927334209007
250524,0.7278805204957709
250525,0.26606096690770425
250526,0.5163779821017086
250527,0.06819803564205233
250528,0.9457142727285124
250529,0.12492898405152235
250530,0.2602024352220924
250531,0.911853868494371
250532,0.9561132800959908
250533,0.25440298880561396
250534,0.13858222624204053
250535,0.454733866312761
250536,0.021284331950132032
250537,0.24340403870539631
250538,0.7515418982733467
250539,0.8269392467082688
250540,0.5841306057149092
250541,0.17652405906708904
250542,0.44090791333554524
250543,0.38074547429563543
250544,0.8317206084873716
250545,0.4709595902209335
250546,0.18625494839128992
250547,0.163238963553479
250548,0.07693356543239054
250549,0.38343612655155646
250550,0.9450234295817218
250551,0.2832775053290367
250552,0.3629062680380509
250553,0.8696306261675022
250554,0.1991355370623713
250555,0.022611477995282268
250556,0.8335977020375328
250557,0.5898346066966336
250558,0.5474068384381491
250559,0.9143536298807842
250560,0.15328536821485222
250561,0.26162048168129404
250562,0.7816844755727863
250563,0.516214361356416
250564,0.17799210075401894
250565,0.1140254793860586
250566,0.2382272601251699
250567,0.8071320464864717
250568,0.4844492116661591
250569,0.04738638584498753
250570,0.5093513800955364
250571,0.4249594356902296
250572,0.3737097822480581
250573,0.24735366169592904
250574,0.6108053322182883
250575,0.09690438639948004
250576,0.7977011285286405
250577,0.8970734611696156
250578,0.8947145954249821
250579,0.47853613973211645
250580,0.8604996795760405
250581,0.7666949972957127
250582,0.21635207548370383
250583,0.5974157012285192
250584,0.5094422805095877
250585,0.8250212479717846
250586,0.24947618636402888
250587,0.8023234145831535
250588,0.8447966330486635
250589,0.04434122197426609
250590,0.5738906740720204
250591,0.7886928974961481
250592,0.5570468273482986
250593,0.970389190122761
250594,0.23551842778643856
250595,0.05706273492075757
250596,0.022429677167179498
250597,0.025683911990219115
250598,0.7976874934665327
250599,0.7373477986192227
250600,0.7902881997627499
250601,0.7969739252162295
250602,0.15199003731462
250603,0.9461415046745538
250604,0.6887842524122697
250605,0.732639157171361
250606,0.8052867680812286
250607,0.5428936328804979
250608,0.34768044868444375
250609,0.29519909463187605
250610,0.7021875184641466
250611,0.3246644638466328
250612,0.7024420396234905
250613,0.5737906836165639
250614,0.8520323060071539
250615,0.1764286136323351
250616,0.5808809159125721
250617,0.6729357652224106
250618,0.9779521045718363
250619,0.20820739838469965
250620,0.4724458119906736
250621,0.12379272887588003
250622,0.9980365510564901
250623,0.6103281050445185
250624,0.936451520536676
250625,0.5295585421391595
250626,0.9709164125242591
250627,0.4397580230977952
250628,0.09941778284800086
250629,0.44655282904813626
250630,0.7490830420732567
250631,0.5816126642456856
250632,0.522441039718936
250633,0.3890719522227424
250634,0.8326886978970189
250635,0.10324469027956422
250636,0.8683534753500803
250637,0.449320746656001
250638,0.7862931265651916
250639,0.6875752769053863
250640,0.8843428581817191
250641,0.967993964212507
250642,0.6762218151903683
250643,0.6222769644715731
250644,0.44706187136682407
250645,0.40143440853373086
250646,0.5129283113884584
250647,0.882074892851137
250648,0.3302321142072802
250649,0.3078569772885315
250650,0.6001790738156813
250651,0.21980174619695395
250652,0.8078592497988828
250653,0.7497602501579395
250654,0.05829443553115385
250655,0.10961680930456638
250656,0.47306847982692557
250657,0.6794805950341104
250658,0.25523472759418414
250659,0.5374350630167121
250660,0.6533012757873112
250661,0.6183864267501739
250662,0.10472636702860182
250663,0.35640688843337676
250664,0.6789488276119098
250665,0.10432186018607313
250666,0.44940255702864723
250667,0.3448898059730662
250668,0.80849100767654
250669,0.5931070216024834
250670,0.7555551515537153
250671,0.4626603824180419
250672,0.2617750123851814
250673,0.06578008462828548
250674,0.5201867094504616
250675,0.5858940737475059
250676,0.8568227578276619
250677,0.10962135432526894
250678,0.21658387153953487
250679,0.24992159839288067
250680,0.12024761272787596
250681,0.14398171083669287
250682,0.7897064371128211
250683,0.42140068448011775
250684,0.4070793242463219
250685,0.2915994382354411
250686,0.44021707018875467
250687,0.7429381740833829
250688,0.06741174706050786
250689,0.8073365724180874
250690,0.682798460146986
250691,0.14055476522695562
250692,0.3106748901241245
250693,0.10629894419169078
250694,0.8847928152312734
250695,0.9827789165579649
250696,0.594620513496439
250697,0.3509755886938065
250698,0.1239745297039828
250699,0.3438944464392035
250700,0.8098908740529314
250701,0.09232755055199275
250702,0.6315851668704351
250703,0.8814158648492645
250704,0.6999013730507543
250705,0.7535189822789643
250706,0.6676044559382969
250707,0.402625203957804
250708,0.9777203085160053
250709,0.17261534126287947
250710,0.4397989282841183
250711,0.13383722462855818
250712,0.8936010653528527
250713,0.8905786265856441
250714,0.13174651510537633
250715,0.35386167683993797
250716,0.22549665713727327
250717,0.21217520145804264
250718,0.426695633598611
250719,0.11762968080319605
250720,0.4333904490934956
250721,0.3296367164952436
250722,0.14188191127210584
250723,0.3233691329464005
250724,0.9878193445171143
250725,0.8488598815567605
250726,0.14232277828025508
250727,0.4736411524354493
250728,0.8220488044323042
250729,0.4847446380118261
250730,0.3382086255402893
250731,0.39009458188082047
250732,0.10757609500911276
250733,0.18505051790510907
250734,0.25330309379559224
250735,0.15748951236472883
250736,0.18243258598042913
250737,0.3613791410819876
250738,0.11915226273855677
250739,0.180323696374437
250740,0.7311165752360003
250741,0.5968702987442108
250742,0.1897227991873503
250743,0.8614768590270929
250744,0.7385522291054036
250745,0.4050113398266529
250746,0.2817503783729735
250747,0.15912571981765378
250748,0.40957908563273504
250749,0.6640547947695902
250750,0.2266147322301053
250751,0.5066652728603179
250752,0.6079828743619927
250753,0.6957881293149291
250754,0.16876570872780325
250755,0.6751355552424542
250756,0.27926879706937063
250757,0.9279841469677895
250758,0.9912599251889593
250759,0.014175919571313646
250760,0.45723362769917414
250761,0.37524599924552654
250762,0.6439067179951005
250763,0.12445630189845514
250764,0.34822585116875204
250765,0.3657423609564541
250766,0.17231991491721244
250767,0.08486462655837397
250768,0.5991291740333877
250769,0.12748783070706887
250770,0.8918648674444712
250771,0.1102803823271415
250772,0.05704909985864985
250773,0.67190859054363
250774,0.6320669390649074
250775,0.4833538616768399
250776,0.49063952986305853
250777,0.7286395389531
250778,0.021920634848491737
250779,0.19621763377132181
250780,0.25175324173601604
250781,0.4439485321855641
250782,0.3897673403902354
250783,0.7999372787143045
250784,0.03486939883011167
250785,0.7958513051026948
250786,0.31932406452111384
250787,0.4657919016821121
250788,0.3292367546734175
250789,0.949368469373378
250790,0.6851164207052963
250791,0.014044113970939137
250792,0.04795451343280869
250793,0.5274087473468442
250794,0.31602437949104856
250795,0.44626194772317185
250796,0.829943505392667
250797,0.02410678980642757
250798,0.24048613541434682
250799,0.1903454670236023
250800,0.9362060894187373
250801,0.5535062562209971
250802,0.24444939346698724
250803,0.3573386176774035
250804,0.20669390649074407
250805,0.38761754559792017
250806,0.44509842242331416
250807,0.315628962689925
250808,0.8041186977606684
250809,0.19854013935033474
250810,0.8998686489016957
250811,0.11775694138286799
250812,0.4428440921548398
250813,0.35128465010158116
250814,0.6024833993118839
250815,0.38813567795801307
250816,0.6571100031360644
250817,0.8678398880106899
250818,0.9926279764204325
250819,0.7583276141822827
250820,0.010917139727571457
250821,0.7575413256007382
250822,0.015239454415714863
250823,0.7162316324350858
250824,0.2886133596338531
250825,0.21756105099058726
250826,0.16532058303525574
250827,0.5930706614368629
250828,0.1379095631780603
250829,0.09006413024211325
250830,0.727594184191509
250831,0.05647188222942356
250832,0.9428009144581654
250833,0.4166738629494457
250834,0.9980547311393003
250835,0.2530031224292226
250836,0.5806582098981461
250837,0.8451965948704897
250838,0.3703691920316697
250839,0.6325623463214874
250840,0.5155871484994615
250841,0.0635121192977034
250842,0.659877920743929
250843,0.771630889778703
250844,0.6683907445198414
250845,0.3051117847841797
250846,0.7426836529240392
250847,0.3273551161025538
250848,0.09644533930852055
250849,0.016089373287095324
250850,0.7565777812117934
250851,0.5294630967044055
250852,0.25076697224355854
250853,0.3892401179887374
250854,0.9505638098181538
250855,0.5575240545220683
250856,0.20958453965757814
250857,0.7653769412919676
250858,0.7669495184550565
250859,0.568850246112871
250860,0.47517282441221514
250861,0.1076306352575436
250862,0.5546925066243676
250863,0.44922530122124704
250864,0.10207661995900391
250865,0.510274019298158
250866,0.11473450261565941
250867,0.5041473313910945
250868,0.8304298226078419
250869,0.5089332381909
250870,0.40047995418619126
250871,0.23280959544770727
250872,0.6825166688634267
250873,0.1638434513069207
250874,0.5229864422032443
250875,0.28871335008930965
250876,0.9479367878520687
250877,0.9049817971920863
250878,0.9957276805395849
250879,0.031637889110584905
250880,0.04703187423018712
250881,0.6366846800987179
250882,0.4927438744483481
250883,0.11363006258493508
250884,0.7958240349784793
250885,0.8209943596293082
250886,0.13836861026901978
250887,0.9580676389980957
250888,0.6012607887428927
250889,0.870235113920944
250890,0.630362556301444
250891,0.38381336326986965
250892,0.3843133155471523
250893,0.15908935965203322
250894,0.535462524031797
250895,0.3144927075142827
250896,0.10020407142954536
250897,0.7398611950677436
250898,0.2573208920966635
250899,0.320251248744438
250900,0.693847405474932
250901,0.7878566136868754
250902,0.6340622031533354
250903,0.5220456229178124
250904,0.8945418846382845
250905,0.1269924234504888
250906,0.06391662614023205
250907,0.0692115752587253
250908,0.559955640597943
250909,0.8305025429390831
250910,0.5232773235282088
250911,0.02137068734348085
250912,0.3252871316828848
250913,0.1925043518573227
250914,0.7160134714413625
250915,0.35777493966485013
250916,0.14689506910703978
250917,0.5169779248344477
250918,0.4583471577713036
250919,0.19313610973497983
250920,0.9584994159648398
250921,0.22156066920884826
250922,0.9992591616254812
250923,0.14167284031978766
250924,0.15040837011012584
250925,0.8506097145272498
250926,0.7365478749755705
250927,0.5440707932424633
250928,0.4220006272128569
250929,0.06813895037291895
250930,0.8576635866576372
250931,0.5170824603106068
250932,0.09714981751741879
250933,0.23712282009444555
250934,0.00876734493525618
250935,0.12382454402079801
250936,0.1027583730643893
250937,0.7699083269324293
250938,0.8613677785302313
250939,0.21016175728680445
250940,0.3723235509337745
250941,0.4130787515737134
250942,0.22893723780911823
250943,0.6273355725135329
250944,0.30299380513678237
250945,0.7187586639457143
250946,0.8265392848864427
250947,0.33825407574731503
250948,0.07454742956354166
250949,0.5477113548252213
250950,0.8149767522191064
250951,0.6080465046518286
250952,0.26577917562414494
250953,0.07699265070152393
250954,0.6527149681166798
250955,0.6135641597847478
250956,0.7688402470673253
250957,0.41281059535226183
250958,0.8689216029379014
250959,0.4380218251894137
250960,0.29603537844114874
250961,0.8388881061353235
250962,0.4247912699242345
250963,0.42204153239918
250964,0.011358006735720681
250965,0.06942064621104349
250966,0.5342262784006981
250967,0.9835106648910786
250968,0.7607273851132392
250969,0.6245085696365347
250970,0.9665577376704951
250971,0.10208116497970647
250972,0.9596447611818872
250973,0.18650037950922868
250974,0.2828230032587798
250975,0.6057239990728157
250976,0.7651633253189468
250977,0.8774753319001368
250978,0.753428081864913
250979,0.029928961326418844
250980,0.43128155948750346
250981,0.12894223733189106
250982,0.5127919607673813
250983,0.6006790260929639
250984,0.3066207316574327
250985,0.0217479240617941
250986,0.083555660596034
250987,0.7283441126074329
250988,0.5443207693811046
250989,0.42376409524545383
250990,0.4892851136936929
250991,0.6373028029142673
250992,0.12959217529235845
250993,0.30031678794296907
250994,0.6944155330627532
250995,0.9715890755882393
250996,0.5964021616118462
250997,0.8631312465628281
250998,0.933497257080006
250999,0.4154603424218597
251000,0.537203266960881
251001,0.3703873721144799
251002,0.7177996645774721
251003,0.16330713886401751
251004,0.28215034019479956
251005,0.5285404575017839
251006,0.8711895682684835
251007,0.4702823821362506
251008,0.3601247153680785
251009,0.3288913331000222
251010,0.4285681821280696
251011,0.4616286627185587
251012,0.25224410397189356
251013,0.446534648965326
251014,0.1736743310865781
251015,0.353438989914599
251016,0.34173556160548313
251017,0.04285045518382336
251018,0.40609305475386437
251019,0.19769476549965687
251020,0.8257257261806827
251021,0.6472518532321915
251022,0.6462292235741134
251023,0.00942182791642616
251024,0.039650760609214575
251025,0.27247399111902953
251026,0.36123370041950537
251027,0.47449107130682977
251028,0.023229600810831693
251029,0.6429568086682635
251030,0.9962912631067035
251031,0.4284272864862899
251032,0.7451652342276419
251033,0.6871207748351295
251034,0.6484971889046955
251035,0.35968839338063185
251036,0.5545061607755624
251037,0.44912076574508797
251038,0.42518214170465546
251039,0.7788211125301676
251040,0.6092554801587121
251041,0.5453797592048032
251042,0.060376055012930585
251043,0.7901791192658884
251044,0.7496511696610779
251045,0.8642084164693371
251046,0.3356270537812299
251047,0.5045700183164334
251048,0.22656473700237706
251049,0.5109512273828408
251050,0.1952904495479977
251051,0.049168033960394694
251052,0.2033169561087351
251053,0.4268319842196881
251054,0.20410324469027957
251055,0.5181187250307925
251056,0.15486249039864378
251057,0.40401598029279023
251058,0.5112330186664
251059,0.9488776071375006
251060,0.6550511087578004
251061,0.6955426981969903
251062,0.28918148722167425
251063,0.9826243858540775
251064,0.49437553688057045
251065,0.16672044941164707
251066,0.7813026938337704
251067,0.5884756455065653
251068,0.43392221651569624
251069,0.45832897768849334
251070,0.49208484644647554
251071,0.009199121902000264
251072,0.6863844814813133
251073,0.5230818876379982
251074,0.03388312933765413
251075,0.7701446680089629
251076,0.21162070893232918
251077,0.9754114379991001
251078,0.7332618250076129
251079,0.46015607601092623
251080,0.14059567041327875
251081,0.37167361297330703
251082,0.6045877438971735
251083,0.6436658318978643
251084,0.7951241017902837
251085,0.7133091841233337
251086,0.8975006931156572
251087,0.9443371314556338
251088,0.42034169465641913
251089,0.40285700001363506
251090,0.6807077506238042
251091,0.4079837833661332
251092,0.4170920048540821
251093,0.840856100099536
251094,0.31370187391203563
251095,0.9489957776757673
251096,0.6030288017961922
251097,0.8832156930474818
251098,0.9365606010335378
251099,0.45391576258629857
251100,0.3336863299412329
251101,0.19374059748842157
251102,0.8644083973802501
251103,0.7174133378177537
251104,0.3524709005049518
251105,0.6064330223024166
251106,0.1971720881188614
251107,0.7184041523309139
251108,0.6855163825271224
251109,0.11073488439739841
251110,0.09057771758150358
251111,0.8842655928297753
251112,0.04807268397107549
251113,0.5692047577276714
251114,0.38675853668513455
251115,0.5637598229259935
251116,0.08214670417823752
251117,0.1465996427613728
251118,0.8028097317983284
251119,0.6375027838251803
251120,0.608496461701383
251121,0.1929224937619591
251122,0.4937528690443185
251123,0.278082546666
251124,0.866930883870176
251125,0.0031451543261779556
251126,0.22262874907395205
251127,0.009299112357456788
251128,0.9204348675808218
251129,0.7974693324728094
251130,0.6862981260879644
251131,0.17953740779289248
251132,0.5870076038196353
251133,0.4728230487089869
251134,0.7271033219556315
251135,0.8154267092686607
251136,0.0501588484735548
251137,0.12120206707541552
251138,0.6361529126765173
251139,0.2313688238849928
251140,0.8416242085982701
251141,0.06348939419419056
251142,0.6335804309588631
251143,0.8558228532730967
251144,0.09064134787133954
251145,0.5407256580053723
251146,0.2894950936501516
251147,0.5116011653433081
251148,0.5311311193022484
251149,0.8783025256680045
251150,0.45342490035042105
251151,0.735529790338195
251152,0.0775471432272374
251153,0.37238263620290785
251154,0.4656464610196299
251155,0.8253530344830721
251156,0.09785429572631703
251157,0.8413787774803315
251158,0.3711827507374296
251159,0.5690684071065943
251160,0.4320723930897505
251161,0.4195644961162798
251162,0.4750228387290304
251163,0.30018498234259455
251164,0.10890778607496555
251165,0.04771817235627508
251166,0.36652864953799863
251167,0.9575767767622182
251168,0.6489925961612755
251169,0.26950609260025177
251170,0.8481690384099699
251171,0.4489798701033083
251172,0.638689034228551
251173,0.21598392880679573
251174,0.3125292585707728
251175,0.6934747137773213
251176,0.45005249498911465
251177,0.7831661523218238
251178,0.1856822757827662
251179,0.306543466305489
251180,0.9994955027020148
251181,0.19506319851286924
251182,0.2841319692211198
251183,0.0677298985096877
251184,0.13725962521759286
251185,0.5709045954704324
251186,0.385867712627431
251187,0.14640875189186486
251188,0.3768867517191541
251189,0.09928143222692379
251190,0.23676830847964514
251191,0.10893505619918098
251192,0.17083823816817487
251193,0.39027638270892323
251194,0.07313847314574518
251195,0.6749719344971616
251196,0.022915994382354414
251197,0.12040214343176332
251198,0.5271860413324182
251199,0.05774448802614296
251200,0.2366683180241886
251201,0.575404165965976
251202,0.6321032992305281
251203,0.9087314392717059
251204,0.16053922125615283
251205,0.6173365269678803
251206,0.015875757314074566
251207,0.8734984387853887
251208,0.09197758395789492
251209,0.46714177283077524
251210,0.1504310952136387
251211,0.5708182400770836
251212,0.06734357174996931
251213,0.8005644915712591
251214,0.2800550856509151
251215,0.5364987887519828
251216,0.7693856495516338
251217,0.8751664613832316
251218,0.7619818108271483
251219,0.648956235995655
251220,0.7192540712022943
251221,0.7357115911662977
251222,0.26371573622517847
251223,0.1213838679035183
251224,0.6982651655978293
251225,0.11040309788611086
251226,0.672235832034215
251227,0.9142172792597071
251228,0.2967671267742625
251229,0.4806404843174061
251230,0.5246226496561692
251231,0.008094681871275924
251232,0.5162279964185237
251233,0.3951759150262929
251234,0.9760704660009727
251235,0.788029324473573
251236,0.991378095727226
251237,0.872734875307357
251238,0.3287186223133246
251239,0.8232805050427005
251240,0.022470582353502622
251241,0.08729621263424855
251242,0.43994436894660055
251243,0.21399775475977292
251244,0.0899368696624413
251245,0.985437753668968
251246,0.08974143377223083
251247,0.6221996991196296
251248,0.5101603937805937
251249,0.3893582885270042
251250,0.6283400220888007
251251,0.38906286218133723
251252,0.7799119174987843
251253,0.6837620045359307
251254,0.24749001231700613
251255,0.6258311706609824
251256,0.444466664545657
251257,0.5553969848332659
251258,0.347139591220838
251259,0.1645979247435472
251260,0.07642452311370278
251261,0.817576504060976
251262,0.27208766435931114
251263,0.4453438535412529
251264,0.9882874816494789
251265,0.10089945959703846
251266,0.9960049268024416
251267,0.931333827225583
251268,0.730866599097359
251269,0.2365092422995987
251270,0.8758709395921298
251271,0.8830111671158662
251272,0.5279405147690448
251273,0.9876648138132269
251274,0.050386099508683266
251275,0.0444730275746406
251276,0.41550124760818286
251277,0.9124583562478127
251278,0.5866803623290505
251279,0.2848319024093155
251280,0.5122692833865858
251281,0.3800682662109526
251282,0.31981947177769393
251283,0.020257157271351373
251284,0.6560919184986888
251285,0.7377977556687771
251286,0.9428599997272988
251287,0.12423814090473181
251288,0.5373214374991478
251289,0.47447289122401953
251290,0.8843383131610164
251291,0.14379536498788753
251292,0.015184914167284031
251293,0.26344303498302435
251294,0.012566982242604115
251295,0.08140586580371872
251296,0.6911067579912826
251297,0.36039741661023267
251298,0.8654173919762205
251299,0.3161834552156385
251300,0.3202103435581149
251301,0.7404520477590776
251302,0.9383422491489449
251303,0.765467841706019
251304,0.4913440080719567
251305,0.5373487076233632
251306,0.6026333849950687
251307,0.2541757377704855
251308,0.9652351366460475
251309,0.5528063230328014
251310,0.6599415510337651
251311,0.38024552201835277
251312,0.6950427459197077
251313,0.41232882315778946
251314,0.009176396798487417
251315,0.17829661714109107
251316,0.2647292758418514
251317,0.7079187895700865
251318,0.2703832815958476
251319,0.7003331500174984
251320,0.6544011707973331
251321,0.4257320892096663
251322,0.1479449688893333
251323,0.9675849123492758
251324,0.8712804686825348
251325,0.1280195981292695
251326,0.5695956295080925
251327,0.6937701401229883
251328,0.6653455806491199
251329,0.18021916089827789
251330,0.5069016139368515
251331,0.09185486839892555
251332,0.6867753532617341
251333,0.9682030351648252
251334,0.6416023924988978
251335,0.3253144018071002
251336,0.48954872489444184
251337,0.9043863994800496
251338,0.530290290472273
251339,0.9337472332186473
251340,0.033814954027115596
251341,0.7374886942610024
251342,0.15922116525240773
251343,0.49523909081405865
251344,0.599379150172029
251345,0.8984869626081147
251346,0.742483672013126
251347,0.7399293703782821
251348,0.09040955181550851
251349,0.6104871807691085
251350,0.4057430881597665
251351,0.8566091418546412
251352,0.5832625067607183
251353,0.4894260093354725
251354,0.6379618309161399
251355,0.9362060894187373
251356,0.10970770971861776
251357,0.9395421346144233
251358,0.745333399993637
251359,0.3735916117097913
251360,0.5778039368969325
251361,0.5225501202157976
251362,0.6074601969811974
251363,0.31894682780280065
251364,0.5272224014980389
251365,0.12930583898809658
251366,0.3205648551729153
251367,0.09543179969184759
251368,0.09106403479667849
251369,0.4306816167547643
251370,0.3140700205889438
251371,0.5240590670890507
251372,0.7067552642702288
251373,0.7627635543879903
251374,0.7325073515709865
251375,0.32708695988110226
251376,0.4792633430445275
251377,0.9427463742097346
251378,0.9955595147735898
251379,0.6768944782543485
251380,0.14385445025702093
251381,0.7485194595061381
251382,0.7810754427986419
251383,0.8734984387853887
251384,0.35817490148667624
251385,0.7048463555751496
251386,0.3421537035101194
251387,0.6352257284531931
251388,0.619977183996073
251389,0.9701210339013094
251390,0.5724589925507111
251391,0.5265997336617869
251392,0.23848632630521632
251393,0.29694892760236524
251394,0.6481381322691925
251395,0.9784247867249036
251396,0.5529108585089605
251397,0.5814944937074189
251398,0.7464651101485769
251399,0.13054662963989802
251400,0.44435303902809276
251401,0.5990291835779313
251402,0.5026247494557339
251403,0.892732966398662
251404,0.14866308216033924
251405,0.9706846164684281
251406,0.3661286877161726
251407,0.8371110030406189
251408,0.9973820680753201
251409,0.5540425686639003
251410,0.9522681925816172
251411,0.23204148694897306
251412,0.27574640602487943
251413,0.6045650187936606
251414,0.22928720440321604
251415,0.3386858527140591
251416,0.7812572436267448
251417,0.6099281432226924
251418,0.01935724317224265
251419,0.9234073111203022
251420,0.23345044336676954
251421,0.492280282336686
251422,0.3655923752732694
251423,0.8536912385635916
251424,0.9706800714477255
251425,0.15533517255171098
251426,0.23680466864526567
251427,0.551333736325169
251428,0.7603865085605465
251429,0.3783866085510019
251430,0.8326796078556138
251431,0.12131114757227718
251432,0.9166306852527714
251433,0.9536180637302802
251434,0.46725994336904203
251435,0.14491344008071957
251436,0.5962612659700665
251437,0.14641784193327004
251438,0.3494666418205535
251439,0.012357911290285926
251440,0.5934342630930685
251441,0.28667718081455856
251442,0.9804291408547366
251443,0.013144199871830416
251444,0.6880070538721305
251445,0.429513546434204
251446,0.0885006431204294
251447,0.9755205184959618
251448,0.3924988978324796
251449,0.9025729362197246
251450,0.17057917198812841
251451,0.35223910444912077
251452,0.7683448398107454
251453,0.5355625144872536
251454,0.031324282682107615
251455,0.3612927856886388
251456,0.39922552847228215
251457,0.0515950750155667
251458,0.5637598229259935
251459,0.8151767331300194
251460,0.5408892787506647
251461,0.6059148899423237
251462,0.1362506306216225
251463,0.20892096663500304
251464,0.6155503338317707
251465,0.6639638943555388
251466,0.5951068307116139
251467,0.20586671272287646
251468,0.6295717226991969
251469,0.09467278123451851
251470,0.3955531517446062
251471,0.53385813172379
251472,0.9383058889833243
251473,0.9833924943528117
251474,0.5914753591702611
251475,0.231905136327896
251476,0.8759527499647761
251477,0.5846578281164071
251478,0.2759600219979002
251479,0.35442071438635403
251480,0.3773503438308161
251481,0.18173265279223347
251482,0.005413119656760036
251483,0.24449938869471552
251484,0.8663809363651652
251485,0.39145354307088864
251486,0.579171988128406
251487,0.872662154976116
251488,0.9091813963212603
251489,0.44914349084860083
251490,0.26686998059276157
251491,0.6622731466541831
251492,0.8764027070143304
251493,0.21422500579490142
251494,0.1327146045150236
251495,0.18582771644524843
251496,0.9970639166261402
251497,0.7367342208243759
251498,0.49741161070988676
251499,0.06453929397648406
251500,0.19632671426818352
251501,0.25220319878557046
251502,0.972161748196763
251503,0.28265483749278475
251504,0.5378213897764305
251505,0.48738984006072145
251506,0.6467791710791243
251507,0.32301007631089756
251508,0.7822344230777972
251509,0.16966562282691197
251510,0.5843214965844169
251511,0.48463555751496445
251512,0.27232855045654736
251513,0.6288490644074883
251514,0.9614673144836174
251515,0.6482744828902696
251516,0.2043350407461106
251517,0.0017043827634634875
251518,0.17957831297921564
251519,0.7152090027770077
251520,0.6144140786561283
251521,0.8751800964453393
251522,0.5056290081401321
251523,0.9784793269733344
251524,0.42479581494493707
251525,0.0569536544238959
251526,0.6872389453733962
251527,0.7248126315215365
251528,0.5013339635762042
251529,0.09415010385372305
251530,0.24294953663513938
251531,0.11705246317396975
251532,0.702501124892624
251533,0.7949877511692066
251534,0.06282582117161543
251535,0.3002349775703228
251536,0.7512873771140027
251537,0.4543202694288272
251538,0.959931097486149
251539,0.06600279064271136
251540,0.3399220983451579
251541,0.45770630985224137
251542,0.35117102458401694
251543,0.2543848087228037
251544,0.4512296553510801
251545,0.6696360801923452
251546,0.559332972761691
251547,0.5843896718949555
251548,0.819739933915399
251549,0.8995368623904082
251550,0.0981679021547943
251551,0.009108221487948877
251552,0.6102781098167902
251553,0.8301889365106058
251554,0.6417569232027852
251555,0.053558523959076634
251556,0.02437494602787916
251557,0.9409874511978402
251558,0.6941064716549784
251559,0.6667136318805932
251560,0.6753037210084493
251561,0.9459369787429381
251562,0.9189213756868663
251563,0.5895664504751819
251564,0.2842228696351712
251565,0.09394103290140485
251566,0.2743010894414624
251567,0.30011226201135344
251568,0.964321587484831
251569,0.4355266088237032
251570,0.4490707705173597
251571,0.8644629376286809
251572,0.3071615891210384
251573,0.8380154621604302
251574,0.28078228896332624
251575,0.6706723449125311
251576,0.14206371210020863
251577,0.2562937174178828
251578,0.9175078742483672
251579,0.9266933610882598
251580,0.27628271846778263
251581,0.021225246680998632
251582,0.3620699842287781
251583,0.6562100890369555
251584,0.70551901863913
251585,0.1617891019493594
251586,0.612655155644234
251587,0.051685975429618086
251588,0.746515105376305
251589,0.9030910685798175
251590,0.019261797737488696
251591,0.7978283891083124
251592,0.30784334222642384
251593,0.837479149717527
251594,0.7306802532485536
251595,0.29565814172283555
251596,0.2818367337663223
251597,0.5256452793142473
251598,0.04228687261670477
251599,0.1616845664732003
251600,0.4828811795237727
251601,0.8049458915285359
251602,0.8226851073306639
251603,0.6185409574540612
251604,0.5124101790283655
251605,0.3108203307866067
251606,0.07219765386031332
251607,0.8527322391953496
251608,0.37389612809686346
251609,0.538680398689216
251610,0.12999213711418456
251611,0.4174147013239645
251612,0.3035028474554702
251613,0.0697433426809259
251614,0.24370855509246847
251615,0.6739993000668119
251616,0.5133828134587153
251617,0.2198199262797642
251618,0.07144318042368683
251619,0.5877302621113439
251620,0.6187000331786512
251621,0.3297003467850796
251622,0.508805977611228
251623,0.48922148340385685
251624,0.33913580976361346
251625,0.6005426754718868
251626,0.16470700524040888
251627,0.47408656446430114
251628,0.560619213620518
251629,0.4179191986219497
251630,0.682607569277478
251631,0.6480017816481154
251632,0.5909617718308706
251633,0.952418178264802
251634,0.8092818412787871
251635,0.09537271442271418
251636,0.7859113448261758
251637,0.4844173965212411
251638,0.1693792865226501
251639,0.9839378968371201
251640,0.643879447870885
251641,0.5718181446316488
251642,0.3335499793201558
251643,0.6009562723558206
251644,0.20388962871725883
251645,0.007535644324859899
251646,0.00993996027651906
251647,0.3498484235595693
251648,0.4007117502420223
251649,0.3122883724735366
251650,0.45168415742133705
251651,0.13276005472204927
251652,0.6431158843928535
251653,0.10897141636480154
251654,0.2515259907008876
251655,0.9173487985237773
251656,0.03552842683198422
251657,0.49963412583344313
251658,0.1828098226987424
251659,0.26666090964044337
251660,0.748678535230728
251661,0.4868944328041414
251662,0.5202866999059181
251663,0.8636948291299467
251664,0.5779493775594148
251665,0.548347657723581
251666,0.5175596874843765
251667,0.8756982288054322
251668,0.3414764954254367
251669,0.2679653305820808
251670,0.3465578285709091
251671,0.15335354352539077
251672,0.8590952681789465
251673,0.5047200039996182
251674,0.6371846323760005
251675,0.7712854682053076
251676,0.8093136564237051
251677,0.8114952663609383
251678,0.9835061198703761
251679,0.30338013189650076
251680,0.23020075356443248
251681,0.8953054481163162
251682,0.4020798014734957
251683,0.22648747165043337
251684,0.12050667890792241
251685,0.23404129605810356
251686,0.14883124792633431
251687,0.34905304493661965
251688,0.12939673940214796
251689,0.6727130592079847
251690,0.11472541257425427
251691,0.723658196263084
251692,0.6947836797396613
251693,0.5051608710077675
251694,0.7489648715349898
251695,0.970716431613346
251696,0.9770885506383482
251697,0.954549792974307
251698,0.9892328459556133
251699,0.5940705659914282
251700,0.6914339994818677
251701,0.4768135768858427
251702,0.4562700833102295
251703,0.7524872625794811
251704,0.13863676649047135
251705,0.8157357706764354
251706,0.47289576904022795
251707,0.07340208434649419
251708,0.4101244881170434
251709,0.925625281223156
251710,0.39856650047040965
251711,0.43982165338763113
251712,0.5786447657269079
251713,0.11911590257293621
251714,0.07478377064007527
251715,0.5775312356547785
251716,0.9117584230596171
251717,0.8823294140104808
251718,0.3664059339790292
251719,0.8328477736216089
251720,0.15668958872107663
251721,0.8897241626935611
251722,0.547429563541662
251723,0.18053731234745773
251724,0.1994036932838229
251725,0.07500647665450116
251726,0.8694170101944814
251727,0.2915039928006872
251728,0.09142763645288404
251729,0.7864158421241609
251730,0.023852268647083688
251731,0.7534826221133437
251732,0.28571818144631644
251733,0.4453074933756323
251734,0.7375159643852178
251735,0.05261315965294222
251736,0.4441348780343694
251737,0.48544002617931925
251738,0.16334804405034067
251739,0.6380436412887861
251740,0.7387840251612346
251741,0.9051499629580813
251742,0.13594156921384778
251743,0.1840551583712464
251744,0.39397148454011205
251745,0.9103085614554975
251746,0.9187486649001687
251747,0.1438862654019389
251748,0.15620327150590171
251749,0.9639579858286255
251750,0.1772012671517719
251751,0.34075838215443066
251752,0.24664009344562565
251753,0.7690720431231565
251754,0.07003422400589034
251755,0.6985287767985784
251756,0.8635993836951927
251757,0.017452879497866114
251758,0.17610137214175012
251759,0.9702392044395762
251760,0.6833847678176175
251761,0.4107744260775108
251762,0.05855804673190286
251763,0.48419469050681524
251764,0.34538521322964627
251765,0.2548074956481427
251766,0.7037737306893432
251767,0.30562537212357
251768,0.7756486880797742
251769,0.9272160384690553
251770,0.9842651383277051
251771,0.5377668495279996
251772,0.7704310043132248
251773,0.7735170733702692
251774,0.42128251394185096
251775,0.7126183409765432
251776,0.016516605233136836
251777,0.940714749955686
251778,0.18777753032665062
251779,0.5268724349039411
251780,0.17640588852882227
251781,0.8461964994250549
251782,0.4581244517568777
251783,0.8477781666295491
251784,0.3411083487485285
251785,0.5222365137873204
251786,0.3278459783384313
251787,0.981565396030379
251788,0.07242944991614436
251789,0.8073774776044106
251790,0.912476536330623
251791,0.8094590970861872
251792,0.19633125928888606
251793,0.38692215743042707
251794,0.6752764508842338
251795,0.616136641502402
251796,0.735825216683862
251797,0.7163543479940552
251798,0.8036005654005753
251799,0.07413837770031043
251800,0.9825289404193236
251801,0.024970343739915735
251802,0.1066080055994655
251803,0.7385704091882139
251804,0.7730671163207148
251805,0.27772349003049707
251806,0.0255975565968703
251807,0.24159057544507115
251808,0.3730007590184573
251809,0.26338849473459347
251810,0.8664718367792166
251811,0.8294980933638153
251812,0.08685534562609931
251813,0.015889392376182275
251814,0.07702901086714449
251815,0.5611964312497444
251816,0.14970843692193017
251817,0.3039209893601065
251818,0.6896069011594348
251819,0.03713736416069375
251820,0.08266483653833043
251821,0.2031669704255503
251822,0.19674940119352244
251823,0.025565741451952312
251824,0.9366833165925071
251825,0.30655255634689416
251826,0.1517809663623018
251827,0.8863835724771727
251828,0.7588775616872935
251829,0.6118506869798792
251830,0.11583439762568118
251831,0.07062053167652178
251832,0.8606678453420356
251833,0.3005849441644206
251834,0.8949327564187055
251835,0.9569450188845611
251836,0.534912576526786
251837,0.2874452893132928
251838,0.07332481899455051
251839,0.8976870389644626
251840,0.018266438203626018
251841,0.6467473559342063
251842,0.3679194258729849
251843,0.8533140018452784
251844,0.9913326455202004
251845,0.4026206589371014
251846,0.684730093945578
251847,0.3053526708814158
251848,0.07801073533889946
251849,0.34302180246431024
251850,0.8347339572131751
251851,0.5593602428859064
251852,0.12090209570904595
251853,0.554160739202167
251854,0.5193822407861068
251855,0.2724649010776244
251856,0.7112684698278801
251857,0.8757527690538631
251858,0.45402029806245764
251859,0.10717613318728667
251860,0.3075297357979465
251861,0.37021920634848493
251862,0.7465969157489513
251863,0.9564041614209553
251864,0.6318078728848611
251865,0.9441144254412078
251866,0.40639757114093655
251867,0.680044177601229
251868,0.9487912517441517
251869,0.4521432045122965
251870,0.24049522545575194
251871,0.1150753791683521
251872,0.49516182546211496
251873,0.9749523909081406
251874,0.6598688307025239
251875,0.25134418987278484
251876,0.01350325650733339
251877,0.30867053599429145
251878,0.9328064139332155
251879,0.7119002277055373
251880,0.7336845119329518
251881,0.3388812886042696
251882,0.5808900059539772
251883,0.22249239845287494
251884,0.6614368628449103
251885,0.8203444216688407
251886,0.43933533617245624
251887,0.2773189831879684
251888,0.581439953458988
251889,0.6572645338399516
251890,0.04497297985192322
251891,0.26327486921702925
251892,0.08313297367069507
251893,0.20726203407856522
251894,0.6950518359611129
251895,0.3926488835156644
251896,0.8308797796573963
251897,0.3444443939442144
251898,0.5668004417760123
251899,0.21110257657223627
251900,0.031846960062903086
251901,0.5643824907622456
251902,0.43176787670267835
251903,0.6918021461587758
251904,0.0014953118111452996
251905,0.21176160457410884
251906,0.46478290708614173
251907,0.54549792974307
251908,0.2850273382995259
251909,0.31495629962594474
251910,0.014312270192390727
251911,0.9517727853250372
251912,0.33774048840792464
251913,0.784356947745897
251914,0.017130183027983692
251915,0.16982015353079935
251916,0.12584707823344135
251917,0.7777575776857664
251918,0.6974516068920694
251919,0.12968762072711243
251920,0.7148226760172893
251921,0.04115061744106245
251922,0.9222165156962291
251923,0.6864344767090415
251924,0.9664122970080129
251925,0.25864803814181375
251926,0.5708636902841093
251927,0.18785934069929688
251928,0.13612337004195055
251929,0.20515314447257307
251930,0.011380731839233526
251931,0.664500206798442
251932,0.9481413137836844
251933,0.5770676435431163
251934,0.9911826598370156
251935,0.21572486262674925
251936,0.06807986510378554
251937,0.4377627590093673
251938,0.9653487621636118
251939,0.8840928820430778
251940,0.8946282400316334
251941,0.17461515037200998
251942,0.2659655214729503
251943,0.18050549720253975
251944,0.1350916503424673
251945,0.13529163125338037
251946,0.9315201730743884
251947,0.659423418673672
251948,0.013457806300307698
251949,0.6344530749337564
251950,0.03712827411928861
251951,0.15108103317410612
251952,0.07592457083642015
251953,0.023084160148349478
251954,0.3963667104503661
251955,0.9464460210616259
251956,0.26999695483612923
251957,0.6580190072765781
251958,0.6492789324655375
251959,0.04680007817435609
251960,0.15256270992314372
251961,0.08705987155771494
251962,0.5034292181200886
251963,0.7269215211275288
251964,0.5617963739824835
251965,0.40932456447339116
251966,0.508996868480736
251967,0.1412410633530436
251968,0.8891923952713605
251969,0.6040696115370805
251970,0.7278078001645298
251971,0.5764040705205413
251972,0.08040141622845091
251973,0.5728407742897269
251974,0.08049686166320488
251975,0.11292558437603682
251976,0.9736752400907187
251977,0.5883029347198677
251978,0.23309593175196913
251979,0.5669004322314689
251980,0.685448207216584
251981,0.8286118143268143
251982,0.6786534012662427
251983,0.8696851664159331
251984,0.019966275946386936
251985,0.46820530767517643
251986,0.6946791442635022
251987,0.41832370546447833
251988,0.8127315119920371
251989,0.37818662764008887
251990,0.8116043468578
251991,0.1977947559551134
251992,0.8521186614005027
251993,0.5290267747169589
251994,0.13889128764981523
251995,0.7403020620758929
251996,0.5597556596870299
251997,0.26184318769571996
251998,0.5551288286118143
251999,0.47574095200003635
252000,0.3246599188259302
252001,0.7952013671422273
252002,0.8504279136991468
252003,0.6198817385613192
252004,0.8199262797642043
252005,0.11515718954099835
252006,0.2032987760259248
252007,0.09860876916294353
252008,0.3270687797982919
252009,0.9464142059167079
252010,0.23565932342821821
252011,0.45099785929524905
252012,0.5768949327564188
252013,0.5549152126387936
252014,0.9647897246171956
252015,0.7457106367119503
252016,0.24652646792806143
252017,0.7554051658705306
252018,0.5723090068675263
252019,0.15714409079133354
252020,0.06860254248458102
252021,0.6068466191863504
252022,0.8931147481376778
252023,0.6611596165820536
252024,0.5607192040759745
252025,0.66863617563778
252026,0.8167402202517032
252027,0.48336749673894763
252028,0.13047390930865693
252029,0.10693979211075307
252030,0.5726680635030293
252031,0.5754268910694889
252032,0.10483999254616604
252033,0.35264815631235197
252034,0.42922721012994214
252035,0.15951659159807474
252036,0.13937305984428758
252037,0.7930470273292095
252038,0.8398925557105913
252039,0.9959049363469852
252040,0.7389431008858246
252041,0.7970693706509834
252042,0.9026865617372888
252043,0.26349757523145517
252044,0.6816712950127488
252045,0.28740438412696967
252046,0.9263024893078388
252047,0.3038755391530808
252048,0.7437335527063326
252049,0.7281168615723045
252050,0.5990882688470647
252051,0.5692592979761023
252052,0.9328700442230514
252053,0.8938601315328992
252054,0.5126237950013862
252055,0.1826325668913422
252056,0.6842028715440799
252057,0.7254534794405989
252058,0.8035369351107395
252059,0.7795437708218761
252060,0.28714077292622064
252061,0.20157621317965105
252062,0.9722617386522197
252063,0.6228360020179893
252064,0.33989028320023995
252065,0.2974443348589453
252066,0.19432236013835044
252067,0.018561864549293025
252068,0.5802627930970226
252069,0.9781884456483699
252070,0.298344248958054
252071,0.1867958058548957
252072,0.1983401584394217
252073,0.6748719440417051
252074,0.19100904004617741
252075,0.47852704969071136
252076,0.18908195126828803
252077,0.23768185764086155
252078,0.18806841165161509
252079,0.5782675290085947
252080,0.6646910976679499
252081,0.16701587575731408
252082,0.3306048059048909
252083,0.05062244058521687
252084,0.020848009962685383
252085,0.45730634803041526
252086,0.12737420518950465
252087,0.9368151221928815
252088,0.5315219910826694
252089,0.5724771726335214
252090,0.614155012476082
252091,0.2743147245035701
252092,0.1568304843628563
252093,0.592752509987683
252094,0.27187859340699294
252095,0.22690561355506977
252096,0.27301030356193273
252097,0.9592720694842765
252098,0.8344385308675081
252099,0.2414814949482095
252100,0.6032015125828899
252101,0.2714649965230591
252102,0.7224901259425236
252103,0.5695910844873898
252104,0.6082146704178237
252105,0.8331613800500861
252106,0.778912012944219
252107,0.36500152258193536
252108,0.5335672503988256
252109,0.5982656200998996
252110,0.9498956917748761
252111,0.9005594920484863
252112,0.0171438180900914
252113,0.4607332936401525
252114,0.6566236859208894
252115,0.5973293458351703
252116,0.5028747255943752
252117,0.2488262484035615
252118,0.28313660968725707
252119,0.4466982697106185
252120,0.2771326373391631
252121,0.27586003154244365
252122,0.20825284859172533
252123,0.721822007899246
252124,0.9395875848214489
252125,0.9432508715077197
252126,0.16867480831375187
252127,0.33269551542807274
252128,0.17480604124151786
252129,0.44697551597347523
252130,0.9086723540025725
252131,0.7337345071606801
252132,0.3451625072152203
252133,0.44077156271446816
252134,0.6829711709336835
252135,0.422432404179601
252136,0.9159262070438731
252137,0.2578935647051872
252138,0.7593320637575505
252139,0.37903200149076677
252140,0.7711218474600152
252141,0.12616068466191865
252142,0.33409538180446413
252143,0.5662550392917041
252144,0.9428418196444885
252145,0.6613505074515614
252146,0.7702355684230142
252147,0.3322364683371133
252148,0.7669358833929488
252149,0.18580499134173556
252150,0.39289431463360314
252151,0.4080837738215898
252152,0.06538921284786452
252153,0.08556455974656964
252154,0.9736434249458007
252155,0.37829116311624794
252156,0.8943191786238586
252157,0.2518941373777957
252158,0.7392521622935992
252159,0.9856650047040965
252160,0.4195644961162798
252161,0.6117007012966944
252162,0.46701451225110324
252163,0.6130278473418447
252164,0.33849496184455113
252165,0.22613750505633554
252166,0.6685089150581082
252167,0.8635493884674645
252168,0.1261515946205135
252169,0.08560091991219018
252170,0.29828516368892055
252171,0.3149199394603242
252172,0.36606505742633655
252173,0.3660423323228237
252174,0.85784538748574
252175,0.436858299889556
252176,0.8023961349143945
252177,0.7886383572477174
252178,0.8196899386876707
252179,0.18554592516168913
252180,0.4348539457597229
252181,0.09192304370946408
252182,0.4634693961030992
252183,0.8909195031383368
252184,0.777866658182628
252185,0.16352984487844344
252186,0.1612073392994305
252187,0.8117861476859027
252188,0.301984810540812
252189,0.34918939555769674
252190,0.69306566191409
252191,0.37432336004290495
252192,0.7124047250035224
252193,0.09624990341831006
252194,0.8642629567177679
252195,0.15226273855677414
252196,0.6915385349580269
252197,0.40705659914280906
252198,0.2599660941455588
252199,0.42589116493425627
252200,0.4964344312588344
252201,0.15720772108116954
252202,0.7828480008726441
252203,0.9515228091863959
252204,0.16675226455656508
252205,0.2145795174097018
252206,0.5690320469409739
252207,0.23407765622372412
252208,0.8703532844592107
252209,0.9001277150817422
252210,0.6677317165179687
252211,0.6763218056458248
252212,0.8858427150135669
252213,0.8729030410733521
252214,0.7698719667668086
252215,0.03972802596115826
252216,0.4281954904304589
252217,0.6586098599679121
252218,0.12315642597752031
252219,0.45634280364147056
252220,0.34539884829175393
252221,0.5600329059498866
252222,0.23879993273369363
252223,0.8161084623740461
252224,0.28028233668604363
252225,0.16256630048949874
252226,0.7982692561164617
252227,0.545297948832157
252228,0.21055717408792798
252229,0.8084319224074066
252230,0.6395071379550133
252231,0.9384422396044014
252232,0.8082137614136833
252233,0.3761004631376096
252234,0.8257075460978726
252235,0.45628371837233717
252236,0.5234954845219321
252237,0.641938724030888
252238,0.3359179351061944
252239,0.14962208152858136
252240,0.1956904113698238
252241,0.680825921162071
252242,0.7067598092909313
252243,0.08257393612427903
252244,0.39767113139200344
252245,0.501261243244963
252246,0.859849741615573
252247,0.11502083891992128
252248,0.9913008303752824
252249,0.8230941591938952
252250,0.06067148135859759
252251,0.03639652578617496
252252,0.6823575931388367
252253,0.06852073211193475
252254,0.2976125006249403
252255,0.2964489753250826
252256,0.5742497307075234
252257,0.1675885483658378
252258,0.4483299321428409
252259,0.40946546011517077
252260,0.2727875975475068
252261,0.8827839160807377
252262,0.8984778725667095
252263,0.3304320951181932
252264,0.9535271633162289
252265,0.48309934051749603
252266,0.37758213988664713
252267,0.40082537575958654
252268,0.033924034523977256
252269,0.12215652142295508
252270,0.9544498025188506
252271,0.18846382845273862
252272,0.036219269978774754
252273,0.7451743242690472
252274,0.9222710559446597
252275,0.25910708523277326
252276,0.1789601901636662
252277,0.4122015625781175
252278,0.12341549215756677
252279,0.431086123597293
252280,0.6577963012621523
252281,0.6639275341899183
252282,0.3967939423964076
252283,0.725430754337086
252284,0.5681912181109986
252285,0.6124324496298081
252286,0.7099685939069452
252287,0.4894032842319596
252288,0.253684875534608
252289,0.6201498947827708
252290,0.5911662977624864
252291,0.7131092032124207
252292,0.22852364092518443
252293,0.3022756918657764
252294,0.04846355575149645
252295,0.1916317078824294
252296,0.609182759827471
252297,0.16624776725857987
252298,0.02001172615341263
252299,0.006672090391371732
252300,0.4920575763222601
252301,0.08885060971452724
252302,0.9730207571095487
252303,0.3826998331977402
252304,0.5340081174069748
252305,0.25744360765563284
252306,0.15017202903359225
252307,0.07679266979061089
252308,0.3110339467596275
252309,0.8239531681066807
252310,0.8529367651269651
252311,0.7962239968003054
252312,0.9946777807572913
252313,0.8680216888387926
252314,0.9433599520045814
252315,0.6164093427445563
252316,0.25726635184823266
252317,0.7095504520023088
252318,0.40409324564473387
252319,0.5473068479826926
252320,0.6322169247480923
252321,0.5165870530540267
252322,0.22770553719872194
252323,0.9696483517482423
252324,0.8442785006885707
252325,0.4651737788665627
252326,0.7052281373141656
252327,0.029578994732321007
252328,0.16868389835515704
252329,0.5267133591793511
252330,0.9810427186495835
252331,0.6630048949872966
252332,0.6831711518445966
252333,0.3986846710086764
252334,0.07182041714200008
252335,0.655182914358175
252336,0.8680625940251158
252337,0.640829738979461
252338,0.9383104340040269
252339,0.05009067316301626
252340,0.5107103412856046
252341,0.4104426395662232
252342,0.8924239049908872
252343,0.07531553806227587
252344,0.2562528122315597
252345,0.36125188050231566
252346,0.654896578053913
252347,0.13027392839774385
252348,0.13887310756700497
252349,0.8117361524581744
252350,0.7605228591816235
252351,0.9903918262347685
252352,0.35211184386944877
252353,0.8136677862567664
252354,0.5737452334095382
252355,0.64829266297308
252356,0.9772658064457483
252357,0.9935369805609465
252358,0.5976838574499708
252359,0.25038064548384015
252360,0.9599583676103645
252361,0.2430222569663805
252362,0.22405588557455877
252363,0.8910694888215217
252364,0.7834161284604652
252365,0.291326736993287
252366,0.12256557328618631
252367,0.12066575463251235
252368,0.9598629221756105
252369,0.20044450302471128
252370,0.22720103990073676
252371,0.31928315933479073
252372,0.08052867680812285
252373,0.7940423868630723
252374,0.14035932933674514
252375,0.060089718708668714
252376,0.966316851573259
252377,0.7104230959772022
252378,0.5536607869248844
252379,0.36975561423682285
252380,0.15388531094759136
252381,0.21639298067002696
252382,0.9996727585094151
252383,0.8894332813685967
252384,0.5460160621031629
252385,0.43657650860599667
252386,0.7246626458383518
252387,0.6540830193481532
252388,0.6880570490998587
252389,0.38863563023529574
252390,0.48169038409969955
252391,0.10270383281595848
252392,0.539230346194227
252393,0.37845932888224304
252394,0.6119006822076075
252395,0.35618872743965346
252396,0.15785765904163693
252397,0.487689811427091
252398,0.6274037478240714
252399,0.7543643561296423
252400,0.8412833320455775
252401,0.001208975506883434
252402,0.5626281127710537
252403,0.44860717840569764
252404,0.09665895528154131
252405,0.30343467214493164
252406,0.17032010580808196
252407,0.579403784184237
252408,0.41334690779516503
252409,0.9497729762159067
252410,0.9727616909295023
252411,0.47195949477549864
252412,0.7026147504101882
252413,0.12418814567700355
252414,0.6004699551406457
252415,0.5736543329954868
252416,0.06519832197835661
252417,0.10761700019543588
252418,0.6629730798423786
252419,0.4255866485471841
252420,0.6742129160398326
252421,0.21124801723471853
252422,0.4273773867039964
252423,0.3258461692293008
252424,0.0478045277496239
252425,0.3447670904140968
252426,0.9265024702187519
252427,0.008949145763358953
252428,0.6963108066957245
252429,0.3684375582330777
252430,0.219674485617282
252431,0.13401902545666095
252432,0.24793542434585789
252433,0.7378113907308849
252434,0.7014784952345459
252435,0.12105208139223073
252436,0.3365542380045541
252437,0.7555142463673922
252438,0.7085323673649333
252439,0.6181000904459121
252440,0.1969630171665432
252441,0.0299653214920394
252442,0.9818199171897228
252443,0.4449257116366165
252444,0.5929388558364884
252445,0.7907245217501966
252446,0.1558351248289936
252447,0.7680721385685912
252448,0.057730852964035254
252449,0.9323610019043637
252450,0.20027179223801367
252451,0.5631962403588748
252452,0.0354284363765277
252453,0.6559146626912885
252454,0.620199890010499
252455,0.839810745337945
252456,0.5714409079133357
252457,0.1475722771917226
252458,0.5297812481535854
252459,0.7114457256352803
252460,0.3418264620195345
252461,0.1243154062566755
252462,0.8119997636589236
252463,0.6852982215333991
252464,0.9961503674649238
252465,0.670631439726208
252466,0.559692029397194
252467,0.04127787802073438
252468,0.4152830866144595
252469,0.12429722617386522
252470,0.5730589352834502
252471,0.19929461278696126
252472,0.7015012203380587
252473,0.773698874198372
252474,0.6561328236850119
252475,0.49737070552356366
252476,0.2655382895269088
252477,0.242235968384836
252478,0.5390303652833139
252479,0.5609055499247799
252480,0.18671399548224943
252481,0.8047913608246485
252482,0.793569704710005
252483,0.8898786933974484
252484,0.954877034464892
252485,0.4342994532340094
252486,0.18256439158080365
252487,0.4796223996800305
252488,0.12641066080055996
252489,0.5181369051136029
252490,0.9321428409106404
252491,0.821576122279237
252492,0.22690106853436717
252493,0.45619736297898833
252494,0.17884201962539942
252495,0.7907290667708992
252496,0.35153462624022247
252497,0.6199135537062371
252498,0.09953140836556511
252499,0.4034614877670768
252500,0.6037605501293059
252501,0.026406570281927635
252502,0.020807104776362256
252503,0.6913749142127342
252504,0.9920871189568269
252505,0.9591948041323328
252506,0.9765022429677167
252507,0.9611855232000582
252508,0.9749887510737612
252509,0.19231800600851737
252510,0.2771190022770553
252511,0.8735711591166297
252512,0.3811636162002718
252513,0.634066748174038
252514,0.508469646079238
252515,0.4960617395612237
252516,0.5318765026974698
252517,0.7265170142850002
252518,0.4505933524527204
252519,0.8646492834774863
252520,0.5945932433722236
252521,0.3912990123670013
252522,0.8250348830338923
252523,0.06451202385226865
252524,0.40488407924698094
252525,0.8974779680121443
252526,0.6570054676599053
252527,0.28580908186036785
252528,0.17509237754577972
252529,0.04952709059589767
252530,0.7626635639325338
252531,0.95655414710414
252532,0.33765413301457586
252533,0.863122156521423
252534,0.2039623490484999
252535,0.6358347612273374
252536,0.38926284309225023
252537,0.0719204075974566
252538,0.6009335472523079
252539,0.021716108916876118
252540,0.08736438794478708
252541,0.44818449148035866
252542,0.36675590057312707
252543,0.18178264801996175
252544,0.4325178051186023
252545,0.01703019257252717
252546,0.5355397893837407
252547,0.21676112734693506
252548,0.7581321782920721
252549,0.12948763981619937
252550,0.814167738534049
252551,0.6344258048095409
252552,0.3765595102285691
252553,0.15819853559432964
252554,0.5653142200062722
252555,0.19249071679521498
252556,0.723889992318915
252557,0.7480195072288555
252558,0.9167488557910382
252559,0.24490389553724418
252560,0.16928838610859873
252561,0.8476281809463642
252562,0.37305529926688813
252563,0.6735402529758523
252564,0.8880243249508002
252565,0.25067607182950713
252566,0.7254216642956809
252567,0.34924848082683013
252568,0.14480890460456047
252569,0.9250480635939298
252570,0.21353870766881342
252571,0.5070743247235491
252572,0.8156903204694097
252573,0.5098422423314138
252574,0.6242540484771909
252575,0.6513060116988834
252576,0.046859163443489484
252577,0.6573963394403262
252578,0.11646161048263574
252579,0.6537375977747579
252580,0.7169315656232814
252581,0.6028015507610637
252582,0.7835115738952191
252583,0.3440717022466037
252584,0.3667831706973425
252585,0.5167052235922934
252586,0.12303371041855095
252587,0.30565264224778543
252588,0.19541316510696707
252589,0.0186391299012367
252590,0.362124524477209
252591,0.23993618790933594
252592,0.601669840606124
252593,0.2756964107971512
252594,0.05154053476713587
252595,0.7801891637616409
252596,0.7188495643597657
252597,0.7146408751891865
252598,0.4933483622017898
252599,0.7123683648379019
252600,0.20474409260934182
252601,0.20605760359238437
252602,0.06666181864458393
252603,0.3211420728021416
252604,0.348353111748424
252605,0.942373682512124
252606,0.8708123315501702
252607,0.015021293421991537
252608,0.7224901259425236
252609,0.05500384054249367
252610,0.18738665854622968
252611,0.8679716936110644
252612,0.24288136132460084
252613,0.5433981301784829
252614,0.7680766835892938
252615,0.8424195872212199
252616,0.0643574931483813
252617,0.16764763363497123
252618,0.09072315824398579
252619,0.27736897841569663
252620,0.46989151035582966
252621,0.5618781843551297
252622,0.10041314238186354
252623,0.6304216415705773
252624,0.8118225078515233
252625,0.5360079265161053
252626,0.10300380418232805
252627,0.2866044604833175
252628,0.20413051481449498
252629,0.5243544934347176
252630,0.7332572799869104
252631,0.6247267306302581
252632,0.6841665113784594
252633,0.851346007881066
252634,0.5408892787506647
252635,0.7006194863217602
252636,0.049954322541939176
252637,0.46627367387658447
252638,0.3899036910113125
252639,0.6331259288886061
252640,0.967889428736348
252641,0.1558805750360193
252642,0.6922657382704379
252643,0.013871403184241503
252644,0.6513151017402884
252645,0.42490035042109614
252646,0.8320069447916336
252647,0.11705246317396975
252648,0.850564264320224
252649,0.847841796919385
252650,0.27273760231977856
252651,0.36034742138250436
252652,0.496279900554947
252653,0.5232636884661009
252654,0.4531431090668618
252655,0.5724544475300085
252656,0.9709527726898796
252657,0.4970025588466555
252658,0.2798551047400021
252659,0.2988805614009572
252660,0.8599179169261116
252661,0.4430713431899682
252662,0.4719867648997141
252663,0.26662909449552535
252664,0.2536803305139055
252665,0.8575772312642884
252666,0.9222074256548239
252667,0.8532594615968475
252668,0.054090291381277245
252669,0.9736797851114212
252670,0.22826911976584055
252671,0.21052081392230743
252672,0.2073392994305089
252673,0.5008021961540036
252674,0.7992282554847037
252675,0.3520663936624231
252676,0.02786552192745238
252677,0.6459974275182824
252678,0.6529104040068903
252679,0.7131637434608514
252680,0.34635784765999605
252681,0.5444071247744533
252682,0.080833193195195
252683,0.07623817726489743
252684,0.3718872289463278
252685,0.2852409542725467
252686,0.8891060398780116
252687,0.10233114111834779
252688,0.6282582117161544
252689,0.3457169997409338
252690,0.7562369046591008
252691,0.4238868108044232
252692,0.8518959553860768
252693,0.923852723149154
252694,0.7621408865517383
252695,0.9168942964535204
252696,0.8326886978970189
252697,0.023947714081837646
252698,0.6047831797873839
252699,0.09684530113034664
252700,0.3769458369882875
252701,0.9843742188245668
252702,0.2402407042964081
252703,0.8390789970048315
252704,0.17754214370446458
252705,0.35835670231477906
252706,0.4998477418064639
252707,0.46608278300707656
252708,0.6991923498211534
252709,0.9141172888042506
252710,0.4193099749569359
252711,0.317496966198681
252712,0.7640588852882225
252713,0.6497425245771995
252714,0.8439739843014985
252715,0.6154821585212321
252716,0.2778962008171947
252717,0.873325727998691
252718,0.4202098890560446
252719,0.9857831752423633
252720,0.1286968062139523
252721,0.19405874893760142
252722,0.6649774339722118
252723,0.48188581998991
252724,0.9809563632562346
252725,0.554615241272424
252726,0.5365942341867368
252727,0.021270696888024326
252728,0.9113720962998987
252729,0.6293262915812582
252730,0.1023584112425632
252731,0.3863994800496316
252732,0.8510505815353989
252733,0.004708641447861795
252734,0.1618754573427082
252735,0.061207793801500765
252736,0.5998609223665015
252737,0.5414210461728654
252738,0.21399320973907038
252739,0.9732116479790566
252740,0.5175687775257817
252741,0.8723167334027206
252742,0.6087237127365115
252743,0.9929279477868023
252744,0.12656973652514988
252745,0.9275796401252608
252746,0.6882252148658538
252747,0.17227446471018676
252748,0.07025238499961367
252749,0.9512773780684571
252750,0.11202567027692811
252751,0.42412769690165936
252752,0.6381845369305656
252753,0.9907281577667587
252754,0.12528349566632277
252755,0.2545484294680962
252756,0.7656132823685012
252757,0.5291449452552256
252758,0.09624990341831006
252759,0.7559596583962441
252760,0.3641197885656369
252761,0.8376973107112503
252762,0.424100426777444
252763,0.6771671794965026
252764,0.6981742651837779
252765,0.2859408874607423
252766,0.29049045318401423
252767,0.12869226119324975
252768,0.36419250889687804
252769,0.07598365610555356
252770,0.5324809904509116
252771,0.37204630467091776
252772,0.8758618495507247
252773,0.7243717645133875
252774,0.8561455497429791
252775,0.5010112671063217
252776,0.4156103281050445
252777,0.28655446525558925
252778,0.3210557174087928
252779,0.4537748669445189
252780,0.8369292022125161
252781,0.8792024397671131
252782,0.9673213011485268
252783,0.5601192613432354
252784,0.8550183846087419
252785,0.01252607705628099
252786,0.922743738097727
252787,0.9632762327232401
252788,0.39433963121702015
252789,0.412133387267579
252790,0.8574045204775907
252791,0.21927906881615847
252792,0.0405052245012976
252793,0.7579412874225642
252794,0.7950286563555298
252795,0.7561096440794288
252796,0.3027529190395462
252797,0.6901023084160148
252798,0.5536107916971562
252799,0.5249771612709697
252800,0.5079106085328219
252801,0.048509005958522144
252802,0.85046881888547
252803,0.49285295494520975
252804,0.9475731861958632
252805,0.5593466078237986
252806,0.6176046831893319
252807,0.37224174056112824
252808,0.1340417505601738
252809,0.20178073911126665
252810,0.6046604642284147
252811,0.47405474931938313
252812,0.8076819939914827
252813,0.7845978338431332
252814,0.6127006058512596
252815,0.9418464601106258
252816,0.5824353129928507
252817,0.9859740661118712
252818,0.23869085223683192
252819,0.11630707977874839
252820,0.6900204980433686
252821,0.6130278473418447
252822,0.8870516905204503
252823,0.5748224033160472
252824,0.29052681334963476
252825,0.3646197408429195
252826,0.34321723835452067
252827,0.4199826380209162
252828,0.2665336490607715
252829,0.8449238936283355
252830,0.24091336736038832
252831,0.7981192704332769
252832,0.7118456874571064
252833,0.17735125283495667
252834,0.46829620808922784
252835,0.6351484631012494
252836,0.7106003517846025
252837,0.6150685616372983
252838,0.20732566436840122
252839,0.09502729284931892
252840,0.7095595420437141
252841,0.03234691234018571
252842,0.23874539248526278
252843,0.2399861831370642
252844,0.8445648369928326
252845,0.8093545616100282
252846,0.3789092859317974
252847,0.6248994414169557
252848,0.7644543020893461
252849,0.8290026861072352
252850,0.2996441248789888
252851,0.41575122374682416
252852,0.06820712568345748
252853,0.14135468887060781
252854,0.9478322523759096
252855,0.35808400107262484
252856,0.9939187622999622
252857,0.6744810722612842
252858,0.8223033255916481
252859,0.025874802859727025
252860,0.07122956445066607
252861,0.35494339176714945
252862,0.33636789215574875
252863,0.28138677671676793
252864,0.6279446052876771
252865,0.1282877543507211
252866,0.6329350380190982
252867,0.38148176764945163
252868,0.9751750969225665
252869,0.49943868994323265
252870,0.6150503815544881
252871,0.13211920680298697
252872,0.5492612068847974
252873,0.4270819603583294
252874,0.5477977102185702
252875,0.7144181691747606
252876,0.694638239077179
252877,0.7298076092736603
252878,0.2019216347530463
252879,0.9469596084010163
252880,0.2150385645006613
252881,0.6264447484558292
252882,0.8778298435149372
252883,0.7969557451334192
252884,0.8012962399043728
252885,0.9264024797632954
252886,0.0823148699442326
252887,0.4990478181628117
252888,0.38510414914939933
252889,0.11520718476872661
252890,0.04264592925220774
252891,0.22467855341081078
252892,0.24593107021602484
252893,0.11577985737725036
252894,0.015266724539930278
252895,0.7091323100976725
252896,0.5180869098858745
252897,0.29891692156657773
252898,0.5143963530753883
252899,0.2395407711082124
252900,0.46635093922852816
252901,0.9280159621127075
252902,0.03670558719394967
252903,0.6910613077842569
252904,0.7301666659091632
252905,0.6622731466541831
252906,0.7735716136187001
252907,0.8972052667699901
252908,0.644956617777394
252909,0.47751351007403836
252910,0.39196713041027903
252911,0.47735443434944846
252912,0.30309379559223887
252913,0.8460101535762496
252914,0.021266151867321757
252915,0.875257361797283
252916,0.4903304684552838
252917,0.2381045445662005
252918,0.6887069870603262
252919,0.1444680280518678
252920,0.8694851855050201
252921,0.3089750523813636
252922,0.12991487176224087
252923,0.94457801755287
252924,0.027188313842769554
252925,0.40304789088314297
252926,0.14414533158198536
252927,0.7457288167947606
252928,0.3650333377268533
252929,0.4964980615486703
252930,0.5711273014848584
252931,0.7727307847887248
252932,0.3260779652851319
252933,0.14347721353870765
252934,0.045636552874498346
252935,0.3759459324337222
252936,0.9858149903872813
252937,0.9596447611818872
252938,0.5572695333627246
252939,0.06258948009508182
252940,0.9346016971107304
252941,0.18819567223128703
252942,0.19814017752850865
252943,0.47566368664809267
252944,0.2528713168288481
252945,0.49886147231400635
252946,0.08787343026347484
252947,0.5703046527376933
252948,0.3767549461187795
252949,0.05777175815035838
252950,0.9337154180737294
252951,0.6879934188100227
252952,0.03139245799264616
252953,0.4530203935078924
252954,0.26942428222760556
252955,0.9343926261584121
252956,0.2305689002413406
252957,0.18627312847410019
252958,0.15094468255302904
252959,0.6768853882129433
252960,0.2722376500424959
252961,0.44870716886115414
252962,0.12082937537780483
252963,0.09150490180482772
252964,0.729662168611178
252965,0.46923702737465967
252966,0.2798369246571918
252967,0.42231423364133425
252968,0.948777616682044
252969,0.6999195531335645
252970,0.6085646370119216
252971,0.8842610478090729
252972,0.5577013103294686
252973,0.0040359783838815385
252974,0.9057999009185488
252975,0.9521272969398377
252976,0.1361597302075711
252977,0.7917471514082747
252978,0.32243285868167126
252979,0.09589539180350966
252980,0.6356256902750193
252981,0.9519500411324374
252982,0.09151853686693542
252983,0.7957513146472383
252984,0.5105921707473378
252985,0.44272137659587035
252986,0.5017566505015431
252987,0.808786434022207
252988,0.5181959903827362
252989,0.11794328723167333
252990,0.5900391326282491
252991,0.933401811645252
252992,0.6305489021502494
252993,0.24787179405602194
252994,0.792756146004245
252995,0.47995873121202065
252996,0.2969761977265806
252997,0.9295567241308785
252998,0.11545261588666536
252999,0.014494071020493498
253000,0.7133819044545748
253001,0.011521627481013175
253002,0.1252062303143791
253003,0.6761354597970194
253004,0.006040332513714599
253005,0.7003695101831189
253006,0.724744456210998
253007,0.24513114657237264
253008,0.9020411687975239
253009,0.1366233223192332
253010,0.5122374682416678
253011,0.8675035564786998
253012,0.13109657714490888
253013,0.8371155480613214
253014,0.7585821353416266
253015,0.6090691343099068
253016,0.9335472523077343
253017,0.03388312933765413
253018,0.9394375991382642
253019,0.39385785902254783
253020,0.8839019911735698
253021,0.018352793596974833
253022,0.6274991932588253
253023,0.7998872834865763
253024,0.42959081178614766
253025,0.9887919789474642
253026,0.6262447675449162
253027,0.6681680385054154
253028,0.7033328636811942
253029,0.09596356711404819
253030,0.46213316001654386
253031,0.850691524899896
253032,0.8138177719399512
253033,0.0040268883424764
253034,0.987242126887888
253035,0.45268860699660485
253036,0.93162925357125
253037,0.6009290022316052
253038,0.5046154685234591
253039,0.3739188532003763
253040,0.10600806286672636
253041,0.34766226860163346
253042,0.47924516296171726
253043,0.26758354884306496
253044,0.9705437208266484
253045,0.291231291558533
253046,0.7909881329509456
253047,0.26975152371819056
253048,0.7063780275519155
253049,0.2375000568127588
253050,0.5954931574713322
253051,0.556769581085442
253052,0.056412796960290154
253053,0.8010735338899468
253054,0.9935915208093773
253055,0.46381481767649446
253056,0.5737315983474305
253057,0.999409147308666
253058,0.19877193540616578
253059,0.6225133055481068
253060,0.9845651096940747
253061,0.40172528985869527
253062,0.8690534085382758
253063,0.3800773562523577
253064,0.8703532844592107
253065,0.5893482894814586
253066,0.029074497434335815
253067,0.3626653819408147
253068,0.525131691974857
253069,0.9876602687925244
253070,0.28529094950027495
253071,0.6439748933056391
253072,0.579394694142832
253073,0.1667886247221856
253074,0.40435685684548295
253075,0.30448002690652254
253076,0.4671872230378009
253077,0.9542089164216143
253078,0.9484367401293513
253079,0.35898846019243613
253080,0.6840119806745719
253081,0.8123951804600471
253082,0.7456424614014118
253083,0.8420332604615015
253084,0.31704700914912665
253085,0.3369951050127033
253086,0.7291758513960032
253087,0.8344430758882108
253088,0.9239118084182874
253089,0.9339063089432372
253090,0.9007958331250199
253091,0.6230359829289023
253092,0.5551515537153272
253093,0.022988714713595523
253094,0.40265247408201943
253095,0.8337795028656356
253096,0.42337322346503287
253097,0.5685411847050964
253098,0.08571000040905186
253099,0.3014075929115857
253100,0.6881024993068844
253101,0.8549956595052292
253102,0.0850237022829639
253103,0.25393485167324936
253104,0.7870612350639258
253105,0.46698269710618534
253106,0.7426382027170134
253107,0.6133914489980502
253108,0.4352448175401439
253109,0.5554378900195891
253110,0.6235632053304003
253111,0.6954927029692621
253112,0.26031606073965663
253113,0.7953513528254121
253114,0.7144272592161658
253115,0.7063780275519155
253116,0.019629944414396812
253117,0.28442739556678676
253118,0.78045277496239
253119,0.007212947854977479
253120,0.04761818190081856
253121,0.32202380681844006
253122,0.7788756527785984
253123,0.1833143199967276
253124,0.2208425559378423
253125,0.8619995364078884
253126,0.7309393194286
253127,0.2581662659473414
253128,0.11238927193313365
253129,0.8222533303639199
253130,0.5683048436285628
253131,0.7441698746937793
253132,0.4591016312079301
253133,0.4535294358265802
253134,0.228560001090805
253135,0.8821748833065935
253136,0.8762754464346586
253137,0.5511837506419842
253138,0.3909308656900932
253139,0.5884165602374319
253140,0.24304043704919076
253141,0.05275860031542443
253142,0.2655337445062062
253143,0.4207143863540298
253144,0.3470986860345148
253145,0.02526122506488017
253146,0.7794119652215016
253147,0.5113466441839642
253148,0.7310074947391385
253149,0.14811767967603093
253150,0.7580140077538053
253151,0.016984742365501473
253152,0.12186109507728808
253153,0.11319828561819098
253154,0.39798928284118334
253155,0.684148331295649
253156,0.46390571809054587
253157,0.1101758468509824
253158,0.4158103090159575
253159,0.8387153953486258
253160,0.9831879684211962
253161,0.43927625090332284
253162,0.31556533240008905
253163,0.18883652015034927
253164,0.959308429649897
253165,0.750314742683653
253166,0.03136973288913331
253167,0.8215306720722113
253168,0.43410856236450157
253169,0.8293344726185229
253170,0.19762659018911832
253171,0.18845473841133348
253172,0.9796792124388126
253173,0.9952868135314357
253174,0.734516250721522
253175,0.18822294235550244
253176,0.015634871216838396
253177,0.2224560382872544
253178,0.21104349130310288
253179,0.8022143340862918
253180,0.18963189877329892
253181,0.9543952622704197
253182,0.41631935133464526
253183,0.5432435994745957
253184,0.6528694988205672
253185,0.13702328414105927
253186,0.23506392571618165
253187,0.7811163479849651
253188,0.9757704946346031
253189,0.5992655246544648
253190,0.7707946059694303
253191,0.453815772130842
253192,0.27628271846778263
253193,0.7391885320037633
253194,0.13106476199999093
253195,0.5091195840397054
253196,0.5077060826012063
253197,0.7512601069897874
253198,0.18159175715045384
253199,0.4702687470741429
253200,0.3611064398398334
253201,0.3903536480608669
253202,0.03493302911994764
253203,0.7818071911317557
253204,0.7031919680394144
253205,0.840097081642207
253206,0.19379059271614982
253207,0.9260661482313052
253208,0.17920562128160494
253209,0.08682353048118134
253210,0.6879661486858073
253211,0.8646810986224042
253212,0.8165765995064108
253213,0.1482449402557029
253214,0.5135827943696284
253215,0.3432490534994387
253216,0.4827039237163725
253217,0.22648747165043337
253218,0.967921243881266
253219,0.9716799760022907
253220,0.49212575163279865
253221,0.7732216470246022
253222,0.25070788697442514
253223,0.4193463351225565
253224,0.8119679485140056
253225,0.473391176296808
253226,0.5250816967471288
253227,0.11689338744937983
253228,0.2266465473750233
253229,0.07668358929374923
253230,0.187277578049368
253231,0.45337945014339537
253232,0.0670799605492203
253233,0.4793906036241995
253234,0.654696597143
253235,0.6995604964980616
253236,0.7441789647351844
253237,0.6936292444812087
253238,0.6163320773926125
253239,0.0604169601992537
253240,0.5543243599474597
253241,0.0848737165997791
253242,0.5635098467873522
253243,0.624326768808432
253244,0.9276659955186096
253245,0.6878388881061354
253246,0.6205816717495148
253247,0.9380968180310061
253248,0.3542616386617641
253249,0.16718404152330915
253250,0.02917448788979234
253251,0.016602960626485655
253252,0.31756514150921955
253253,0.03522845546561464
253254,0.8235213911399367
253255,0.16942928175037839
253256,0.907454288454284
253257,0.23310956681407685
253258,0.040155257907199766
253259,0.6579417419246345
253260,0.0090309561360052
253261,0.43913990028224575
253262,0.6080555946932338
253263,0.5170642802277965
253264,0.45774267001786195
253265,0.7149090314106381
253266,0.7734807132046487
253267,0.5635098467873522
253268,0.6252539530317561
253269,0.4693642879543316
253270,0.5548243122247423
253271,0.4484071974947846
253272,0.14837674585607738
253273,0.18397334799860013
253274,0.6188136586962154
253275,0.15389894600969908
253276,0.17746033333181832
253277,0.19437690038678127
253278,0.7621136164275228
253279,0.30080310515814396
253280,0.2490762245422028
253281,0.3360042904995432
253282,0.6277400793560616
253283,0.08433285913617336
253284,0.3661968630267111
253285,0.1728789524636285
253286,0.8433104112789234
253287,0.8597315710773064
253288,0.1165706909794974
253289,0.5250816967471288
253290,0.9396330350284746
253291,0.7063598474691053
253292,0.340290245022066
253293,0.5138327705082697
253294,0.4562337231446089
253295,0.27418291890319557
253296,0.9249208030142577
253297,0.8676080919548589
253298,0.09655896482608478
253299,0.36222905995336807
253300,0.6546375118738667
253301,0.24707187041236972
253302,0.7465105603556025
253303,0.3935987928425014
253304,0.21822916903386494
253305,0.7899245981065444
253306,0.23885901800282702
253307,0.8972325368942057
253308,0.3891537625953886
253309,0.24225414846764626
253310,0.7188950145667914
253311,0.21804282318505963
253312,0.7664541111984766
253313,0.4026433840406143
253314,0.29050408824612195
253315,0.28896787124865353
253316,0.8488871516809758
253317,0.44928438649038044
253318,0.10205389485549106
253319,0.04428668172583526
253320,0.3420946182409861
253321,0.1462542211879775
253322,0.5965385122329233
253323,0.4274955572422632
253324,0.9407602001627118
253325,0.24244049431645162
253326,0.8212261556851391
253327,0.7217492875680049
253328,0.6022106980697297
253329,0.2005354034387627
253330,0.42738647674540153
253331,0.5283222965080606
253332,0.8826748355838762
253333,0.7124547202312507
253334,0.29212211561623663
253335,0.041927815981201794
253336,0.5535017112002946
253337,0.2983306138959463
253338,0.6713950032042396
253339,0.7527326936974199
253340,0.9210166302307508
253341,0.3807909245026611
253342,0.6540284790997224
253343,0.8499688666081874
253344,0.6135823398675582
253345,0.7189995500429505
253346,0.14376809486367212
253347,0.48431286104508203
253348,0.5422846001063535
253349,0.3395857668131678
253350,0.1723426400207253
253351,0.983992437085551
253352,0.3958122179246526
253353,0.06507560641938724
253354,0.3031437908199672
253355,0.6761672749419374
253356,0.7139409420009909
253357,0.2030897050736066
253358,0.8407470196026743
253359,0.9310565809627264
253360,0.08792797051190568
253361,0.8032415087650725
253362,0.6704450938774027
253363,0.7878793387903883
253364,0.6936519695847215
253365,0.39924370855509245
253366,0.20826193863313047
253367,0.21846096508969598
253368,0.01012176110462183
253369,0.407183859722481
253370,0.8104908167856706
253371,0.3946714177283077
253372,0.5151053763049891
253373,0.5223637743669923
253374,0.26036151094668236
253375,0.07655178369337472
253376,0.5728816794760501
253377,0.43621290694979115
253378,0.47811799782748005
253379,0.1872821230700706
253380,0.9287704355493339
253381,0.4781134528067775
253382,0.5293994664145696
253383,0.8719213166015972
253384,0.8024461301421228
253385,0.21671113211920678
253386,0.9684484662827639
253387,0.4857445425663914
253388,0.3679966912249285
253389,0.12873316637957286
253390,0.03351952768144859
253391,0.464864717458788
253392,0.2734648056321896
253393,0.2878770662800369
253394,0.6248721712927402
253395,0.7713945487021694
253396,0.5870530540266611
253397,0.22409679076088193
253398,0.643120429413556
253399,0.5942569118402334
253400,0.05935342535485249
253401,0.08295117284259229
253402,0.1078215261270515
253403,0.6832438721758377
253404,0.8140632030578899
253405,0.7157725853441264
253406,0.37524145422482397
253407,0.04374582426222952
253408,0.44740274791951673
253409,0.6848391744424396
253410,0.7534826221133437
253411,0.36417432881406775
253412,0.555892392089846
253413,0.5328173219829018
253414,0.7021057080915004
253415,0.5461887728898606
253416,0.8976052285918162
253417,0.30410279018820924
253418,0.29328109589539175
253419,0.8940282972988942
253420,0.6949609355470615
253421,0.9998091091304921
253422,0.8488417014739502
253423,0.28699533226373847
253424,0.04339585766813168
253425,0.07038873562069074
253426,0.33940851100576763
253427,0.5267815344898896
253428,0.668931601983447
253429,0.8768662991259926
253430,0.05154507978783844
253431,0.4269819699028729
253432,0.07558823930443004
253433,0.1783375223274142
253434,0.2729512182927993
253435,0.4832356911385731
253436,0.09405920343967167
253437,0.3726144322587389
253438,0.9424191327191496
253439,0.3352089118765936
253440,0.9747342299144173
253441,0.45782448039050816
253442,0.38473600247249123
253443,0.6762581753559888
253444,0.6889251480540495
253445,0.20188981960812832
253446,0.1202567027692811
253447,0.1497675221910636
253448,0.01741651933224556
253449,0.017184723276414526
253450,0.8980415505792629
253451,0.6375527790529086
253452,0.09451825053063116
253453,0.7314665418300981
253454,0.7226901068534367
253455,0.07660177892110298
253456,0.46227405565832347
253457,0.4766045059335245
253458,0.3698192445266588
253459,0.74553338090455
253460,0.5998154721594757
253461,0.8818567318574136
253462,0.6594279636943746
253463,0.006981151799146445
253464,0.4927575095104558
253465,0.05888074320178528
253466,0.7307029783520664
253467,0.5890210479908736
253468,0.7948650356102371
253469,0.7248444466664545
253470,0.7648269937869567
253471,0.9626581099076906
253472,0.5192777053099477
253473,0.6222087891610346
253474,0.860704205507656
253475,0.8723212784234232
253476,0.24116788851973223
253477,0.224233141381959
253478,0.5167597638407243
253479,0.6758263983892447
253480,0.40541584666918157
253481,0.48568091227655535
253482,0.07045691093122929
253483,0.931324737184178
253484,0.28151858231714244
253485,0.5819762659018912
253486,0.8081183159789292
253487,0.9534953481713109
253488,0.2555437890019589
253489,0.6798896468973415
253490,0.5442889542361866
253491,0.5655641961449135
253492,0.4441212429722617
253493,0.23365496929838514
253494,0.09794519614036842
253495,0.9425373032574164
253496,0.30089855059289794
253497,0.6216133914489981
253498,0.3248280845919253
253499,0.9877011739788475
253500,0.14136377891201293
253501,0.7418019189077406
253502,0.4288726985151417
253503,0.5755723317319711
253504,0.42979988273846587
253505,0.10952590889051499
253506,0.3438671763149881
253507,0.6268174401534399
253508,0.5501020357147727
253509,0.011185295949023047
253510,0.4438303616472973
253511,0.9117447879975094
253512,0.8477918016916568
253513,0.5854668418014644
253514,0.4939619399966367
253515,0.5572286281764014
253516,0.6716767944877989
253517,0.631512446539194
253518,0.6874298362429041
253519,0.46544193508801435
253520,0.380422777825753
253521,0.8029233573158926
253522,0.44510751246471925
253523,0.17117911472086755
253524,0.9998045641097896
253525,0.2668563455306539
253526,0.43853086750810144
253527,0.2097390703614655
253528,0.4507387931152026
253529,0.2577935742497307
253530,0.15828943600838102
253531,0.5160098354248004
253532,0.9758613950486544
253533,0.23257779939187623
253534,0.6309761340962908
253535,0.37678676126369753
253536,0.8894878216170274
253537,0.37894110107671536
253538,0.8307297939742116
253539,0.9871557714945391
253540,0.1033355906936156
253541,0.33961758195808583
253542,0.7966239586221316
253543,0.34713050117943284
253544,0.9648260847828162
253545,0.21617936469700622
253546,0.3584566927702355
253547,0.3231100667663541
253548,0.6103099249617082
253549,0.7353207193858768
253550,0.9153308093318365
253551,0.8257666313670059
253552,0.9456915476249995
253553,0.26447475468250753
253554,0.16131187477558961
253555,0.057712672881224975
253556,0.7697447061871366
253557,0.48721258425332126
253558,0.8632039668940692
253559,0.24864899259616127
253560,0.8575681412228834
253561,0.33213647788165673
253562,0.9492184836901932
253563,0.7406293035664777
253564,0.019152717240627032
253565,0.14852673153926216
253566,0.049268024415851215
253567,0.9109948595815854
253568,0.05750814694960936
253569,0.9134809859058909
253570,0.4822403316047104
253571,0.6010608078319797
253572,0.29537180541857366
253573,0.6814622240604306
253574,0.2883815635780221
253575,0.3679557860386054
253576,0.8410833511346645
253577,0.6700814922211972
253578,0.9772976215906664
253579,0.42636384708732344
253580,0.15764858808931878
253581,0.82389862785825
253582,0.9459460687843433
253583,0.6893160198344703
253584,0.711650251566896
253585,0.5807400202707923
253586,0.5524563564387036
253587,0.213902309325019
253588,0.5634553065389214
253589,0.4234686688997868
253590,0.5910163120793015
253591,0.0995768585725908
253592,0.5401529853968485
253593,0.008294662782188973
253594,0.7315165370578263
253595,0.11494357356797759
253596,0.8237213720508497
253597,0.5951750060221525
253598,0.9952140932001946
253599,0.8770753700783107
253600,0.3603610564446121
253601,0.6305307220674391
253602,0.7820617122910994
253603,0.9649578903831907
253604,0.3081114984478754
253605,0.032156021470677795
253606,0.6008290117761487
253607,0.7674721958358521
253608,0.6568600269974231
253609,0.6011517082460311
253610,0.36762854454802035
253611,0.7021147981329056
253612,0.015498520595761314
253613,0.13775503247417292
253614,0.6338622222424224
253615,0.7160952818140087
253616,0.17660132441903273
253617,0.4298680580490044
253618,0.9398830111671159
253619,0.3556433249553452
253620,0.1862776734948028
253621,0.44401216247540004
253622,0.5819808109225938
253623,0.5246908249667077
253624,0.4759227528281391
253625,0.20728930420278066
253626,0.5555651505992609
253627,0.7106503470123307
253628,0.4501933906308943
253629,0.4230823421400684
253630,0.9808109225937524
253631,0.4239322610114489
253632,0.3965394212370637
253633,0.08819612673335726
253634,0.941137436881025
253635,0.6446884615559424
253636,0.5558651219656306
253637,0.2527304211870685
253638,0.4371446361938179
253639,0.6762218151903683
253640,0.4082837547325028
253641,0.9236709223210512
253642,0.3603201512582889
253643,0.09212756964107971
253644,0.3785411392548893
253645,0.34893032937765034
253646,0.4384354220733475
253647,0.03919625853895765
253648,0.15547152317278806
253649,0.9227482831184297
253650,0.9388149313020121
253651,0.8208989141945542
253652,0.37895928115952565
253653,0.45196140368419374
253654,0.19316337985919527
253655,0.9482731193840588
253656,0.2256830029860786
253657,0.21048445375668687
253658,0.7525281677658042
253659,0.5561423682284873
253660,0.9605628553638061
253661,0.6337122365592376
253662,0.6260584216961108
253663,0.8361520036723767
253664,0.8548184036978289
253665,0.5519518591407184
253666,0.645642915903482
253667,0.30451184205144055
253668,0.3445171142754555
253669,0.9732434631239745
253670,0.17751487358024914
253671,0.7222537848659901
253672,0.8111589348289482
253673,0.7032737784120606
253674,0.18189172851682342
253675,0.39526227041964174
253676,0.09274114743592657
253677,0.6647865431027038
253678,0.8677808027415566
253679,0.2963308047868157
253680,0.8158584862354048
253681,0.17809663623017805
253682,0.8963280777743943
253683,0.09781793556069647
253684,0.40828829975320535
253685,0.9284977343071797
253686,0.1339826652910404
253687,0.23783638834474893
253688,0.4069929688529731
253689,0.7571231836961018
253690,0.6994377809390923
253691,0.6215270360556492
253692,0.4699596856663682
253693,0.38971734516250717
253694,0.8993141563759823
253695,0.7673585703182879
253696,0.5556196908476918
253697,0.8234895759950187
253698,0.9523181878093455
253699,0.33074570154667055
253700,0.6156185091423092
253701,0.26816076647229126
253702,0.5938114998113817
253703,0.9824562200880825
253704,0.765404211416183
253705,0.5130101217611046
253706,0.030887960694660963
253707,0.33362269965139685
253708,0.12321096622595115
253709,0.9453052208652811
253710,0.224528567727626
253711,0.9509001413501439
253712,0.7657132728239577
253713,0.6183864267501739
253714,0.6540648392653429
253715,0.5286540830193481
253716,0.5605055881029538
253717,0.8901695747224129
253718,0.8515005385849532
253719,0.10887597093004758
253720,0.614195917662405
253721,0.4175601419864467
253722,0.5983837906381665
253723,0.893651060580581
253724,0.36042468673444805
253725,0.6384345130692071
253726,0.24916712495625418
253727,0.3644924802632476
253728,0.07077960740111171
253729,0.7846432840501588
253730,0.358420332604615
253731,0.2578662945809718
253732,0.5240272519441327
253733,0.997572958944828
253734,0.40381145436117455
253735,0.9032819594493252
253736,0.37814572245376576
253737,0.08371473632062394
253738,0.2847046418296435
253739,0.5150190209116403
253740,0.09799519136809667
253741,0.15282177610319014
253742,0.5674276546329668
253743,0.2521486585371396
253744,0.08708714168193035
253745,0.8835883847450925
253746,0.0029769885601828917
253747,0.24583562478127088
253748,0.34755318810477176
253749,0.16518877743488122
253750,0.9473595702228425
253751,0.7104549111221202
253752,0.18575499611400728
253753,0.7740442957717673
253754,0.3109385013248735
253755,0.4655010203571477
253756,0.03258325341671932
253757,0.9209302748374019
253758,0.6531694701869367
253759,0.44522568300298604
253760,0.28097772485353667
253761,0.9062725830716158
253762,0.9213529617627408
253763,0.6517014285000068
253764,0.4891533080933183
253765,0.08940055721953813
253766,0.8115498066093692
253767,0.359306611641616
253768,0.20197617500147713
253769,0.2710014044113971
253770,0.11927043327682356
253771,0.7264533839951641
253772,0.8976506787988419
253773,0.9824971252744056
253774,0.7852795869485185
253775,0.37559142081892183
253776,0.29928506824348583
253777,0.43603565114239096
253778,0.5342944537112367
253779,0.12206107598820112
253780,0.08512369273842041
253781,0.7360524677189905
253782,0.827970966407752
253783,0.799637307347935
253784,0.5383849723435491
253785,0.34801678021643384
253786,0.17122910994859583
253787,0.5464523840906096
253788,0.3519527681448589
253789,0.5064016616595689
253790,0.3674058385335945
253791,0.715363533480895
253792,0.10129033137745942
253793,0.8725485294585518
253794,0.08010598988278392
253795,0.6763945259770658
253796,0.6543739006731175
253797,0.6454974752409998
253798,0.9084360129260388
253799,0.08538275891846686
253800,0.45339763022620566
253801,0.9593129746705996
253802,0.9236345621554307
253803,0.21421591575349627
253804,0.41536944200780834
253805,0.3493166561373687
253806,0.46019243617654676
253807,0.6188954690688616
253808,0.46956426886524466
253809,0.8563773457988102
253810,0.3794501433954031
253811,0.7082914812676971
253812,0.5613645970157394
253813,0.7986283127519647
253814,0.2831684248321751
253815,0.7669586084964617
253816,0.2119615854850219
253817,0.8523777275805492
253818,0.9527726898796025
253819,0.15363533480895006
253820,0.3044982069893328
253821,0.921825643915808
253822,0.7750123851814145
253823,0.2914767226764718
253824,0.8053731234745775
253825,0.33557251353279915
253826,0.16981560851009678
253827,0.5748860336058832
253828,0.44962526304307315
253829,0.9138991278105273
253830,0.06796623958622132
253831,0.3330454820221706
253832,0.020848009962685383
253833,0.4353129928506824
253834,0.2531849232573254
253835,0.2722740102081165
253836,0.5066152776325896
253837,0.18684125606192137
253838,0.3255189277387158
253839,0.33453624881261335
253840,0.10221297058008098
253841,0.8728530458456238
253842,0.7045463842087801
253843,0.2269601538035006
253844,0.6635957476786307
253845,0.051940496588961965
253846,0.8937737761395503
253847,0.5563696192636157
253848,0.8740892914767228
253849,0.8974143377223084
253850,0.1359961094622786
253851,0.6754491616709314
253852,0.40767926697906104
253853,0.1909226846528286
253854,0.2649565268769799
253855,0.046168320296698956
253856,0.09597265715545333
253857,0.7200721749287569
253858,0.9267660814195009
253859,0.2037441880547766
253860,0.6753764413396903
253861,0.9657896291717609
253862,0.07989691893046573
253863,0.22237422791460817
253864,0.520941182887088
253865,0.6959653851223292
253866,0.7371841778739302
253867,0.13515982565300586
253868,0.2642793187922971
253869,0.5088605178596589
253870,0.48973507074324724
253871,0.005613100567673085
253872,0.9325882529394921
253873,0.010821694292817503
253874,0.42439585312311096
253875,0.41860549674803765
253876,0.5478977006740267
253877,0.879129719435872
253878,0.09419555406074874
253879,0.650201571668159
253880,0.36809668168038506
253881,0.48673535707955146
253882,0.23106430749792067
253883,0.09239118084182872
253884,0.255911935678867
253885,0.5976338622222425
253886,0.0349830243476759
253887,0.6928384108789616
253888,0.7299621399775477
253889,0.8032096936201545
253890,0.6889478731575622
253891,0.22348321296603507
253892,0.2758873016666591
253893,0.46540557492239376
253894,0.06764808813704146
253895,0.9077769849241664
253896,0.5501883911081216
253897,0.5143190877234446
253898,0.7276805395848579
253899,0.477686220860736
253900,0.26666999968184857
253901,0.006240313424627649
253902,0.9168761163707101
253903,0.7507283395675868
253904,0.272437630953409
253905,0.2559073906581644
253906,0.6672090391371733
253907,0.25529381286331754
253908,0.5828761800009999
253909,0.8535730680253248
253910,0.35698410606260306
253911,0.28248212670608713
253912,0.07585185050517905
253913,0.2041441498766027
253914,0.1335236182000809
253915,0.2158384881443135
253916,0.8538594043295867
253917,0.45458842565027885
253918,0.7155498793297004
253919,0.7149453915762587
253920,0.8399516409797247
253921,0.29833970393735143
253922,0.8082228514550883
253923,0.04479572404452302
253924,0.5862804005072243
253925,0.3639561678203444
253926,0.9854922939173989
253927,0.9711300284972798
253928,0.9406374846037424
253929,0.006585734998022916
253930,0.5429527181496312
253931,0.9611309829516274
253932,0.459387967512192
253933,0.22757373159834743
253934,0.004835902027533735
253935,0.24102699287795257
253936,0.5910072220378964
253937,0.8234259457051827
253938,0.30596624867626265
253939,0.35158916648865335
253940,0.7687993418810023
253941,0.41108348748528545
253942,0.5027838251803237
253943,0.32875043745824256
253944,0.07392021670658709
253945,0.33540889278750663
253946,0.376486789897328
253947,0.7369841969630172
253948,0.9067770803696011
253949,0.4935983383404311
253950,0.38509505910799424
253951,0.7777439426236586
253952,0.25756632321460227
253953,0.9596447611818872
253954,0.6280536857845388
253955,0.7086959881102258
253956,0.4174237913653696
253957,0.7017012012489717
253958,0.9207621090714068
253959,0.8586225860258794
253960,0.7222901450316107
253961,0.16200271792238016
253962,0.28375018748210395
253963,0.7807936515150826
253964,0.44580290063221234
253965,0.4439621672476718
253966,0.3977165815990292
253967,0.02004808631903318
253968,0.9482822094254639
253969,0.23984983251598713
253970,0.10556719585857713
253971,0.9066725448934421
253972,0.39029001777103095
253973,0.04135514337267806
253974,0.4515568968416651
253975,0.43124974434258545
253976,0.38402243422218785
253977,0.7915698956008745
253978,0.49735252544075337
253979,0.6256948200399053
253980,0.5283859267978965
253981,0.8331022947809528
253982,0.11533444534839855
253983,0.6759172988032961
253984,0.4205598556501425
253985,0.1296739856650047
253986,0.8961144618013736
253987,0.6187545734270821
253988,0.7142272783052527
253989,0.9156171456360984
253990,0.9030092582071712
253991,0.008935510701251244
253992,0.804850446093782
253993,0.13668240758836656
253994,0.5893801046263766
253995,0.8741529217665586
253996,0.33624972161748196
253997,0.1089623263233964
253998,0.5332400089082406
253999,0.4361901818462783
254000,0.844528476827212
254001,0.08078319796746675
254002,0.07795165006976605
254003,0.2128933147290486
254004,0.1661841369687439
254005,0.29391285377304893
254006,0.0704250957863113
254007,0.5921071170479182
254008,0.5384440576126824
254009,0.7829979865558288
254010,0.6501833915853487
254011,0.022911449361651844
254012,0.9147808618268256
254013,0.47649088041596027
254014,0.5722453765776904
254015,0.42422314233641334
254016,0.20435776584962345
254017,0.6576690406824803
254018,0.8233623154153468
254019,0.45180232795960384
254020,0.12682425768449376
254021,0.9276705405393122
254022,0.9169488367019513
254023,0.400461774103381
254024,0.7177042191427182
254025,0.652764963344408
254026,0.6759991091759423
254027,0.8413106021697929
254028,0.9938960371964495
254029,0.18930465728271395
254030,0.8903513755505157
254031,0.2417042009626354
254032,0.3327364206143959
254033,0.2666745447025511
254034,0.5574695142736376
254035,0.7525554378900197
254036,0.5309084132878226
254037,0.8536503333772686
254038,0.17074733775412348
254039,0.7791938042277783
254040,0.743951713700056
254041,0.7814617695583603
254042,0.6684589198303799
254043,0.10819876284536475
254044,0.5899800473591158
254045,0.8729121311147573
254046,0.19973547979511047
254047,0.2614477708945964
254048,0.8778071184114243
254049,0.3415264906531649
254050,0.9553360815558515
254051,0.16172092663882084
254052,0.4328359565677821
254053,0.6585507746987788
254054,0.7872521259334336
254055,0.92932947309575
254056,0.48688988778343884
254057,0.15087196222178792
254058,0.7445880165984157
254059,0.025811172569891058
254060,0.5868848882606661
254061,0.092113934578972
254062,0.8550002045259316
254063,0.2021443407674722
254064,0.8337840478863381
254065,0.13843678557955832
254066,0.5060062448584454
254067,0.4136832393271551
254068,0.32285554560701024
254069,0.29415828489098766
254070,0.8251894137377797
254071,0.3739824834902123
254072,0.36955563332590974
254073,0.6897750669254299
254074,0.6941201067170861
254075,0.7569550179301067
254076,0.6721767467650815
254077,0.027124683552933588
254078,0.06482563028074592
254079,0.08630994314179101
254080,0.8383063434853947
254081,0.646792806141232
254082,0.8301798464692006
254083,0.5409801791647161
254084,0.7560460137895928
254085,0.3118975006931156
254086,0.7716899750478364
254087,0.28998141086532647
254088,0.8424877625317584
254089,0.7494193736052468
254090,0.6992877952559075
254091,0.818894560064721
254092,0.05594011480722295
254093,0.7840842465037429
254094,0.38040005272224015
254095,0.17435153917126092
254096,0.7599501865730999
254097,0.32776871298648763
254098,0.4679416964744274
254099,0.2837774576063194
254100,0.9004640466137324
254101,0.8035460251521447
254102,0.0737429608991869
254103,0.6268856154639785
254104,0.20164893351089216
254105,0.986028606360302
254106,0.8605860349693893
254107,0.6083010258111726
254108,0.6176364983342499
254109,0.9074633784956891
254110,0.9397375705046337
254111,0.3816272083119338
254112,0.9717663313956395
254113,0.3992346185136873
254114,0.9115039019002732
254115,0.8164038887197131
254116,0.6057103640107081
254117,0.3229646261038719
254118,0.27326027970057404
254119,0.20954817949195761
254120,0.2653610337195086
254121,0.43326773353452624
254122,0.2837092822957808
254123,0.15909844969343834
254124,0.7237990919048637
254125,0.8962871725880711
254126,0.012830593443353133
254127,0.6730084855536517
254128,0.8330613895946297
254129,0.8700896732584618
254130,0.924211779784657
254131,0.7471968584816904
254132,0.2719876739038546
254133,0.25110784879625125
254134,0.023143245417482878
254135,0.3885765449661623
254136,0.21877002649747068
254137,0.9253889401466224
254138,0.07558369428372745
254139,0.056790033678603406
254140,0.1921543852632249
254141,0.7923834543066344
254142,0.02826548374927848
254143,0.10852600433594975
254144,0.40740202071620435
254145,0.7188495643597657
254146,0.4362310870326014
254147,0.22158793933306367
254148,0.9461233245917435
254149,0.5886529013139655
254150,0.14605424027706446
254151,0.046159230255293816
254152,0.2933265461024175
254153,0.22357411338008645
254154,0.15116738856745493
254155,0.8877470786879434
254156,0.5281904909076861
254157,0.40447502738374974
254158,0.64206598461056
254159,0.007062962171792692
254160,0.9269115220819831
254161,0.8208625540289336
254162,0.21338872198562864
254163,0.019093631971493632
254164,0.2499806836620141
254165,0.03977347616818395
254166,0.18820476227269214
254167,0.32338731302921087
254168,0.02776553147199586
254169,0.018480054176646776
254170,0.8670126942428222
254171,0.6524059067089051
254172,0.3490621349780248
254173,0.09624081337690492
254174,0.8772798960099263
254175,0.4251775966839529
254176,0.6415978474781954
254177,0.5511564805177688
254178,0.437680948636721
254179,0.7229582630748884
254180,0.9161989082860273
254181,0.5577785756814123
254182,0.27261034174010657
254183,0.8211034401261698
254184,0.4564700642211425
254185,0.558055821944269
254186,0.7126910613077844
254187,0.1547397748396744
254188,0.066175501429409
254189,0.687947968602997
254190,0.82865726453384
254191,0.5547379568313934
254192,0.26506106235313903
254193,0.018348248576272264
254194,0.5022611477995284
254195,0.18071911317556053
254196,0.3312411088032506
254197,0.5473613882311233
254198,0.9014185009612719
254199,0.1708336931474723
254200,0.7962512669245209
254201,0.422232423268688
254202,0.7375932297371615
254203,0.8442421405229501
254204,0.4860945091604892
254205,0.21625663004894988
254206,0.5506701633025939
254207,0.41729198576499515
254208,0.8658900741292876
254209,0.3907808800069084
254210,0.03840996995741316
254211,0.29912599251889593
254212,0.9553360815558515
254213,0.8203989619172716
254214,0.7092777507601548
254215,0.4864899259616127
254216,0.0773380722749192
254217,0.045304766363210784
254218,0.8726121597483876
254219,0.18554138014098656
254220,0.4308543275414619
254221,0.23568204853173105
254222,0.0887097140727476
254223,0.6549329382195337
254224,0.5271633162289054
254225,0.5923434581244518
254226,0.6855663777548506
254227,0.4200008181037264
254228,0.9452279555133374
254229,0.8908195126828804
254230,0.4902259329791247
254231,0.1025356670499634
254232,0.6900250430640712
254233,0.7417428336386073
254234,0.5328173219829018
254235,0.3644924802632476
254236,0.8637357343162698
254237,0.7084051067852614
254238,0.4770226478381609
254239,0.5205003158789389
254240,0.763368042141432
254241,0.40506133505438113
254242,0.052313188286572644
254243,0.6310624894896397
254244,0.026129324019070907
254245,0.2721831097940651
254246,0.43948532185564104
254247,0.9326200680844101
254248,0.33070934138104996
254249,0.5561969084769182
254250,0.38942646383754276
254251,0.2151249198940101
254252,0.30114852673153925
254253,0.2909585903163789
254254,0.20603487848887153
254255,0.3610973497984283
254256,0.5528245031156117
254257,0.5749678439785294
254258,0.03650106126233405
254259,0.30924775362351775
254260,0.9844696642593207
254261,0.5818217351980038
254262,0.2148340385690457
254263,0.45411574349721157
254264,0.33109112312006583
254265,0.0777971193658787
254266,0.9187532099208712
254267,0.23996800305425392
254268,0.4580653664877444
254269,0.33631335190731787
254270,0.23760913730962044
254271,0.4692461174160648
254272,0.7191858958917559
254273,0.6082464855627417
254274,0.4760091082214879
254275,0.4375491430363465
254276,0.6983833361360962
254277,0.2471627708264211
254278,0.8344203507846979
254279,0.2002672472173111
254280,0.7057553597156635
254281,0.18384154239822564
254282,0.25598465601010806
254283,0.6981606301216702
254284,0.7138318615041291
254285,0.7513419173624336
254286,0.23829089041500584
254287,0.6069829698074276
254288,0.7153498984187873
254289,0.8344658009917236
254290,0.221151617345617
254291,0.8389199212802415
254292,0.7327209675440072
254293,0.11802055258361702
254294,0.17761031901500313
254295,0.49912053849405286
254296,0.5940114807222948
254297,0.5376214088655175
254298,0.8465101058535323
254299,0.717431517900564
254300,0.9678303434672145
254301,0.9273387540280247
254302,0.5542743647197312
254303,0.7660859645215684
254304,0.5350807422927811
254305,0.16104371855413802
254306,0.8217170179210166
254307,0.9662895814490435
254308,0.47358206716631596
254309,0.5071788601997083
254310,0.06372573527072414
254311,0.5384531476540876
254312,0.44147149590266377
254313,0.1033492257557233
254314,0.7931106576190455
254315,0.2854454802041623
254316,0.4872671245017521
254317,0.7032419632671427
254318,0.01331691065852805
254319,0.6359120265792811
254320,0.14018661855004752
254321,0.47625453933942663
254322,0.4518614132287372
254323,0.654073929306748
254324,0.05167234036751037
254325,0.2990805423118702
254326,0.9848014507706083
254327,0.4858445330218479
254328,0.06882070347830434
254329,0.8006417569232028
254330,0.05670822330595716
254331,0.05412210652619523
254332,0.1089168761163707
254333,0.7168270301471223
254334,0.5033428627267398
254335,0.16931565623281417
254336,0.38992187109412285
254337,0.02209334563518937
254338,0.14469982410769883
254339,0.3863858449875239
254340,0.5949886601733472
254341,0.47551824598561043
254342,0.7631589711891138
254343,0.7641543307229764
254344,0.9492502988351113
254345,0.004290499543225419
254346,0.7260579671940406
254347,0.07771985401393502
254348,0.004072338549502092
254349,0.15613055117466063
254350,0.2200244522113798
254351,0.005990337285986337
254352,0.25310765790538176
254353,0.7547325028065502
254354,0.9694529158580317
254355,0.8312706514378174
254356,0.9599038273619337
254357,0.36501061262334045
254358,0.20931183841542397
254359,0.97392521622936
254360,0.35940205707636996
254361,0.09185486839892555
254362,0.5039473504801815
254363,0.017334708959599314
254364,0.33511801146254216
254365,0.9975956840483409
254366,0.14263638470873233
254367,0.281913999118266
254368,0.5984428759072998
254369,0.8588998322887361
254370,0.4143831725153508
254371,0.1456679135173461
254372,0.4650783334318087
254373,0.2898268801614391
254374,0.06344848900786743
254375,0.9368287572549893
254376,0.24481754014389534
254377,0.9159489321473859
254378,0.14057749033046849
254379,0.0843419491775785
254380,0.8689488730621168
254381,0.37761395503156514
254382,0.9797064825630282
254383,0.9330927502374774
254384,0.7374977843024075
254385,0.954422532394635
254386,0.2780416414796769
254387,0.02196608505551743
254388,0.9605310402188881
254389,0.2048395380440958
254390,0.4440803377859386
254391,0.030360738293162926
254392,0.1097622499670486
254393,0.32190109125947064
254394,0.5756041468768891
254395,0.3782184427850069
254396,0.6305898073365724
254397,0.01928906786170411
254398,0.3123610928047777
254399,0.2606251221474314
254400,0.19576767672176745
254401,0.03878720667572641
254402,0.7662586753082661
254403,0.3964848809886329
254404,0.7923652742238242
254405,0.7869112493807409
254406,0.7676949018502779
254407,0.11439362606296671
254408,0.881029538089546
254409,0.05928070502361139
254410,0.5333036391980766
254411,0.8043186786715814
254412,0.5363897082551211
254413,0.5179823744097154
254414,0.9870830511632981
254415,0.6372028124588108
254416,0.6021107076142732
254417,0.8288117952377274
254418,0.5447661814099564
254419,0.5247635452979489
254420,0.7318619586312216
254421,0.6789351925498021
254422,0.09294112834683961
254423,0.007172042668654355
254424,0.33777230355284266
254425,0.9960276519059544
254426,0.4302952899950459
254427,0.459356152367274
254428,0.7214765863258508
254429,0.7259397966557738
254430,0.48447648179037456
254431,0.39098086091782147
254432,0.17351980038269074
254433,0.9863058526231587
254434,0.9423691374914213
254435,0.6571781784466029
254436,0.7179951004676827
254437,0.7047418200989906
254438,0.11998854654782952
254439,0.6506697088005235
254440,0.27442380500043173
254441,0.26200226342030986
254442,0.8033687693447444
254443,0.6848755346080602
254444,0.9359333881765831
254445,0.8951327373296185
254446,0.8655128374109744
254447,0.25291676703587385
254448,0.07237490966771354
254449,0.7779211984310589
254450,0.8375745951522809
254451,0.4522704650919685
254452,0.5163779821017086
254453,0.7503374677871658
254454,0.28717713309184123
254455,0.33233645879256973
254456,0.07265215593057026
254457,0.3550297471604983
254458,0.03292412996941201
254459,0.5386258584407853
254460,0.8383790638166357
254461,0.3291958494870944
254462,0.45990609987228487
254463,0.38144540748383104
254464,0.17017012012489716
254465,0.014634966662273147
254466,0.8693488348839429
254467,0.0849918871380459
254468,0.6039468959781112
254469,0.1292785688638812
254470,0.32875952749964776
254471,0.9641806918430514
254472,0.7489875966385027
254473,0.12178837474604695
254474,0.41445589284659184
254475,0.33596793033392264
254476,0.6200771744515297
254477,0.7465332854591153
254478,0.6420750746519651
254479,0.843483122065621
254480,0.07611546170592806
254481,0.33919489503274686
254482,0.30900232250557896
254483,0.4978615677594411
254484,0.2858908922330141
254485,0.6014834947573187
254486,0.05475386440385236
254487,0.1524127242399589
254488,0.09028229123583657
254489,0.3719826743810818
254490,0.6616686589007413
254491,0.48410833511346646
254492,0.4718231441544216
254493,0.4084519204984979
254494,0.17062007717445155
254495,0.26808350112034757
254496,0.6446384663282142
254497,0.20893914671781333
254498,0.8444830266201863
254499,0.817081096804396
254500,0.7784529658532595
254501,0.16138459510683073
254502,0.38950372918948645
254503,0.0225478477054463
254504,0.10870326014334995
254505,0.18684125606192137
254506,0.9755705137236901
254507,0.5116920657573596
254508,0.11592529803973256
254509,0.2948082228514551
254510,0.3964076156366892
254511,0.03396948473100295
254512,0.7108003326955155
254513,0.4841628753618972
254514,0.13027392839774385
254515,0.311070306925248
254516,0.7466923611837053
254517,0.9860513314638149
254518,0.1379050181573577
254519,0.42485944523477304
254520,0.6636184727821435
254521,0.9754523431854232
254522,0.5966066875434618
254523,0.01714836311079397
254524,0.9881056808213762
254525,0.14323178242076895
254526,0.10761245517473332
254527,0.9034910304016435
254528,0.5420800741747379
254529,0.5512746510560357
254530,0.05435390258202626
254531,0.31516082555756036
254532,0.5705682639384422
254533,0.8860336058830748
254534,0.034260366055967384
254535,0.9340290245022066
254536,0.4344585289585994
254537,0.49100313151926406
254538,0.4749501183977893
254539,0.636143822635112
254540,0.09540452956763218
254541,0.3537344162602661
254542,0.843578567500375
254543,0.031078851564168876
254544,0.4219642670472364
254545,0.3964076156366892
254546,0.4495752678153449
254547,0.054199371878138905
254548,0.489653260370601
254549,0.5075151917316983
254550,0.2577617591048127
254551,0.7625499384149695
254552,0.3595293176560419
254553,0.24558564864262958
254554,0.2275373714327269
254555,0.9655169279296067
254556,0.16322078347066873
254557,0.28709986773989754
254558,0.8116952472718514
254559,0.7236945564287046
254560,0.6194772317187904
254561,0.9327791438090001
254562,0.17215629417191994
254563,0.03363769821971539
254564,0.6006608460101537
254565,0.23001440771562714
254566,0.2982078983369769
254567,0.7544234413987756
254568,0.24124060885097334
254569,0.10619895373623427
254570,0.10578990187300302
254571,0.5809990864508388
254572,0.1659750660164257
254573,0.32185564105244496
254574,0.8291435817490149
254575,0.6512060212434269
254576,0.21795192277100822
254577,0.9322246512832866
254578,0.9096631685157327
254579,0.9454779316519787
254580,0.9718117816026652
254581,0.6528467737170544
254582,0.38625858440785193
254583,0.15785765904163693
254584,0.08517823298685125
254585,0.7201039900736749
254586,0.922743738097727
254587,0.4927438744483481
254588,0.1112711968403016
254589,0.36527422382408953
254590,0.9326337031465178
254591,0.047668177128546825
254592,0.037710036769217484
254593,0.9016957472241286
254594,0.6934792587980239
254595,0.03771912681062262
254596,0.6111552988123862
254597,0.7479240617941014
254598,0.5834034024024979
254599,0.9240163438944465
254600,0.7792619795383168
254601,0.9188759254798406
254602,0.7992191654432986
254603,0.10510814876761762
254604,0.8885060971452725
254605,0.3416719313156471
254606,0.38505869894237366
254607,0.6337804118697761
254608,0.617668313479168
254609,0.20859827016512061
254610,0.9917644224869444
254611,0.9600947182314415
254612,0.5789401920725749
254613,0.07624726730630257
254614,0.8048049958867564
254615,0.6362756282354867
254616,0.7252398634675781
254617,0.49394830493452896
254618,0.7653269460642393
254619,0.733325455297449
254620,0.9288022506942519
254621,0.4475436435612964
254622,0.25050790606351214
254623,0.797178451147845
254624,0.627408292844774
254625,0.5363078978824749
254626,0.5022975079651488
254627,0.6755446071056854
254628,0.9828198217442881
254629,0.7771939951186478
254630,0.1113439171715427
254631,0.7276123642743193
254632,0.7229446280127807
254633,0.0916548874880125
254634,0.15009021866094602
254635,0.9232164202507943
254636,0.6455838306343487
254637,0.8047004604105972
254638,0.8529867603546935
254639,0.07025238499961367
254640,0.2205153144472573
254641,0.052013216920203074
254642,0.7323937260534222
254643,0.5649824334949846
254644,0.9482458492598433
254645,0.247712718331432
254646,0.5971929952140932
254647,0.0393371541807373
254648,0.5092604796814849
254649,0.8829202667018148
254650,0.09123220056267356
254651,0.7560551038309979
254652,0.00409051863231237
254653,0.5030610714431805
254654,0.891528535912481
254655,0.6285036428340931
254656,0.9330518450511542
254657,0.6261856822757828
254658,0.5813854132105571
254659,0.2133387267579004
254660,0.5312265647370024
254661,0.46977788483826544
254662,0.33245917435153916
254663,0.19602674290181393
254664,0.5940523859086179
254665,0.004031433363178969
254666,0.46593734234459433
254667,0.45407938333159104
254668,0.6825621190704524
254669,0.9593947850432459
254670,0.3190877234445803
254671,0.5360806468473465
254672,0.28626812895132736
254673,0.7391794419623581
254674,0.18746392389817337
254675,0.16996104917257898
254676,0.3402220697115275
254677,0.17022920539403058
254678,0.187013966848619
254679,0.9813654151194658
254680,0.6558964826084783
254681,0.5465069243390405
254682,0.34738956735947935
254683,0.10058585316856117
254684,0.8563228055503793
254685,0.42005990337285987
254686,0.12611977947559552
254687,0.969080224160421
254688,0.03931897409792702
254689,0.9471686793533345
254690,0.5722862817640134
254691,0.0739929370378282
254692,0.8702487489830517
254693,0.9045227501011267
254694,0.9942687288940601
254695,0.1719426781988992
254696,0.7658996186727631
254697,0.28585453206739353
254698,0.6867753532617341
254699,0.37218265529199485
254700,0.2542620931638343
254701,0.12591979856468247
254702,0.8493552888133405
254703,0.8857563596202181
254704,0.3057799028274573
254705,0.24295408165584192
254706,0.6058285345489749
254707,0.7317165179687394
254708,0.31034310361283696
254709,0.7171724517205176
254710,0.9809245481113167
254711,0.5616100281336782
254712,0.9964503388312934
254713,0.6982378954736139
254714,0.8319933097295258
254715,0.5688138859472506
254716,0.04652737693220193
254717,0.092409360924639
254718,0.9130628440012545
254719,0.64436576508606
254720,0.6241949632080575
254721,0.38134541702837454
254722,0.2191109030501634
254723,0.596752128205944
254724,0.1994355084287409
254725,0.030506178955645145
254726,0.5241681475859122
254727,0.6328305025429392
254728,0.252598615586694
254729,0.26783352498170626
254730,0.9802655201094441
254731,0.846732811867958
254732,0.7990919048636266
254733,0.28647265488294293
254734,0.26848800796287625
254735,0.9488003417855568
254736,0.9391149026683817
254737,0.30879779657396333
254738,0.20394871398639222
254739,0.7559096631685157
254740,0.7838751755514246
254741,0.6560191981674477
254742,0.48839428963598924
254743,0.7837660950545631
254744,0.48662173156198724
254745,0.24878988823794093
254746,0.5059926097963376
254747,0.17479695120011274
254748,0.9103040164347949
254749,0.16466155503338317
254750,0.19672213106930703
254751,0.5814308634175829
254752,0.5376168638448148
254753,0.6108644174874217
254754,0.42673199376423154
254755,0.5113375541425592
254756,0.7482103980983634
254757,0.2836274719231346
254758,0.3955576967653087
254759,0.9411692520259429
254760,0.3883992891587621
254761,0.3479986001336236
254762,0.9459324337222357
254763,0.5436344712550165
254764,0.8271437726398844
254765,0.4872853045845624
254766,0.367896700769472
254767,0.10424913985483203
254768,0.38744028979052
254769,0.022134250821512495
254770,0.78767026783807
254771,0.6380209161852732
254772,0.1665977338526777
254773,0.42544575290540443
254774,0.7147090504997251
254775,0.3372587162134523
254776,0.8945600647210948
254777,0.5126647001877094
254778,0.20681662204971343
254779,0.38071820417142
254780,0.07086596279446052
254781,0.6395889483276597
254782,0.018798205625826625
254783,0.41733289095131826
254784,0.28013235100285877
254785,0.7474695597238445
254786,0.819149081224065
254787,0.7077369887419838
254788,0.6729675803673285
254789,0.32992305279950546
254790,0.5776085010067221
254791,0.49960685570922775
254792,0.5119784020616214
254793,0.41910544902532026
254794,0.3775321446589189
254795,0.17431972402634294
254796,0.4845901073079388
254797,0.9576131369278388
254798,0.38310434004026883
254799,0.8016234813949578
254800,0.8580908186036788
254801,0.32805959431145204
254802,0.7834433985846806
254803,0.8927147863158518
254804,0.7276396343985347
254805,0.05779448325387122
254806,0.7320392144386217
254807,0.10357193177014921
254808,0.5446571009130947
254809,0.059157989464642007
254810,0.3765276950836511
254811,0.9953322637384614
254812,0.49724798996459424
254813,0.5384531476540876
254814,0.19183623381404502
254815,0.47118229623535934
254816,0.033833134109925875
254817,0.11840687934333541
254818,0.9469505183596112
254819,0.2977124910803968
254820,0.4342403679648761
254821,0.3542161884547384
254822,0.3211284377400339
254823,0.769826516559783
254824,0.02708377836661046
254825,0.7982919812199745
254826,0.5554651601438044
254827,0.13572340822012446
254828,0.2523986346757809
254829,0.8024870353284459
254830,0.3716554328904968
254831,0.2171565441480586
254832,0.2982624385854077
254833,0.7558460328786797
254834,0.5795946750537448
254835,0.028560910094945484
254836,0.7437880929547634
254837,0.27012421541580117
254838,0.23911808418287345
254839,0.5029201758014008
254840,0.8115679866921794
254841,0.8580590034587607
254842,0.40498861472314
254843,0.282377591229928
254844,0.9087768894787316
254845,0.6585825898436968
254846,0.9733479986001337
254847,0.12950581989900967
254848,0.5484567382204426
254849,0.23500029542634565
254850,0.16461610482635747
254851,0.911263015803037
254852,0.5240772471718609
254853,0.43850359738388606
254854,0.14015025838442696
254855,0.12811504356402345
254856,0.4071065943705373
254857,0.8468237122820095
254858,0.28480917730580263
254859,0.4194190554537976
254860,0.8899468687079869
254861,0.22727830525268042
254862,0.2878997913835497
254863,0.4152058212625158
254864,0.28559092086664456
254865,0.6493062025897528
254866,0.7423564114334541
254867,0.07759259343426309
254868,0.4367810345376123
254869,0.9914190009135492
254870,0.6383663377586685
254871,0.16254812040668845
254872,0.4836674681053172
254873,0.7131092032124207
254874,0.019984456029197215
254875,0.9126674272001309
254876,0.11939314883579294
254877,0.12676971743606294
254878,0.13965939614854944
254879,0.13750505633553162
254880,0.276637230082583
254881,0.5478068002599753
254882,0.25128055958294887
254883,0.8618631857868113
254884,0.9224028615450344
254885,0.7838615404893169
254886,0.11123029165397848
254887,0.3549115766222315
254888,0.08276028197308438
254889,0.39868921602937896
254890,0.912581071806782
254891,0.9295249089859605
254892,0.23762731739243073
254893,0.000818103726462474
254894,0.08464646556465065
254895,0.1593847859977002
254896,0.22031987855704682
254897,0.38415878484326493
254898,0.5268451647797255
254899,0.43887628908149673
254900,0.2412451538716759
254901,0.4692279373332545
254902,0.6184318769571996
254903,0.8561228246394662
254904,0.0980088264302044
254905,0.4515432617795574
254906,0.7925288949691166
254907,0.7053190377282169
254908,0.15870303289231483
254909,0.31156116916112553
254910,0.037564596106735265
254911,0.7336890569536545
254912,0.8166038696306261
254913,0.8866426386572192
254914,0.8608314660873281
254915,0.784102426586553
254916,0.04254139377604865
254917,0.9872466719085905
254918,0.5512201108076048
254919,0.37068734348084953
254920,0.7822980533676331
254921,0.09658623495030019
254922,0.46276946291490356
254923,0.5016748401288968
254924,0.19001368051231474
254925,0.24866717267897154
254926,0.23457760850100673
254927,0.5011021675203731
254928,0.27000604487753443
254929,0.8835338444966616
254930,0.16992014398625588
254931,0.802718831384277
254932,0.7473468441648752
254933,0.2462310415823944
254934,0.5405074970116489
254935,0.5440980633666787
254936,0.8667672631248836
254937,0.6137050554265275
254938,0.29129037682766645
254939,0.19502683834724868
254940,0.07545643370405551
254941,0.6564737002377047
254942,0.48967144045341127
254943,0.7399566405024975
254944,0.46773717054281183
254945,0.36779671031401545
254946,0.2980215524881716
254947,0.48378563864358404
254948,0.36038832656882747
254949,0.4636784670554174
254950,0.3420446230132578
254951,0.90981769921962
254952,0.17940105717181543
254953,0.5072106753446262
254954,0.4428668172583526
254955,0.6505424482208516
254956,0.9194985933160926
254957,0.2711332100117716
254958,0.9595084105608102
254959,0.11705700819467231
254960,0.8394698687852523
254961,0.4061521400229978
254962,0.7579594675053745
254963,0.45829716254357533
254964,0.8657946286945337
254965,0.5557560414687689
254966,0.14238186354938848
254967,0.38671763149881144
254968,0.49749796610323554
254969,0.4322269237936378
254970,0.11473904763636197
254971,0.28950872871225924
254972,0.7016330259384332
254973,0.027792801596211274
254974,0.10538994005117693
254975,0.5661232336913294
254976,0.02235241181523582
254977,0.4098154267092686
254978,0.1374914212734239
254979,0.29809881784011527
254980,0.03586475836397435
254981,0.8782707105230865
254982,0.16895205457660858
254983,0.7355479704210053
254984,0.45071152299098716
254985,0.6901523036437431
254986,0.8999913644606652
254987,0.7767258579862831
254988,0.4303407402020716
254989,0.8797523872721241
254990,0.551733698146995
254991,0.76274537430518
254992,0.5654187554824313
254993,0.8032051485994518
254994,0.1114484526477018
254995,0.1691020402597934
254996,0.4993159743842633
254997,0.256798214715868
254998,0.48020870735066196
254999,0.228560001090805
255000,0.6214088655173825
255001,0.06421659750660164
255002,0.7576049558905742
255003,0.8680989541907363
255004,0.087850705159962
255005,0.8264120243067707
255006,0.27042418678217073
255007,0.4226551101940269
255008,0.03887810708977779
255009,0.8571636343803546
255010,0.2463810272655792
255011,0.12633794046931884
255012,0.7305484476481791
255013,0.5101740288427015
255014,0.7928515914389991
255015,0.8745983337954105
255016,0.6669181578122089
255017,0.448402652474082
255018,0.4796633048663536
255019,0.8376200453593067
255020,0.21342053713054665
255021,0.5883074797405702
255022,0.08313297367069507
255023,0.3804773180741838
255024,0.6551329191304466
255025,0.596129460369692
255026,0.6739265797355707
255027,0.414855854668418
255028,0.719004095063653
255029,0.5965385122329233
255030,0.24646738265892804
255031,0.18355520609396378
255032,0.8072820321696565
255033,0.5437480967725808
255034,0.174160648301753
255035,0.7615773039846196
255036,0.6246858254439349
255037,0.2762099981365415
255038,0.8198762845364761
255039,0.8303161970902777
255040,0.09534089927779621
255041,0.5549879329700347
255042,0.517100640393417
255043,0.3177060371509992
255044,0.20867099049636173
255045,0.046840983360679204
255046,0.625085787265761
255047,0.16702496579871923
255048,0.868726167047691
255049,0.3589702801096259
255050,0.24363583476122733
255051,0.35757950377463965
255052,0.41471495902663835
255053,0.1664068429831698
255054,0.880406870253294
255055,0.21692929311293013
255056,0.5135146190590899
255057,0.800419050908777
255058,0.723594565973248
255059,0.5352898132450994
255060,0.2598024734002663
255061,0.2783734279909645
255062,0.9811381640843374
255063,0.2315597147545007
255064,0.9750160211979766
255065,0.32697333436353804
255066,0.7113593702419315
255067,0.7300712204744093
255068,0.30757973102567476
255069,0.23661377777575776
255070,0.6053331272923949
255071,0.1465541925543471
255072,0.4430486180864554
255073,0.4617968284845537
255074,0.27537371432726876
255075,0.7308438739938461
255076,0.09723162789006504
255077,0.30216661136891476
255078,0.1804282318505961
255079,0.7656905477204449
255080,0.8653537616863846
255081,0.9978274801041719
255082,0.6882933901763922
255083,0.13625972066302763
255084,0.7205857622681471
255085,0.4197281168615723
255086,0.1856231905136328
255087,0.5832579617400158
255088,0.09727707809709073
255089,0.6451429636261994
255090,0.6526149776612232
255091,0.3642061439589857
255092,0.9125674367446744
255093,0.5474386535830671
255094,0.8346203316956109
255095,0.9792883406583918
255096,0.21242972261738652
255097,0.6553647151862777
255098,0.058748937601410776
255099,0.9841787829343563
255100,0.17132910040405233
255101,0.05034519432236014
255102,0.7237172815322175
255103,0.05173142563664378
255104,0.6012516987014876
255105,0.6320714840856101
255106,0.8679807836524696
255107,0.7495102740192982
255108,0.9404602287963422
255109,0.40507497011648885
255110,0.6927247853613974
255111,0.5440389780975453
255112,0.5799128265029247
255113,0.8422832366001428
255114,0.481949450279746
255115,0.9063271233200467
255116,0.35008930965680546
255117,0.2753328091409456
255118,0.29029501729380375
255119,0.4239322610114489
255120,0.4687325300766745
255121,0.9329473095749952
255122,0.05684911894773681
255123,0.9033183196149459
255124,0.8932192836138368
255125,0.6171138209534545
255126,0.9104221869730618
255127,0.2784325132600979
255128,0.11511173933397266
255129,0.4098745119784021
255130,0.5330809331836507
255131,0.5422846001063535
255132,0.9653669422464219
255133,0.16048013598701943
255134,0.12793778775662323
255135,0.8526004335949751
255136,0.5334172647156408
255137,0.11565714181828098
255138,0.7774894214643149
255139,0.030683434763045348
255140,0.058217170179210166
255141,0.8508233305002704
255142,0.3348498552410906
255143,0.2861726835165734
255144,0.6054376627685539
255145,0.3294503706464383
255146,0.4470800514496343
255147,0.2746556010562628
255148,0.7823571386367665
255149,0.8404106880706842
255150,0.02567027692811141
255151,0.10915776221360687
255152,0.9472777598501961
255153,0.41416955654233
255154,0.6666454565700547
255155,0.29616263902082074
255156,0.8014780407324755
255157,0.8354248003599657
255158,0.31008403743279045
255159,0.052413178742029165
255160,0.18490507724262684
255161,0.4563155335172552
255162,0.06076692679335155
255163,0.2329686711722972
255164,0.44666190954499796
255165,0.4240867917153362
255166,0.803605110421278
255167,0.4533067298121543
255168,0.9851468723440036
255169,0.07053417628317296
255170,0.9237845478386154
255171,0.46447839069906965
255172,0.2485080969543816
255173,0.8022325141691021
255174,0.3735325264406579
255175,0.278441603301503
255176,0.2691288558819385
255177,0.4381718108725985
255178,0.2003263324864445
255179,0.27498738756755037
255180,0.2310143122701924
255181,0.044113970939137624
255182,0.2266056421887002
255183,0.21187977511237566
255184,0.7113730053040391
255185,0.40802014353175375
255186,0.5089423282323051
255187,0.7427336481517673
255188,0.5370169211120757
255189,0.5518518686852619
255190,0.4943982619840833
255191,0.18572318096908932
255192,0.07616545693365633
255193,0.9085541834643057
255194,0.482899359606583
255195,0.9389194667781712
255196,0.1591984401488949
255197,0.9536271537716855
255198,0.6798578317524238
255199,0.41200612668790704
255200,0.7511237563687103
255201,0.6556056012835139
255202,0.7851477813481441
255203,0.3349543907172497
255204,0.9217711036673772
255205,0.23257325437117368
255206,0.6020516223451398
255207,0.5019839015366715
255208,0.6967789438280891
255209,0.4127424200417233
255210,0.6422296053558524
255211,0.5323719099540498
255212,0.4476709041409684
255213,0.11817053826680181
255214,0.9975547788620177
255215,0.9376468609814519
255216,0.7754668872516715
255217,0.09241390594534157
255218,0.15040837011012584
255219,0.9456142822730558
255220,0.9410692615704865
255221,0.3694238277255353
255222,0.47345480658664396
255223,0.08167402202517032
255224,0.20853463987528464
255225,0.485917253353089
255226,0.2646883706555283
255227,0.27381931724699005
255228,0.5388531094759137
255229,0.21252062303143793
255230,0.9988455647415474
255231,0.819708118770481
255232,0.36847391839869825
255233,0.9489685075515519
255234,0.9395103194695053
255235,0.8320160348330387
255236,0.6421887001695293
255237,0.14179101085805446
255238,0.2808004690461365
255239,0.9153262643111341
255240,0.4901895728135041
255241,0.9532953672603979
255242,0.0050631530626622
255243,0.18358702123888174
255244,0.3667649906145322
255245,0.4505615373078024
255246,0.7823071434090383
255247,0.6558419423600474
255248,0.8968734802587026
255249,0.8957326800623577
255250,0.648501733925398
255251,0.17411519809472734
255252,0.6437340072084028
255253,0.025688457010921685
255254,0.5843987619363606
255255,0.8659627944605288
255256,0.3760777380340967
255257,0.8322932810958954
255258,0.7030601624390399
255259,0.5354034387626636
255260,0.2850636984651465
255261,0.9694892760236523
255262,0.3309502274782862
255263,0.7382749828425469
255264,0.6305307220674391
255265,0.48236759218438235
255266,0.3165561469132492
255267,0.30764336131551073
255268,0.7307029783520664
255269,0.8713668240758837
255270,0.5889392376182274
255271,0.548811249835243
255272,0.14451347825889346
255273,0.34177192177110366
255274,0.05458569863785729
255275,0.7326164320678481
255276,0.27635998381972626
255277,0.16195272269465188
255278,0.28471373187104865
255279,0.5117784211507084
255280,0.5284904622740557
255281,0.673322091982129
255282,0.7343026347485013
255283,0.041736925111693884
255284,0.7066325487112595
255285,0.2843501302148431
255286,0.4153558069457006
255287,0.9131173842496854
255288,0.7167270396916658
255289,0.06711632071484086
255290,0.21924725367124048
255291,0.5162870816876571
255292,0.8217715581694475
255293,0.9630853418537322
255294,0.5754723412765145
255295,0.6523150062948537
255296,0.06893432899586857
255297,0.8656673681148619
255298,0.7984101517582413
255299,0.5482476672681244
255300,0.30462546756900477
255301,0.3352589071043218
255302,0.5651096940746566
255303,0.3736916021652479
255304,0.4932847319119539
255305,0.14491344008071957
255306,0.823771367278578
255307,0.3375268724349039
255308,0.5500884006526651
255309,0.7222810549902056
255310,0.6159866558192173
255311,0.9097677039918918
255312,0.8317524236322896
255313,0.270274201098986
255314,0.05815808491007676
255315,0.122315597147545
255316,0.0034451256925475296
255317,0.07228400925366214
255318,0.31057489966866797
255319,0.7684811904318225
255320,0.040859736116098014
255321,0.05111330282109435
255322,0.32446902795642235
255323,0.5002840637939105
255324,0.7120138532231015
255325,0.9560769199303703
255326,0.7538734938937647
255327,0.2677244444848446
255328,0.6232677789847333
255329,0.5637098276982652
255330,0.8686489016957473
255331,0.4308316024379491
255332,0.5374577881202249
255333,0.3577113093750142
255334,0.7500738565864168
255335,0.22933719963094432
255336,0.018752755418800934
255337,0.12596979379241072
255338,0.15289904145513383
255339,0.4416260266065512
255340,0.10014953118111453
255341,0.22236059285250045
255342,0.3164197962921721
255343,0.7326255221092532
255344,0.9939505774448802
255345,0.8796978470236932
255346,0.6720858463510302
255347,0.31256107371569075
255348,0.34159466596370347
255349,0.674440167074961
255350,0.5471159571131847
255351,0.9472913949123039
255352,0.9174760591034492
255353,0.513491893955577
255354,0.9792065302857456
255355,0.9228573636152912
255356,0.10070402370682799
255357,0.6941973720690298
255358,0.8507369751069217
255359,0.07007967421291604
255360,0.972129933051845
255361,0.6597324800814468
255362,0.14347721353870765
255363,0.23220056267356298
255364,0.491394003299685
255365,0.5369123856359166
255366,0.4843174060657846
255367,0.5389167397657497
255368,0.46958699396875747
255369,0.5582421677930743
255370,0.3397812027033783
255371,0.5833352270919594
255372,0.5452615886665364
255373,0.6030333468168948
255374,0.9247526372482627
255375,0.2865317401520764
255376,0.7235445707455197
255377,0.9792656155548789
255378,0.3389176487698901
255379,0.9052499534135378
255380,0.3339953913490076
255381,0.46639638943555384
255382,0.34788951963676196
255383,0.15111739333972668
255384,0.39662123160970997
255385,0.08645992882497579
255386,0.6158684852809505
255387,0.9822107889701438
255388,0.09194576881297695
255389,0.4712868317115184
255390,0.7669404284136515
255391,0.9455551970039224
255392,0.7941332872771236
255393,0.9885510928502279
255394,0.7173360724658102
255395,0.9119584039705301
255396,0.8355066107326119
255397,0.5862394953209012
255398,0.9885510928502279
255399,0.8228669081587667
255400,0.19492684789179215
255401,0.8978415696683498
255402,0.4756091463996618
255403,0.6650228841792374
255404,0.5894619149990229
255405,0.4917439698937829
255406,0.8778571136391526
255407,0.1887456197362979
255408,0.534944391671704
255409,0.2406679362424496
255410,0.03771458178992005
255411,0.9578676580871825
255412,0.09579540134805314
255413,0.22116070738702215
255414,0.4320496679862377
255415,0.007167497647951786
255416,0.9671667704446394
255417,0.4314360901913908
255418,0.22918266892705697
255419,0.9425282132160112
255420,0.9552270010589898
255421,0.5154235277541689
255422,0.9648033596793033
255423,0.08214215915753495
255424,0.6801987083051164
255425,0.03967803073342999
255426,0.022038805386758537
255427,0.47388658355338803
255428,0.1466996332168293
255429,0.13284186509469553
255430,0.16513423718645037
255431,0.03231055217456516
255432,0.5403211511628436
255433,0.8242258693488349
255434,0.954549792974307
255435,0.8412651519627673
255436,0.3144972525349853
255437,0.5021657023647743
255438,0.273555706046241
255439,0.4944391671704064
255440,0.5002386135868849
255441,0.6501333963576205
255442,0.6873343908081502
255443,0.6007881065898256
255444,0.7834252185018703
255445,0.9688029778975643
255446,0.5521382049895238
255447,0.197408429195395
255448,0.6927429654442077
255449,0.015498520595761314
255450,0.02629748978506597
255451,0.09662714013662331
255452,0.3082160339240345
255453,0.01220792560710114
255454,0.4585107785165961
255455,0.3108566909522273
255456,0.5372169020229888
255457,0.3439580767290395
255458,0.5426618368246667
255459,0.8096908931420183
255460,0.8272892133023666
255461,0.6702496579871922
255462,0.7965603283322956
255463,0.4688188854700233
255464,0.767335845214775
255465,0.16340712931947407
255466,0.7341662841274242
255467,0.9526545193413356
255468,0.1515764404306862
255469,0.5162416314806315
255470,0.8036732857318165
255471,0.49615718499597766
255472,0.7756214179555588
255473,0.32542802732466447
255474,0.6592643429490822
255475,0.07522918266892704
255476,0.62009535453434
255477,0.1102212970580081
255478,0.10294471891319465
255479,0.1643297685220956
255480,0.3936942382772553
255481,0.1421273423900446
255482,0.6324805359488412
255483,0.0933138200444503
255484,0.7307802437040101
255485,0.5874939210348104
255486,0.640557037737307
255487,0.33374996023106884
255488,0.22337867748987597
255489,0.781211793419719
255490,0.2576799487321665
255491,0.0003772367183132519
255492,0.44285318219624487
255493,0.40788833793137924
255494,0.714245458388063
255495,0.7178360247430928
255496,0.5349353016302989
255497,0.1263743006349394
255498,0.7333345453388541
255499,0.5573149835697502
255500,0.9179169261115985
255501,0.01928906786170411
255502,0.13197831116120737
255503,0.20265792810686253
255504,0.16242540484771908
255505,0.35507519736752396
255506,0.9711436635593875
255507,0.488935147099595
255508,0.9244526658818931
255509,0.32976397707491556
255510,0.3195104103699192
255511,0.6499152353638972
255512,0.09923143699919552
255513,0.7970421005267679
255514,0.1250835147554097
255515,0.41779193804227777
255516,0.04333222737829571
255517,0.12097936106098962
255518,0.413642334140832
255519,0.2524486299035092
255520,0.1431454270274201
255521,0.10773062571300011
255522,0.4245685639098086
255523,0.7166861345053427
255524,0.6299171442725923
255525,0.5749769340199345
255526,0.46617822844183054
255527,0.14289090586807623
255528,0.9086496288990596
255529,0.6746037878202535
255530,0.35824762181791736
255531,0.36059739752114567
255532,0.4997295712681971
255533,0.6929338563137156
255534,0.8477372614432259
255535,0.19348153130837512
255536,0.35517064280227795
255537,0.026361120074901944
255538,0.7197949286659001
255539,0.18712304734548066
255540,0.6386344939801201
255541,0.7637907290667709
255542,0.29861240517950555
255543,0.3756823212329732
255544,0.24896714404534112
255545,0.8561591848050868
255546,0.4370037405520382
255547,0.28900877643497663
255548,0.8119497684311952
255549,0.5912390180937275
255550,0.3497347980420051
255551,0.8246485562741739
255552,0.9392058030824331
255553,0.09849059862467673
255554,0.7520509405920345
255555,0.5883392948854882
255556,0.41619663577567595
255557,0.27336481517673306
255558,0.17105185414119564
255559,0.5432481444952982
255560,0.15419891737606867
255561,0.2161339144899805
255562,0.4698096999831834
255563,0.6367346753264461
255564,0.10132214652237741
255565,0.2563118975006931
255566,0.08753255371078214
255567,0.44298044277591686
255568,0.52057303621018
255569,0.8879697847023693
255570,0.613900491316738
255571,0.8055276541784647
255572,0.4961480949545725
255573,0.6058012644247595
255574,0.7793710600351785
255575,0.17427427381931726
255576,0.4204189600083628
255577,0.16419796292172112
255578,0.8693533799046456
255579,0.556969561996355
255580,0.30965680548674895
255581,0.3537616863844814
255582,0.06837983647015512
255583,0.7789211029856241
255584,0.04060066993605156
255585,0.255321082987533
255586,0.46922339231255195
255587,0.4025797537507783
255588,0.6706041696019925
255589,0.1681066807259307
255590,0.3280777743942624
255591,0.1759377513964576
255592,0.8729439462596753
255593,0.09194122379227436
255594,0.20318515050836056
255595,0.6725812536076101
255596,0.7084505569922871
255597,0.9849787065780085
255598,0.30122579208348294
255599,0.3344226232950491
255600,0.20032178746574192
255601,0.24163602565209685
255602,0.7379522863726644
255603,0.1994082383045255
255604,0.8954599788202036
255605,0.17546506924339042
255606,0.9390512723785458
255607,0.1929088586998514
255608,0.47010058130814786
255609,0.09226392026215678
255610,0.030578899286886254
255611,0.6077965285131873
255612,0.04684552838138178
255613,0.6577735761586394
255614,0.7521418410060858
255615,0.8908740529313111
255616,0.04450029769885602
255617,0.4821585212320642
255618,0.9398921012085211
255619,0.5251680521404775
255620,0.6814076838119998
255621,0.4850355193367905
255622,0.32647792710695794
255623,0.4966435022111525
255624,0.39791656250994223
255625,0.08045595647688175
255626,0.7720672117661496
255627,0.8173992482535758
255628,0.4169192940673844
255629,0.7569550179301067
255630,0.6863617563778004
255631,0.4296953472623068
255632,0.09948595815853942
255633,0.028810886233586797
255634,0.7153362633566797
255635,0.11287558914830856
255636,0.3140336604233232
255637,0.9437826389299203
255638,0.31767876702678377
255639,0.8199535498884198
255640,0.28892242104162785
255641,0.9637852750419279
255642,0.7311620254430259
255643,0.29115402620658937
255644,0.8014644056703679
255645,0.6893614700414961
255646,0.6765854168465738
255647,0.913658241713291
255648,0.4281591302648383
255649,0.7756532331004768
255650,0.8732484626467474
255651,0.26177046736447884
255652,0.014694051931406547
255653,0.7416973834315816
255654,0.8074365628735439
255655,0.2725421664295681
255656,0.836601960721931
255657,0.7141000177255807
255658,0.4402443403129701
255659,0.2936810577172179
255660,0.4203053344907986
255661,0.26930156666863614
255662,0.8806204862263147
255663,0.9210211752514533
255664,0.9934188100226796
255665,0.28148676717222443
255666,0.5613282368501189
255667,0.4287408929147672
255668,0.3318592316188
255669,0.025552106389844606
255670,0.47245944705278126
255671,0.6164502479308793
255672,0.35562968989323746
255673,0.4394307816072102
255674,0.3210920775744133
255675,0.3606973879766022
255676,0.86702632930493
255677,0.9403193331545625
255678,0.7870612350639258
255679,0.9239390785425028
255680,0.6427568277573504
255681,0.8249439826198408
255682,0.7401111712063849
255683,0.8119134082655747
255684,0.4790133669058862
255685,0.8350248385381396
255686,0.1875911844778453
255687,0.10639438962644475
255688,0.34621695201821645
255689,0.06431204294135559
255690,0.2840092536621504
255691,0.3956985924070884
255692,0.07568822975988655
255693,0.9674712868317116
255694,0.25776630412551527
255695,0.8549456642775007
255696,0.12476081828552728
255697,0.16844301225792083
255698,0.9633807681993992
255699,0.02645202048895333
255700,0.11329827607364751
255701,0.5966794078747029
255702,0.44527113321001177
255703,0.5303675558242168
255704,0.7032010580808196
255705,0.2841228791797147
255706,0.20398507415201278
255707,0.2667790801787102
255708,0.7509737706855254
255709,0.4114425441207884
255710,0.8186718540502953
255711,0.4206325759813836
255712,0.05684002890633167
255713,0.2759463869357925
255714,0.8872198562864454
255715,0.5125328945873349
255716,0.5986337667768078
255717,0.6563600747201405
255718,0.02497943378132088
255719,0.8110453093113839
255720,0.4964571563623472
255721,0.862172247194586
255722,0.1118938646765536
255723,0.47291394912303825
255724,0.12805595829489005
255725,0.698501506674363
255726,0.9103403766004154
255727,0.7937060553310821
255728,0.7124229050863327
255729,0.8539003095159099
255730,0.5590420914367265
255731,0.005940342058258075
255732,0.13892310279473324
255733,0.0030042586843983072
255734,0.4656237359161171
255735,0.6749764795178642
255736,0.46310579444689365
255737,0.44380763654378447
255738,0.007144772544438939
255739,0.48798069275205547
255740,0.888606087600729
255741,0.3611882502124797
255742,0.06375755041564214
255743,0.4503161061898637
255744,0.3373768867517191
255745,0.5555424254957482
255746,0.9305384486026334
255747,0.47187768440285244
255748,0.5787311211202567
255749,0.1765013339635762
255750,0.2902404770453729
255751,0.3090295926297944
255752,0.4837583685193686
255753,0.9925279859649762
255754,0.9698483326591553
255755,0.19653124019979912
255756,0.12776053194922304
255757,0.16217542870907778
255758,0.22966444112152934
255759,0.9013185105058154
255760,0.3091977583957895
255761,0.40740202071620435
255762,0.24122697378886562
255763,0.2131251107848796
255764,0.16995650415187644
255765,0.553728962235423
255766,0.13485076424523115
255767,0.3454442984987796
255768,0.8694442803186969
255769,0.5993836951927316
255770,0.9262479490594079
255771,0.7376204998613769
255772,0.9497184359674758
255773,0.5251680521404775
255774,0.02830184391489903
255775,0.5487385295040019
255776,0.9299430508905969
255777,0.563437126456111
255778,0.8036823757732218
255779,0.9939551224655828
255780,0.9047909063225784
255781,0.8059367060416961
255782,0.6602142522759191
255783,0.09971775421437043
255784,0.6832211470723248
255785,0.6269083405674913
255786,0.7796346712359274
255787,0.2351730062130433
255788,0.024815813036028377
255789,0.4355675140100263
255790,0.6955336081555852
255791,0.2286736266083692
255792,0.7723853632153295
255793,0.8629176305898074
255794,0.7149908417832844
255795,0.38781298148813065
255796,0.7708945964248868
255797,0.5866394571427274
255798,0.9406647547279579
255799,0.8940055721953815
255800,0.48114498161539127
255801,0.6003517846023788
255802,0.6434113107385204
255803,0.728575908663264
255804,0.8105862622204244
255805,0.0353102658382609
255806,0.6924929893055664
255807,0.22062893996482155
255808,0.14694506433476806
255809,0.9727753259916099
255810,0.8687398021097986
255811,0.5428845428390927
255812,0.5674412896950747
255813,0.74242004172329
255814,0.19515864394762317
255815,0.9591039037182815
255816,0.4583789729162216
255817,0.17501511219383606
255818,0.6233404993159744
255819,0.3981801737106912
255820,0.4880670481454043
255821,0.48549456642775
255822,0.8738756755037019
255823,0.43620381690838594
255824,0.4017343799001004
255825,0.6106780716386164
255826,0.5593102476581782
255827,0.5415710318560502
255828,0.3088205216774762
255829,0.38326796078556136
255830,0.47330936592416173
255831,0.30838874471073213
255832,0.1752287281668568
255833,0.4624604015071288
255834,0.9628353657150909
255835,0.5716954290726795
255836,0.07014330450275201
255837,0.9514000936274265
255838,0.993605155871485
255839,0.05269497002558846
255840,0.9368423923170971
255841,0.9172488080683208
255842,0.11116211634343993
255843,0.050386099508683266
255844,0.3489848696260811
255845,0.5350125669822426
255846,0.22427404656828215
255847,0.6517923289140581
255848,0.5205184959617492
255849,0.8819749023956804
255850,0.6492834774862399
255851,0.2370955499702301
255852,0.12325187141227428
255853,0.3444262138614041
255854,0.7706128051413275
255855,0.24748092227560098
255856,0.7694583698828749
255857,0.512669245208412
255858,0.590525449843424
255859,0.015489430554356174
255860,0.732152839956186
255861,0.37656405524927167
255862,0.9486185409574541
255863,0.5668504370037405
255864,0.6241040627940061
255865,0.4638011826143868
255866,0.4682143977165816
255867,0.30974770590080036
255868,0.019766295035473887
255869,0.5029247208221034
255870,0.6558146722358321
255871,0.3102340231159753
255872,0.7088550638348158
255873,0.9418100999450053
255874,0.07464287499829561
255875,0.39346698724212686
255876,0.3235418437330982
255877,0.43333590884506473
255878,0.05728544093518346
255879,0.34914394535067106
255880,0.638602678835202
255881,0.49100767653996663
255882,0.36409706346212406
255883,0.31357915835306627
255884,0.42730012135205275
255885,0.07885156416887479
255886,0.05433117747851342
255887,0.15133555433345
255888,0.589471005040428
255889,0.6393889674167467
255890,0.8037414610423551
255891,0.5121283877448062
255892,0.680666845437481
255893,0.3984619649942505
255894,0.22693288367928516
255895,0.6081783102522033
255896,0.4096836211088941
255897,0.5181005449479823
255898,0.19756295989928235
255899,0.8109907690629532
255900,0.41285150053858494
255901,0.20636666500015907
255902,0.17907381568123043
255903,0.37191449907054325
255904,0.38739483958349424
255905,0.04079156080555947
255906,0.7831706973425264
255907,0.9821107985146873
255908,0.3497393430627076
255909,0.2696060830557083
255910,0.027547370478272527
255911,0.5000704478208898
255912,0.04805450388826521
255913,0.4914803586930338
255914,0.3649015321264788
255915,0.8747619545407029
255916,0.8248349021229793
255917,0.8169356561419138
255918,0.44420305334490795
255919,0.7915971657250899
255920,0.31944678008008326
255921,0.8008281027720082
255922,0.8265529199485504
255923,0.42978624767635815
255924,0.37657769031137933
255925,0.2741556487789802
255926,0.3479076997195722
255927,0.8089773248917149
255928,0.3461715018111908
255929,0.39133537253262185
255930,0.34101744833447717
255931,0.7975238727212403
255932,0.27697810663527567
255933,0.6066102781098168
255934,0.21137073279368787
255935,0.5602374318815023
255936,0.6318896832575073
255937,0.15687593456988197
255938,0.6955290631348826
255939,0.45143418128269575
255940,0.6794260547856796
255941,0.27445562014534974
255942,0.7092095754496162
255943,0.8656991832597798
255944,0.30011226201135344
255945,0.9493002940628394
255946,0.10728521368414833
255947,0.1603346953245372
255948,0.28197762940810195
255949,0.6157412247012786
255950,0.12150203844178509
255951,0.3496984378763845
255952,0.5906799805473115
255953,0.518895923570932
255954,0.30305743542661834
255955,0.6702223878629767
255956,0.531294740047541
255957,0.11945223410492635
255958,0.1560123806363938
255959,0.5057153635334809
255960,0.02941082896632594
255961,0.3128201398957372
255962,0.6057739943005441
255963,0.28967689447825434
255964,0.901954813404175
255965,0.7930606623913172
255966,0.14185464114789043
255967,0.7773394357811301
255968,0.9794701414864945
255969,0.660891460360602
255970,0.3801728016871117
255971,0.16878388881061354
255972,0.49394830493452896
255973,0.9441144254412078
255974,0.606819349062135
255975,0.9128219579040182
255976,0.2726012516987015
255977,0.40644302134796223
255978,0.8869698801478041
255979,0.03416037560051086
255980,0.43195876757218626
255981,0.6167229491730335
255982,0.30854327541461946
255983,0.6629321746560556
255984,0.23444125787992964
255985,0.5812581526308853
255986,0.33581339963003526
255987,0.8355384258775299
255988,0.40580671844960253
255989,0.28160948273119385
255990,0.09542270965044246
255991,0.024406761172797144
255992,0.4311952040941546
255993,0.12223833179560133
255994,0.7488012507896974
255995,0.08219669940596579
255996,0.5275360079265161
255997,0.5383940623849542
255998,0.42928175037837296
255999,0.7975920480317789
256000,0.8675262815822127
256001,0.054253912126569735
256002,0.10470364192508896
256003,0.5343989891873958
256004,0.7734625331218383
256005,0.6488744256230088
256006,0.9922143795364988
256007,0.8992459810654437
256008,0.9645897437062827
256009,0.7588911967494012
256010,0.051526899705028155
256011,0.38188627449198026
256012,0.6807804709550452
256013,0.6481881274969208
256014,0.5788311115757133
256015,0.5104967253125838
256016,0.038323614564064336
256017,0.10961680930456638
256018,0.5828807250217025
256019,0.5791947132319188
256020,0.008512823775912299
256021,0.35324809904509114
256022,0.6363438035460252
256023,0.017193813317819665
256024,0.664931983765186
256025,0.6331622890542267
256026,0.07981510855781947
256027,0.9912462901268515
256028,0.6515878029824426
256029,0.7239808927329664
256030,0.5189959140263884
256031,0.8660264247503647
256032,0.9774294271910409
256033,0.4016980197344798
256034,0.8651128755891484
256035,0.6410160848282663
256036,0.8388381109075953
256037,0.3924807177496693
256038,0.29870330559355696
256039,0.6767672176746765
256040,0.6622095163643471
256041,0.9783747914971752
256042,0.73962485399121
256043,0.6130051222383318
256044,0.2708059685211866
256045,0.16852936765126966
256046,0.6441248789888239
256047,0.842142340958363
256048,0.6369801064443849
256049,0.5569650169756524
256050,0.1396230359829289
256051,0.14019116357075007
256052,0.5383395221365234
256053,0.8833474986478563
256054,0.5096059012548803
256055,0.7771530899323247
256056,0.41090623167788526
256057,0.2321960176528604
256058,0.09431372459901555
256059,0.36501970266474565
256060,0.4734093563796183
256061,0.21842460492407542
256062,0.0369828334568064
256063,0.40768835702046624
256064,0.43759913826407476
256065,0.25502111162116337
256066,0.9444734820767109
256067,0.8891333100022272
256068,0.5800946273310275
256069,0.18786843074070203
256070,0.963467123592748
256071,0.4138559501138528
256072,0.7400839010821695
256073,0.1765013339635762
256074,0.3511982947082324
256075,0.9442416860208799
256076,0.0551629162670836
256077,0.15396712132023763
256078,0.09978592952490897
256079,0.5497975193277005
256080,0.39059907917880565
256081,0.8994686870798697
256082,0.6128278664309316
256083,0.7117047918153266
256084,0.7599865467387205
256085,0.4257866294580972
256086,0.9863513028301844
256087,0.7084914621786103
256088,0.8853745778812023
256089,0.433808590998132
256090,0.21011630707977874
256091,0.408397380250067
256092,0.2784643284050159
256093,0.9248162675380986
256094,0.3533753596247631
256095,0.842333231827871
256096,0.03433763140791106
256097,0.47588639266251853
256098,0.9757659496139005
256099,0.0014771317283350227
256100,0.9010776244085792
256101,0.5213365996882116
256102,0.03987346662364047
256103,0.9377877566232314
256104,0.16317533326364303
256105,0.44999340971998125
256106,0.9916826121142982
256107,0.7718263256689134
256108,0.2689016048468101
256109,0.6917067007240217
256110,0.3115520791197203
256111,0.08236486517196086
256112,0.49724798996459424
256113,0.7403066070965953
256114,0.6381118165993246
256115,0.6224769453824862
256116,0.6586371300921277
256117,0.424332222833275
256118,0.6327396021288877
256119,0.44300316787942967
256120,0.6786124960799197
256121,0.7159089359652034
256122,0.6373209829970775
256123,0.48642629567177675
256124,0.194358720303971
256125,0.12186109507728808
256126,0.6634275819126356
256127,0.441321510219479
256128,0.6262947627726445
256129,0.7499284159239346
256130,0.5839215347625909
256131,0.543239054453893
256132,0.2832547802255239
256133,0.1374323360042905
256134,0.5908981415410348
256135,0.08340567491284921
256136,0.7944423486848983
256137,0.501852095936297
256138,0.11769331109303202
256139,0.9065180141895547
256140,0.10447184586925792
256141,0.3842087800709932
256142,0.3677694401898
256143,0.6657591775330537
256144,0.2732784597833843
256145,0.34929847605455844
256146,0.8562591752605433
256147,0.4110153121747469
256148,0.49704800905368124
256149,0.24779452870407825
256150,0.9162489035137555
256151,0.6782852545893348
256152,0.8794569609264571
256153,0.6159730207571096
256154,0.6354575245090242
256155,0.18602769735616148
256156,0.7668131678339795
256157,0.7277032646883708
256158,0.9281568577544871
256159,0.9944323496393527
256160,0.5949523000077266
256161,0.8856654592061668
256162,0.7248853518527777
256163,0.14410442639566223
256164,0.1353598065639189
256165,0.7531644706641639
256166,0.9128401379868285
256167,0.5420618940919276
256168,0.44285772721694744
256169,0.7479740570218298
256170,0.9117402429768068
256171,0.3289322382863453
256172,0.2753100840374328
256173,0.934910758518505
256174,0.5924207234763954
256175,0.6482653928488644
256176,0.4066202771553624
256177,0.9479367878520687
256178,0.8831475177369433
256179,0.19310883961076444
256180,0.0030224387672085845
256181,0.5090195935842488
256182,0.06465291949404829
256183,0.5108421468859791
256184,0.9423600474500162
256185,0.35009385467750803
256186,0.6447839069906964
256187,0.3585385031428818
256188,0.6391798964644284
256189,0.7843160425595739
256190,0.007240217979192895
256191,0.9064089336926929
256192,0.5706773444353039
256193,0.09878147994964116
256194,0.6898386972152659
256195,0.6508833247735444
256196,0.38704487298939644
256197,0.016743856268265304
256198,0.4205371305466296
256199,0.5436708314206371
256200,0.04023252325914345
256201,0.8768981142709106
256202,0.36552419996273083
256203,0.4679735116193454
256204,0.9688620631666978
256205,0.2069120674844674
256206,0.7925152599070089
256207,0.07965148781252698
256208,0.7608501006722086
256209,0.8764027070143304
256210,0.37876839029001774
256211,0.9100767653996664
256212,0.9583357952195473
256213,0.2154521613845951
256214,0.6222724194508706
256215,0.2931901954813404
256216,0.8196399434599425
256217,0.5677412610614442
256218,0.34929847605455844
256219,0.5771130937501421
256220,0.051045127510555816
256221,0.6188227487376206
256222,0.9455915571695429
256223,0.5431436090191392
256224,0.5665277405338581
256225,0.17073370269201577
256226,0.9869830607078416
256227,0.5753859858831658
256228,0.4952254557519509
256229,0.043000440867008154
256230,0.16153912581071808
256231,0.17093368360292882
256232,0.031810599897282535
256233,0.9454097563414402
256234,0.8027597365706001
256235,0.8206852982215334
256236,0.21910181300875825
256237,0.7522009262752193
256238,0.6501833915853487
256239,0.03352407270215116
256240,0.939292158475782
256241,0.6397616591143573
256242,0.38366792260738747
256243,0.008217397430245294
256244,0.9529454006663001
256245,0.3181469041591484
256246,0.006158503051981401
256247,0.5840215252180474
256248,0.10324923530026679
256249,0.9992500715840761
256250,0.7321119347698629
256251,0.4563973438899014
256252,0.3335545243408583
256253,0.3322773735234364
256254,0.3634334904395489
256255,0.13695510883052073
256256,0.4790497270715068
256257,0.8072729421282515
256258,0.21947904972707152
256259,0.9715299903191059
256260,0.10254475709136854
256261,0.047659087087141686
256262,0.5210411733425446
256263,0.045736543329954873
256264,0.49969775612327916
256265,0.518209625444844
256266,0.4319133173651606
256267,0.709695892664791
256268,0.8791024493116566
256269,0.5388031142481855
256270,0.7121729289476914
256271,0.9998545593375178
256272,0.882411224383127
256273,0.25201230791606255
256274,0.24346766899523228
256275,0.4136650592443448
256276,0.7642361410956228
256277,0.4719049545270679
256278,0.4624967616727494
256279,0.9407783802455221
256280,0.6808622813276914
256281,0.08858245349307566
256282,0.016743856268265304
256283,0.6783216147549552
256284,0.24326768808431923
256285,0.49562087255307447
256286,0.17781484494661873
256287,0.33072752146386025
256288,0.6769899236891024
256289,0.9990273655696502
256290,0.6071829507183405
256291,0.6265629189940961
256292,0.3766004154148922
256293,0.6623504120061267
256294,0.2975806854800223
256295,0.3188786524922621
256296,0.6678589770976407
256297,0.01403047890883143
256298,0.6221633389540089
256299,0.17660132441903273
256300,0.4148422196063103
256301,0.4629194485980883
256302,0.5622417860113353
256303,0.30701160343785366
256304,0.14609060044268501
256305,0.28214579517409705
256306,0.6305579921916544
256307,0.3877493511982947
256308,0.876239086269038
256309,0.763863449398012
256310,0.008867335390712706
256311,0.060685116420705294
256312,0.10803968712077483
256313,0.6612232468718895
256314,0.05083605655823762
256315,0.0036632866862708557
256316,0.5254180282791188
256317,0.6300034996659409
256318,0.6397798391971675
256319,0.6280718658673491
256320,0.5869303384676918
256321,0.3882811186204953
256322,0.40304789088314297
256323,0.418264620195345
256324,0.5058108089682349
256325,0.2781598120179437
256326,0.8434694870035133
256327,0.6033651333281823
256328,0.2896087191677158
256329,0.6163411674340178
256330,0.7320483044800269
256331,0.7858068093500167
256332,0.7952286372664428
256333,0.5990155485158235
256334,0.26903795546788717
256335,0.49196667590820875
256336,0.2765054244822085
256337,0.8834929393103386
256338,0.29686257220901635
256339,0.7470196026742901
256340,0.4560519223165061
256341,0.3726189772794415
256342,0.47193222465128326
256343,0.09823607746533285
256344,0.08920057630862507
256345,0.7329891237654588
256346,0.1236200180891824
256347,0.831706973425264
256348,0.7350889233300457
256349,0.35033928579544676
256350,0.33929943050890593
256351,0.05826716540693842
256352,0.22690106853436717
256353,0.6930929320383055
256354,0.7049645261134165
256355,0.5920525767994874
256356,0.12677426245676549
256357,0.3622472400361783
256358,0.20919366787715718
256359,0.8760936456065558
256360,0.16402525213502347
256361,0.4693824680371419
256362,0.26788806523013714
256363,0.382163520754837
256364,0.05031792419814473
256365,0.7169861058717123
256366,0.03985528654083019
256367,0.755041564214325
256368,0.5599283704737275
256369,0.9004004163238963
256370,0.2896041741470132
256371,0.579244708459647
256372,0.8658809840878825
256373,0.8326387026692906
256374,0.6631821507946969
256375,0.16567054962935357
256376,0.8671808600088173
256377,0.12591979856468247
256378,0.315397166634094
256379,0.04427759168443012
256380,0.4214052295008203
256381,0.15808945509746797
256382,0.7662359502047532
256383,0.4492707514282727
256384,0.5924525386213134
256385,0.915694410988042
256386,0.24927620545311582
256387,0.6951609164579745
256388,0.61928179582858
256389,0.5979247435472069
256390,0.8407742897268897
256391,0.7655951022856909
256392,0.5416028470009682
256393,0.9243254053022212
256394,0.526081601301694
256395,0.8955599692756601
256396,0.6652501352143659
256397,0.11655705591738968
256398,0.43176333168197584
256399,0.5131146572372638
256400,0.15420800741747379
256401,0.33307729716708856
256402,0.061616845664732
256403,0.5894028297298894
256404,0.0995768585725908
256405,0.309952231832416
256406,0.951563714372719
256407,0.39766204135059835
256408,0.5808309206848438
256409,0.05031792419814473
256410,0.10305379941005631
256411,0.204689552360911
256412,0.4167329482185791
256413,0.5247135500702206
256414,0.2141068352566346
256415,0.47360479226982877
256416,0.795142281873094
256417,0.5126374300634939
256418,0.673776594052386
256419,0.9049090768608451
256420,0.9721253880311426
256421,0.31331100213161467
256422,0.8490098672399453
256423,0.9281068625267589
256424,0.7958331250198846
256425,0.5851259652487717
256426,0.48572181746287857
256427,0.7341662841274242
256428,0.46321941996445787
256429,0.9767567641270607
256430,0.5129555815126737
256431,0.028724530840237978
256432,0.5997972920766654
256433,0.2731875593693329
256434,0.7553642606842075
256435,0.6404888624267684
256436,0.42431858777116727
256437,0.6084419214529522
256438,0.016293899218710942
256439,0.0973407083869267
256440,0.054931120211252564
256441,0.6535239818017371
256442,0.05090423186877616
256443,0.23318228714531797
256444,0.0446957335890665
256445,0.7859613400539041
256446,0.9911962948991233
256447,0.8864517477877112
256448,0.521354779771022
256449,0.7920880279609673
256450,0.15235363897082552
256451,0.8560137441426046
256452,0.19755841487857978
256453,0.07238854472982123
256454,0.5772403543298139
256455,0.21027083778366612
256456,0.7243717645133875
256457,0.49543452670426913
256458,0.2087755259725208
256459,0.6796214906758901
256460,0.5889256025561197
256461,0.20463501211248017
256462,0.5612509714981752
256463,0.4985205957613137
256464,0.7208766435931115
256465,0.3782229878057094
256466,0.21848823521391142
256467,0.8727621454315725
256468,0.9914326359756569
256469,0.8083046618277347
256470,0.795869485185505
256471,0.4350902868362565
256472,0.9348607632907768
256473,0.44223960440139803
256474,0.9402875180096446
256475,0.9465596465791901
256476,0.9226573827043782
256477,0.6560964635193913
256478,0.04822721467496285
256479,0.15372169020229887
256480,0.3731189295567241
256481,0.10587171224564927
256482,0.11831143390858144
256483,0.7407792892496626
256484,0.38366792260738747
256485,0.30617531962858086
256486,0.9621308875061927
256487,0.6035196640320697
256488,0.2201017175633235
256489,0.6071329554906123
256490,0.21433863131246564
256491,0.6284400125442571
256492,0.38364519750387466
256493,0.07671085941796464
256494,0.40282063984801453
256495,0.9136946018789116
256496,0.4191781693565614
256497,0.2682289417828298
256498,0.6823303230146214
256499,0.3164152512714695
256500,0.5651142390953591
256501,0.11288013416901113
256502,0.9695756314170012
256503,0.27688266120052174
256504,0.49326655182914353
256505,0.47553188104771815
256506,0.1282559392058031
256507,0.05666277309893147
256508,0.799541861913181
256509,0.2627794619604492
256510,0.5882211243472215
256511,0.005608555546970516
256512,0.44587562096345346
256513,0.2010944409851787
256514,0.4724639920734839
256515,0.18706850709704984
256516,0.6339258525322584
256517,0.9283295685411848
256518,0.5544198053822135
256519,0.709359561132801
256520,0.36910113125565286
256521,0.6927111502992896
256522,0.11730243931261107
256523,0.5294676417251081
256524,0.2817912835592966
256525,0.5325218956372346
256526,0.8020461683202967
256527,0.13605973975211458
256528,0.0285881802191609
256529,0.6183273414810405
256530,0.23736825121238428
256531,0.9310747610455367
256532,0.16775216911113033
256533,0.36063830270746877
256534,0.552156385072334
256535,0.20338058639857104
256536,0.9469187032146932
256537,0.9273842042350503
256538,0.26898796024015886
256539,0.33315456251903225
256540,0.14308179673758414
256541,0.856886388117498
256542,0.3727371478177083
256543,0.5939387603910535
256544,0.6324805359488412
256545,0.7649088041596029
256546,0.2617931924679917
256547,0.3017302893814681
256548,0.010944409851786874
256549,0.43854904759091173
256550,0.8649128946782353
256551,0.7063598474691053
256552,0.08681898546047877
256553,0.0786243131337463
256554,0.4651192386181319
256555,0.7427927334209007
256556,0.0331786511287559
256557,0.38625858440785193
256558,0.7556596870298744
256559,0.06145322491943951
256560,0.6585553197194813
256561,0.32289645079333334
256562,0.4839310793060662
256563,0.2059167079506047
256564,0.20410324469027957
256565,0.654305725362579
256566,0.71634525795265
256567,0.09399102812913313
256568,0.19987183041618753
256569,0.5720317606046696
256570,0.02911085759995637
256571,0.30574808768253936
256572,0.6832438721758377
256573,0.8331886501743015
256574,0.44360311061216884
256575,0.08485553651696882
256576,0.11539807563823452
256577,0.19652215015839397
256578,0.783470668708896
256579,0.49073952031851503
256580,0.9379968275755496
256581,0.9633944032615068
256582,0.4129378559319337
256583,0.0512405634007663
256584,0.3415855759222983
256585,0.5483931079306066
256586,0.3921898364247049
256587,0.9987273942032806
256588,0.640461592302553
256589,0.20173983392494355
256590,0.8731121120256703
256591,0.5793992391635344
256592,0.30605714909031406
256593,0.9369423827725535
256594,0.3640697933379086
256595,0.2864771999036455
256596,0.10311742969989228
256597,0.9291794874125652
256598,0.34445348398561954
256599,0.8599679121538398
256600,0.8029460824194055
256601,0.11675249180760017
256602,0.10619895373623427
256603,0.9709255025656642
256604,0.2881452225014885
256605,0.5134191736243359
256606,0.34788497461605933
256607,0.8366201408047415
256608,0.35081651296921657
256609,0.7616818394607788
256610,0.13123747278668854
256611,0.848559910190391
256612,0.09318655946477836
256613,0.9297567050417914
256614,0.3066480017816481
256615,0.6706677998918285
256616,0.9913417355616055
256617,0.5234682143977166
256618,0.9252162293599248
256619,0.21072079483322048
256620,0.6390117306984333
256621,0.21733834497616136
256622,0.8453783956985924
256623,0.5093604701369415
256624,0.5731452906767991
256625,0.20825739361242793
256626,0.8210216297535236
256627,0.1404093245644734
256628,0.6252675880938637
256629,0.2288372473536617
256630,0.4353129928506824
256631,0.15548970325559833
256632,0.5452615886665364
256633,0.8189218301889366
256634,0.5082833002304326
256635,0.8127724171783602
256636,0.7056371891773967
256637,0.4806359392967035
256638,0.5579740115716227
256639,0.05543107248853518
256640,0.9160898277891656
256641,0.08817340162984443
256642,0.6985060516950655
256643,0.7217492875680049
256644,0.9644397580230978
256645,0.1711609346380573
256646,0.3766322305598102
256647,0.6591779875557333
256648,0.9307202494307362
256649,0.4631466996332168
256650,0.684211961585485
256651,0.512764690643166
256652,0.12277009921780192
256653,0.35471159571131844
256654,0.22351957313165563
256655,0.04675008294662782
256656,0.020134441712382
256657,0.5476840847010058
256658,0.5470750519268616
256659,0.8916285263679377
256660,0.8328159584766909
256661,0.49338017734670775
256662,0.9369151126483382
256663,0.7641997809300022
256664,0.44032160566491374
256665,0.6329395830398008
256666,0.9507365206048514
256667,0.9783520663936625
256668,0.7767213129655806
256669,0.1802737011467087
256670,0.4003299685030065
256671,0.1672476718131451
256672,0.8951827325573468
256673,0.47982238059094356
256674,0.5714636330168484
256675,0.26705178142086433
256676,0.10319015003113338
256677,0.2060803286958972
256678,0.6774762409042773
256679,0.6806713904581835
256680,0.8646492834774863
256681,0.10258566227769167
256682,0.13029210848055411
256683,0.43878993368814795
256684,0.5021747924061795
256685,0.552156385072334
256686,0.4832084210143577
256687,0.22930538448602636
256688,0.09435917480604124
256689,0.1538489507819708
256690,0.09143672649428917
256691,0.4930165756905022
256692,0.6541966448657174
256693,0.9046545557015013
256694,0.016593870585080515
256695,0.5893846496470792
256696,0.4531431090668618
256697,0.5881165888710623
256698,0.29956685952704515
256699,0.8492643883992892
256700,0.8571590893596521
256701,0.25181687202585207
256702,0.6428840883370224
256703,0.8667536280627758
256704,0.10830784334222641
256705,0.40374782407133863
256706,0.5997972920766654
256707,0.3859177078551593
256708,0.5043245871984947
256709,0.9078406152140024
256710,0.21151617345617008
256711,0.046740992905222684
256712,0.6529376741311057
256713,0.40799287340753837
256714,0.7443653105839897
256715,0.6550829239027184
256716,0.8903877357161362
256717,0.609055499247799
256718,0.47738170447366385
256719,0.9225710273110295
256720,0.6930474818312798
256721,0.8118906831620618
256722,0.9195349534817131
256723,0.17821480676844484
256724,0.026420205344035344
256725,0.5038200899005095
256726,0.08969598356520514
256727,0.8416832938674036
256728,0.8617631953313548
256729,0.5059062544029888
256730,0.9416737493239282
256731,0.6716586144049886
256732,0.025202139795746772
256733,0.6483199330972953
256734,0.9776566782261693
256735,0.09012321551124665
256736,0.20265792810686253
256737,0.5488930602078892
256738,0.3055844669372469
256739,0.0981542670926866
256740,0.07946514196372163
256741,0.7262897632498716
256742,0.7510283109339563
256743,0.3146699633216829
256744,0.05486748992141659
256745,0.9507774257911745
256746,0.5284222869635172
256747,0.6600324514478164
256748,0.8543593566068693
256749,0.3859540680207798
256750,0.4580108262393135
256751,0.655551061035083
256752,0.22000627212856955
256753,0.5204457756305081
256754,0.9814608605542199
256755,0.7087187132137387
256756,0.3688102499306884
256757,0.23676376345894257
256758,0.9564950618350067
256759,0.0034723958167629456
256760,0.846396480335968
256761,0.6148958508506006
256762,0.7186314033660424
256763,0.16098008826430205
256764,0.418791842596843
256765,0.3229146308761436
256766,0.15438071820417143
256767,0.3299639579858286
256768,0.845910163120793
256769,0.17471514082746648
256770,0.1560441957813118
256771,0.46123324591743514
256772,0.6752355456979108
256773,0.3109930415733044
256774,0.2610023588657446
256775,0.7302075710954864
256776,0.3378859290704069
256777,0.7358070366010517
256778,0.22441494221006178
256779,0.08744165329673076
256780,0.9861331418364611
256781,0.7185677730762063
256782,0.21835642961353688
256783,0.2858363519845833
256784,0.5998472873043937
256785,0.03689193304275501
256786,0.026656546420568944
256787,0.12103390130942046
256788,0.30991587166679546
256789,0.060348784888715166
256790,0.6871753150835602
256791,0.8657809936324261
256792,0.6956835938387699
256793,0.34470346012426084
256794,0.6178228441830552
256795,0.6612232468718895
256796,0.15927116048013598
256797,0.142418223715009
256798,0.8848064502933811
256799,0.352943582658019
256800,0.7540643847632726
256801,0.5563059889737798
256802,0.2745010703523754
256803,0.18406424841265154
256804,0.6363301684839175
256805,0.5648778980188255
256806,0.057989919144081706
256807,0.8301207612000673
256808,0.5650142486399026
256809,0.8478145267951696
256810,0.6111507537916835
256811,0.22630112580162803
256812,0.7833706782534395
256813,0.40687934333540887
256814,0.4414987660268792
256815,0.17365160598306525
256816,0.8493461987719354
256817,0.8064775635053018
256818,0.7422064257502694
256819,0.684866444566655
256820,0.05981701746651456
256821,0.6418614586789443
256822,0.31531081124074517
256823,0.5138373155289723
256824,0.5484249230755246
256825,0.5716863390312743
256826,0.9001095349989319
256827,0.02202517032465083
256828,0.5498747846796442
256829,0.8277028101863004
256830,0.43614018661855003
256831,0.6998377427609183
256832,0.1264788361110985
256833,0.3518573227101049
256834,0.6490971316374347
256835,0.7309484094700052
256836,0.08483735643415855
256837,0.3198785570468273
256838,0.3450579717390613
256839,0.8256984560564674
256840,0.1678703396493971
256841,0.14874943755368808
256842,0.30937955922389226
256843,0.8408742801823462
256844,0.6139186713995483
256845,0.27699174169738344
256846,0.6876979924643557
256847,0.5084741910999405
256848,0.5271405911253926
256849,0.7771212747874067
256850,0.24174056112825595
256851,0.6776216815667595
256852,0.8859563405311311
256853,0.25024429486276306
256854,0.9364060703296504
256855,0.007535644324859899
256856,0.6809531817417428
256857,0.2345048881697656
256858,0.6037150999222801
256859,0.5944296226269311
256860,0.5649233482258512
256861,0.7690402279782385
256862,0.2404725003522391
256863,0.42070984133332723
256864,0.9104767272214924
256865,0.02307052508624177
256866,0.8335704319133175
256867,0.5637416428431832
256868,0.1232927765985974
256869,0.6367483103885538
256870,0.2633157744033524
256871,0.6833574976934019
256872,0.7543507210675345
256873,0.1832234195826762
256874,0.5886847164588834
256875,0.4041796010380827
256876,0.9737161452770418
256877,0.11403456942746373
256878,0.6197453879402421
256879,0.4391217201994355
256880,0.21735198003826908
256881,0.620886188136587
256882,0.8628494552792688
256883,0.6148913058298981
256884,0.7904836356529604
256885,0.6153912581071808
256886,0.930088491553079
256887,0.5231591529899419
256888,0.9185305039064453
256889,0.8211534353538981
256890,0.72913494620968
256891,0.8435058471691339
256892,0.42600933547252307
256893,0.9346289672349457
256894,0.9621808827339209
256895,0.1582485308220579
256896,0.8776434976661319
256897,0.15647597274805589
256898,0.3121247517282441
256899,0.10097217992827956
256900,0.3179560132896405
256901,0.49164397943832633
256902,0.9013094204644102
256903,0.937560505588103
256904,0.6179501047627273
256905,0.4387081233155017
256906,0.5422300598579226
256907,0.9369605628553638
256908,0.8437785484112881
256909,0.6052104117334255
256910,0.44081701292149383
256911,0.6309352289099678
256912,0.40173892492080304
256913,0.13489621445225683
256914,0.5413392358002191
256915,0.0069902418405515835
256916,0.2788142949991137
256917,0.28509551361006447
256918,0.659846105599011
256919,0.9740206616641139
256920,0.8632266919975821
256921,0.36037014648601723
256922,0.891096758945737
256923,0.5346944155330627
256924,0.8063639379877375
256925,0.5345307947877703
256926,0.9613218738211352
256927,0.14908122406497562
256928,0.8672990305470842
256929,0.842301416682953
256930,0.3374132469173397
256931,0.32422814185918614
256932,0.4247685448207216
256933,0.9758886651728699
256934,0.7632998668308933
256935,0.4432167838524504
256936,0.16068466191863504
256937,0.706109871330464
256938,0.31433817681039533
256939,0.080833193195195
256940,0.19261343235418438
256941,0.6885751814599516
256942,0.20729839424418578
256943,0.7358615768494826
256944,0.08387835706591643
256945,0.6743219965366942
256946,0.6156412342458221
256947,0.18893196558510325
256948,0.42214606787533915
256949,0.9646988242031442
256950,0.8639948004963163
256951,0.6463019439053546
256952,0.11646161048263574
256953,0.6666727266942701
256954,0.017121092986578556
256955,0.37540961999081907
256956,0.8269347016875662
256957,0.11188931965585103
256958,0.8535094377354888
256959,0.6816849300748565
256960,0.4951845505656278
256961,0.15544879806927522
256962,0.7170997313892765
256963,0.42069620627121956
256964,0.24190418187354845
256965,0.2841092441176069
256966,0.7609637261897728
256967,0.5630553447170952
256968,0.512246558283073
256969,0.18928193217920108
256970,0.4000754473436626
256971,0.661186886706269
256972,0.552610887142591
256973,0.11243472214015934
256974,0.7027692811140756
256975,0.013271460451502355
256976,0.9213120565764178
256977,0.6903295594511434
256978,0.04131878320705751
256979,0.24020888915149008
256980,0.29165852350457455
256981,0.6752446357393158
256982,0.49631626072056756
256983,0.16912022034260368
256984,0.17771939951186477
256985,0.9064271137755032
256986,0.3057617227446471
256987,0.7365842351411911
256988,0.13424173147108687
256989,0.8071956767763078
256990,0.9654214824948528
256991,0.04369128401379868
256992,0.9006458474418352
256993,0.8840928820430778
256994,0.8115907117956923
256995,0.2987578458419878
256996,0.23793637880020543
256997,0.609046409206394
256998,0.20552583617018375
256999,0.5894482799369152
257000,0.8581226337485968
257001,0.13965030610714432
257002,0.3941714654510251
257003,0.12433358633948577
257004,0.9843833088659719
257005,0.14185464114789043
257006,0.5135327991419001
257007,0.5221501583939715
257008,0.4748092227560096
257009,0.045032065121056626
257010,0.3390949045772903
257011,0.6644956617777394
257012,0.2690015953022666
257013,0.09493184741456497
257014,0.233677694401898
257015,0.12435176642229605
257016,0.7909972229923508
257017,0.9161670931411093
257018,0.7062689470550539
257019,0.040464319314974476
257020,0.3168833884038342
257021,0.09943596293081114
257022,0.7753987119411329
257023,0.24799905463569388
257024,0.7232582344412579
257025,0.1285331854686598
257026,0.42465946432386
257027,0.5895482703923717
257028,0.0583898809659078
257029,0.9562223605928525
257030,0.1475631871503175
257031,0.6045922889178761
257032,0.35876575417801027
257033,0.1326100690388645
257034,0.9660077901654842
257035,0.20573945214320452
257036,0.8727939605764905
257037,0.42728194126924246
257038,0.10233114111834779
257039,0.21642025079424237
257040,0.0849464369310202
257041,0.23266415478522506
257042,0.48734893487439834
257043,0.41404684098336064
257044,0.10692161202794279
257045,0.635575695047291
257046,0.9810427186495835
257047,0.3410538085000977
257048,0.23089159671122303
257049,0.7055690138668582
257050,0.06445748360383781
257051,0.8962189972775326
257052,0.31610618986369476
257053,0.41736925111693884
257054,0.6485290040496134
257055,0.15552151840051634
257056,0.1227155589693711
257057,0.8434376718585953
257058,0.49316656137368703
257059,0.25750269292476624
257060,0.5939933006394844
257061,0.06572554437985464
257062,0.026856527331481996
257063,0.9901918453238554
257064,0.8292344821630663
257065,0.19880829557178634
257066,0.57583594293272
257067,0.5209275478249804
257068,0.3170106489835061
257069,0.2500215888483372
257070,0.8498688761527309
257071,0.793760595579513
257072,0.46502379318337794
257073,0.15175369623808635
257074,0.2878997913835497
257075,0.1298694215552152
257076,0.49068043504938164
257077,0.8530003954168012
257078,0.4976752219106358
257079,0.731657432699606
257080,0.9529226755627872
257081,0.02142068257120911
257082,0.39947550461092346
257083,0.8314569972866227
257084,0.6585462296780763
257085,0.3021211611618891
257086,0.739952095481795
257087,0.23022347866794535
257088,0.26456111007585636
257089,0.4586789442825912
257090,0.15052199562769009
257091,0.3424809450007045
257092,0.8171310920321243
257093,0.1663932079210621
257094,0.5476204544111699
257095,0.652628612723331
257096,0.03258325341671932
257097,0.9434872125842534
257098,0.6708086955336082
257099,0.8120815740315698
257100,0.8348112225651187
257101,0.9176033196831213
257102,0.6660318787752079
257103,0.1318510505815354
257104,0.4032978670217843
257105,0.8977324891714883
257106,0.0776516787033965
257107,0.777803027892792
257108,0.4739547588639266
257109,0.8036005654005753
257110,0.15623054163011713
257111,0.8608814613150563
257112,0.2226969243844906
257113,0.6213634153103568
257114,0.5165597829298113
257115,0.8068911603892356
257116,0.28363201694383716
257117,0.27815072197653856
257118,0.16206180319151356
257119,0.34222187882065797
257120,0.5382440767017693
257121,0.6479654214824949
257122,0.6239995273178469
257123,0.25153508074229275
257124,0.9221937905927162
257125,0.8862699469596085
257126,0.6189590993586976
257127,0.5037473695692685
257128,0.8789388285663642
257129,0.614586789442826
257130,0.8867971693611064
257131,0.19811290740429321
257132,0.3992209834515796
257133,0.6747764986069512
257134,0.6042741374686962
257135,0.44040796105826263
257136,0.7065371032765054
257137,0.6932474627421927
257138,0.05474477436244722
257139,0.6960335604328678
257140,0.054135741588302935
257141,0.41716927020602573
257142,0.9661123256416433
257143,0.36366528649538
257144,0.3252780416414796
257145,0.35170279200621757
257146,0.20778925648006327
257147,0.8918330522995532
257148,0.5045927434199463
257149,0.8404243231327919
257150,0.7571459087996146
257151,0.6172274464710187
257152,0.043577658496234455
257153,0.015871212293371996
257154,0.5446116507060691
257155,0.23653196740311153
257156,0.06091236745583376
257157,0.3612746056058285
257158,0.5210502633839498
257159,0.11063034892123934
257160,0.25334399898191534
257161,0.6848437194631423
257162,0.21432045122965535
257163,0.7221946995968567
257164,0.6559692029397194
257165,0.960585580467319
257166,0.32857318165084237
257167,0.06437112821048899
257168,0.0632303280141441
257169,0.9554724321769286
257170,0.3904718185991337
257171,0.6974334268092591
257172,0.6747855886483564
257173,0.3252371364551565
257174,0.9585357761304603
257175,0.8412469718799569
257176,0.3259825198503779
257177,0.014439530772062666
257178,0.8958599406420296
257179,0.12815594875034655
257180,0.7468968871153209
257181,0.48586725812536075
257182,0.796260356965926
257183,0.4752319096813486
257184,0.9856150094763682
257185,0.46722358320342144
257186,0.7458788024779454
257187,0.8233077751669159
257188,0.44252139568495735
257189,0.08424195872212198
257190,0.7577140363874357
257191,0.09789974593334272
257192,0.2702696560782834
257193,0.009644533930852055
257194,0.10468091682157613
257195,0.4823357770394644
257196,0.969925598011099
257197,0.41361960903731915
257198,0.9724117243354043
257199,0.25503474668327114
257200,0.634362174519705
257201,0.8487644361220066
257202,0.10699433235918389
257203,0.2978442966807714
257204,0.9596674862854
257205,0.556969561996355
257206,0.7238490871325919
257207,0.6427022875089197
257208,0.27077869839697116
257209,0.6139823016893842
257210,0.6827075597329346
257211,0.5922525577104003
257212,0.8408197399339153
257213,0.5508837792756146
257214,0.6330032133296367
257215,0.8205080424141332
257216,0.665777357615864
257217,0.8437058280800469
257218,0.6630094400079993
257219,0.21384322405588557
257220,0.21829734434440348
257221,0.7305348125860713
257222,0.6998150176574055
257223,0.6777171270015135
257224,0.2527304211870685
257225,0.31173387994782314
257226,0.059048908967780346
257227,0.4145876984469664
257228,0.5877575322355594
257229,0.12543348134950755
257230,0.06962971716336167
257231,0.2530485726362483
257232,0.13864585653187653
257233,0.5387576640411598
257234,0.8363837997282078
257235,0.3815908481463133
257236,0.8472873043936715
257237,0.6658546229678077
257238,0.3526390662709468
257239,0.2055803764186146
257240,0.7054008481008631
257241,0.9161398230168938
257242,0.9379286522650111
257243,0.7494693688329751
257244,0.5062834911213021
257245,0.503551933679058
257246,0.2955536062466764
257247,0.5290267747169589
257248,0.17123819999000095
257249,0.33974029751705515
257250,0.8519368605723999
257251,0.6470427822798733
257252,0.31806509378650216
257253,0.3147699537771394
257254,0.7972966216861118
257255,0.024061339599401876
257256,0.17911926588825614
257257,0.7983874266547284
257258,0.03897809754523432
257259,0.9156444157603139
257260,0.7745806082146705
257261,0.6211770694615514
257262,0.8145586103144701
257263,0.7360615577603956
257264,0.3029165397848387
257265,0.5143872630339832
257266,0.7816117552415452
257267,0.6325123510937593
257268,0.1339826652910404
257269,0.8830202571572714
257270,0.5365987792074393
257271,0.8960508315115375
257272,0.47985874075656415
257273,0.10599897282532121
257274,0.7197812936037924
257275,0.7668540730203026
257276,0.6027151953677149
257277,0.8603496938928556
257278,0.14418169174760592
257279,0.6258448057230901
257280,0.5592647974511524
257281,0.13780957272260375
257282,0.003390585444116698
257283,0.47528190490907685
257284,0.12728330477545324
257285,0.6856072829411738
257286,0.4764317951468269
257287,0.012748783070706886
257288,0.007162952627249217
257289,0.7388294753682604
257290,0.16619777203085162
257291,0.5781857186359485
257292,0.2194472345821535
257293,0.25541652842228696
257294,0.4429213575067834
257295,0.16393889674167467
257296,0.17470605078606136
257297,0.8813113293731053
257298,0.6949473004849537
257299,0.7155453343089978
257300,0.3375177823934988
257301,0.0679389694620059
257302,0.3923989073770231
257303,0.9204075974566064
257304,0.464473845678367
257305,0.6563009894510069
257306,0.12995123192786143
257307,0.27913244644829355
257308,0.44820267156316895
257309,0.27525099876829934
257310,0.4958981188159312
257311,0.5655323809999955
257312,0.8826066602733376
257313,0.10092218470055131
257314,0.8821885183687013
257315,0.08323750914685417
257316,0.6379027456470066
257317,0.5358670308743257
257318,0.6927247853613974
257319,0.8289345107966967
257320,0.8543548115861668
257321,0.25510746701451226
257322,0.6037605501293059
257323,0.6079010639893465
257324,0.3170151940042087
257325,0.9108494189191032
257326,0.02137977738488599
257327,0.5810309015957568
257328,0.6042332322823731
257329,0.92080301425773
257330,0.9849287113502803
257331,0.08901877548052231
257332,0.48413106021697927
257333,0.35465705546288756
257334,0.38438149085769086
257335,0.36245176596779394
257336,0.819930824784907
257337,0.8811840687934334
257338,0.7079233345907892
257339,0.956090554992478
257340,0.8748392198926467
257341,0.18097817935560698
257342,0.9190440912458356
257343,0.4998386517650588
257344,0.9455915571695429
257345,0.2600433594975025
257346,0.182159884738275
257347,0.1634889396921203
257348,0.30105762631748784
257349,0.5618872743965349
257350,0.3338181355416074
257351,0.6063512119297704
257352,0.5767585821353417
257353,0.4597242990441821
257354,0.9424100426777444
257355,0.18145995155007932
257356,0.2520577581230882
257357,0.056753673512982855
257358,0.3624472209470914
257359,0.697128910422187
257360,0.15068107135228004
257361,0.48747165043336765
257362,0.6881706746174229
257363,0.4753591702610205
257364,0.9756295989928234
257365,0.36384708732348275
257366,0.448634448529913
257367,0.30360738293162925
257368,0.7926607005694911
257369,0.6960926457020012
257370,0.29092223015075835
257371,0.5750496543511756
257372,0.7294712777416702
257373,0.23679103358315798
257374,0.6492107571549989
257375,0.3064662009535453
257376,0.8309343199058272
257377,0.8968916603415128
257378,0.5865031065216503
257379,0.9621854277546235
257380,0.15101285786356758
257381,0.2150703796455793
257382,0.2495352716331623
257383,0.06476654501161251
257384,0.3299639579858286
257385,0.7477013557796757
257386,0.34175374168829337
257387,0.40725203503301954
257388,0.44892987487558006
257389,0.43305411756150547
257390,0.8006872071302285
257391,0.6140459319792202
257392,0.8915785311402095
257393,0.6427886429022684
257394,0.03700555856031924
257395,0.9369923780002818
257396,0.3330545720635757
257397,0.6991378095727226
257398,0.4572608978233896
257399,0.6568054867489922
257400,0.26185227773712505
257401,0.13416901113984575
257402,0.4348403106976152
257403,0.6755536971470906
257404,0.8182991623526846
257405,0.11180750928320478
257406,0.6400525404393217
257407,0.605310402188882
257408,0.9232845955613328
257409,0.2821821553397176
257410,0.6279127901427591
257411,0.11263924807177496
257412,0.48672626703814637
257413,0.6360620122624658
257414,0.051717790574536064
257415,0.6671999490957681
257416,0.08237850023406856
257417,0.7379704664554748
257418,0.5705364487935243
257419,0.29031319737661404
257420,0.36082010353557153
257421,0.2391998945555197
257422,0.9094950027497376
257423,0.6917385158689398
257424,0.9618400061812282
257425,0.7988237486421751
257426,0.8055458342612751
257427,0.8513596429431737
257428,0.5338081364960617
257429,0.57861295058199
257430,0.8443830361647298
257431,0.903200149076679
257432,0.5465523745460661
257433,0.973048027233764
257434,0.426695633598611
257435,0.5987610273564796
257436,0.10504451847778166
257437,0.11287558914830856
257438,0.3880175074197463
257439,0.3822453311274832
257440,0.4776589507365206
257441,0.18632312370182846
257442,0.60107898791479
257443,0.4534839856195545
257444,0.004372309915871666
257445,0.7673085750905595
257446,0.6790351830052587
257447,0.5886938065002886
257448,0.9876693588339296
257449,0.9759704755455161
257450,0.8650037950922866
257451,0.90178664763818
257452,0.7399702755646052
257453,0.743033619518137
257454,0.6122188336567874
257455,0.14856309170488272
257456,0.21941541943723553
257457,0.7261761377323074
257458,0.8351339190350012
257459,0.26692452084119245
257460,0.06524831720608487
257461,0.44441212429722615
257462,0.31866503651924133
257463,0.39828016416614775
257464,0.5792674335631599
257465,0.2677062644020344
257466,0.4723549115766222
257467,0.5200912640157076
257468,0.8532412815140373
257469,0.4747683175696865
257470,0.03312411088032506
257471,0.5391076306352576
257472,0.6859663395766769
257473,0.5413165106967063
257474,0.5569195667686266
257475,0.6723494575517792
257476,0.8070184209689075
257477,0.2892223924079974
257478,0.6001790738156813
257479,0.7363297139818472
257480,0.34826675635507515
257481,0.8915876211816145
257482,0.14706777989373743
257483,0.6446748264938347
257484,0.9802291599438235
257485,0.4416532967307666
257486,0.6514650874234733
257487,0.5290494998204717
257488,0.8615086741720108
257489,0.7864203871448635
257490,0.5423527754168921
257491,0.8560682843910354
257492,0.6488198853745779
257493,0.4803905081787647
257494,0.15015839397148453
257495,0.7856795487703447
257496,0.08310115852577707
257497,0.757995827670995
257498,0.7469786974879671
257499,0.45778357520418506
257500,0.3395175915026293
257501,0.4689052408633721
257502,0.7400975361442771
257503,0.9964821539762114
257504,0.9895237272805778
257505,0.6518832293281097
257506,0.4710595806763899
257507,0.10076765399666396
257508,0.7400202707923336
257509,0.2868771617254717
257510,0.27843705828080045
257511,0.5051245108421469
257512,0.19032728694079204
257513,0.42454583880629576
257514,0.41592847955422435
257515,0.3811272560346512
257516,0.8668808886424478
257517,0.34317633316819757
257518,0.561991809872694
257519,0.8081546761445498
257520,0.1258879834197645
257521,0.3293231100667663
257522,0.5607464742001901
257523,0.7610409915417164
257524,0.8736438794478709
257525,0.27208311933860857
257526,0.525531653796683
257527,0.22703741915544426
257528,0.6240722476490881
257529,0.38231805145872433
257530,0.6434567609455462
257531,0.9731843778548411
257532,0.33736325168961145
257533,0.2106753446261948
257534,0.2005763086250858
257535,0.12489262388590179
257536,0.25436662863999343
257537,0.5310174937846842
257538,0.6110643983983347
257539,0.10230841601483495
257540,0.43444489389649166
257541,0.5147417746487836
257542,0.021038900832193293
257543,0.37303257416337526
257544,0.7027283759277524
257545,0.7641088805159508
257546,0.31417910108580543
257547,0.20701205793992392
257548,0.8435558423968621
257549,0.9402375227819163
257550,0.20785288676989924
257551,0.010044495752678153
257552,0.842005990337286
257553,0.4243413128746801
257554,0.28085046427386473
257555,0.40947909517727854
257556,0.3967257670858691
257557,0.7274169283841088
257558,0.8580590034587607
257559,0.5582694379172898
257560,0.9017457424518569
257561,0.5326082510305835
257562,0.6563555296994378
257563,0.8325159871103214
257564,0.43367678539775745
257565,0.15265815535789767
257566,0.7762031806054877
257567,0.3213738688579726
257568,0.3803864176601324
257569,0.682134887124411
257570,0.02143431763331682
257571,0.06460292426632003
257572,0.0494770953681694
257573,0.6933338181355416
257574,0.4017843751278287
257575,0.29726253403084246
257576,0.7508374200644484
257577,0.46571918135087104
257578,0.17039282613932308
257579,0.6808940964726095
257580,0.6070556901386687
257581,0.7318074183827908
257582,0.9194576881297695
257583,0.5754178010280838
257584,0.30937046918248706
257585,0.7905018157357707
257586,0.40447502738374974
257587,0.2631476086373573
257588,0.35295721772012667
257589,0.5886074511069399
257590,0.3275096468064412
257591,0.8440739747569551
257592,0.2655337445062062
257593,0.758386699451416
257594,0.9810199935460706
257595,0.4332359183896083
257596,0.42401861640479765
257597,0.6234223096886206
257598,0.044582108071502265
257599,0.22928720440321604
257600,0.9616718404152331
257601,0.6005563105339945
257602,0.7559596583962441
257603,0.7261125074424715
257604,0.7920153076297263
257605,0.26924248139950274
257606,0.8667127228764527
257607,0.09818153721690202
257608,0.9432554165284224
257609,0.8011689793247009
257610,0.7167270396916658
257611,0.17510146758718487
257612,0.940378418423696
257613,0.01820735293449262
257614,0.826757445880166
257615,0.3149517546052422
257616,0.20598942828184583
257617,0.5637552779052909
257618,0.08925966157775848
257619,0.676444521204794
257620,0.878443421309784
257621,0.5502611114393626
257622,0.15484431031583348
257623,0.33429536271537713
257624,0.7990509996773035
257625,0.8682989351016495
257626,0.4337222356047831
257627,0.5499884101972085
257628,0.3970984587834797
257629,0.9511864776544058
257630,0.8616859299794111
257631,0.7726807895609964
257632,0.24992614341358327
257633,0.649388012962399
257634,0.4106698906013517
257635,0.5290676799032821
257636,0.9659668849791611
257637,0.26946518741392866
257638,0.5378122997350253
257639,0.19632216924748092
257640,0.7626044786634003
257641,0.48518550501997537
257642,0.8054912940128443
257643,0.8257075460978726
257644,0.6030924320860281
257645,0.3568523004622286
257646,0.9119811290740429
257647,0.9888828793615155
257648,0.928315933479077
257649,0.34862581299057815
257650,0.7830298017007468
257651,0.6327123320046723
257652,0.20345330672981216
257653,0.6662227696447157
257654,0.053494893669240665
257655,0.7286668090773154
257656,0.8305479931461088
257657,0.8544275319174078
257658,0.8229169033864949
257659,0.3146881434044932
257660,0.23540480226887434
257661,0.5582103526481563
257662,0.8577590320923912
257663,0.20353511710245842
257664,0.14574517886928975
257665,0.7362069984228778
257666,0.5313674603787821
257667,0.4112243831270651
257668,0.5687775257816299
257669,0.9357424973070753
257670,0.39646215588512
257671,0.5282632112389273
257672,0.3724735366169593
257673,0.38692670245112964
257674,0.6768944782543485
257675,0.01951177387613001
257676,0.4376036832847774
257677,0.39137627771894495
257678,0.014816767490375917
257679,0.6003426945609737
257680,0.3628744528931329
257681,0.7124910803968713
257682,0.045154780680026
257683,0.8721531126574282
257684,0.7072415814854037
257685,0.012226105689911415
257686,0.8913603701464861
257687,0.9343880811377097
257688,0.4377173088023416
257689,0.5986292217561051
257690,0.7034101290331377
257691,0.2005763086250858
257692,0.7251126028879062
257693,0.25809354561610026
257694,0.48904422759645666
257695,0.8346248767163135
257696,0.8116134368992052
257697,0.32772326277946195
257698,0.13538253166743178
257699,0.9875511882956627
257700,0.3224646738265893
257701,0.5173233464078429
257702,0.7418064639284432
257703,0.2716786124960799
257704,0.6167002240695206
257705,0.24655373805227682
257706,0.8130087582548939
257707,0.17017012012489716
257708,0.1665250135214366
257709,0.8022870544175329
257710,0.7137000559037547
257711,0.7791392639793474
257712,0.6858663491212202
257713,0.024515841669658808
257714,0.34168102135705225
257715,0.8033233191377187
257716,0.8250848782616206
257717,0.8013553251735062
257718,0.041718745028883605
257719,0.5350943773548889
257720,0.4480026906522559
257721,0.009221847005513109
257722,0.9586312215652143
257723,0.5220138077728944
257724,0.7269760613759596
257725,0.8683262052258648
257726,0.582485308220579
257727,0.673681148617632
257728,0.6960517405156781
257729,0.5366351393730598
257730,0.36909658623495023
257731,0.546743265415574
257732,0.06826621095259088
257733,0.0764063430308925
257734,0.09986319487685266
257735,0.44575745042518666
257736,0.21492948400379963
257737,0.7245899255071108
257738,0.509165034246731
257739,0.4499479595129556
257740,0.7011785238681763
257741,0.8394516887024421
257742,0.18087364387944788
257743,0.3383313410992587
257744,0.3398448329932143
257745,0.7901473041209703
257746,0.71093213829589
257747,0.15068561637298258
257748,0.9011185295949024
257749,0.8477736216088464
257750,0.10099945005249499
257751,0.8134905304493661
257752,0.23247780893641973
257753,0.2893132928220488
257754,0.5526017971011858
257755,0.7659496139004913
257756,0.25599374605151326
257757,0.35058926193408807
257758,0.4792178928375018
257759,0.8326796078556138
257760,0.9608219215438526
257761,0.11147117775121465
257762,0.6496243540389327
257763,0.35117102458401694
257764,0.9792792506169866
257765,0.11276196363074434
257766,0.3167833979483776
257767,0.5824625831170661
257768,0.454438439967094
257769,0.16258902559301158
257770,0.696138095909027
257771,0.344417123819999
257772,0.254930211207112
257773,0.07157498602406133
257774,0.13342362774462438
257775,0.13527799619127268
257776,0.04563200785379577
257777,0.862563118975007
257778,0.48124951709155034
257779,0.6417251080578672
257780,0.21522491034946667
257781,0.9993546070602352
257782,0.8471645888347021
257783,0.34826221133437263
257784,0.9528363201694384
257785,0.6140595670413279
257786,0.15406711177569415
257787,0.1714200008181037
257788,0.271751332827321
257789,0.3305639007185677
257790,0.2311143027256489
257791,0.30915230818876377
257792,0.07908336022470581
257793,0.1136118825021248
257794,0.4740047540916549
257795,0.951859140718386
257796,0.03348316751582804
257797,0.637252807686539
257798,0.8395334990750883
257799,0.836361074624695
257800,0.957135909754069
257801,0.5189959140263884
257802,0.6140232068757073
257803,0.9155035201185342
257804,0.5547379568313934
257805,0.12702878361610936
257806,0.13147381386322216
257807,0.48987142136432427
257808,0.7643134064475664
257809,0.6475972748055867
257810,0.5294676417251081
257811,0.30800241795101374
257812,0.3816726585189595
257813,0.976688588816522
257814,0.6966198681034992
257815,0.61337326891524
257816,0.2803505119965821
257817,0.15488067048145404
257818,0.4316815213093295
257819,0.5197367524009072
257820,0.49986592188927415
257821,0.9648533549070316
257822,0.011398911922043805
257823,0.2563709827698265
257824,0.39724389944596195
257825,0.06366210498088819
257826,0.02234786679453325
257827,0.08125133509983137
257828,0.9561314601788011
257829,0.388358383972439
257830,0.21448861699565042
257831,0.9410919866739994
257832,0.7341935542516396
257833,0.3765413301457588
257834,0.6406343030892506
257835,0.6564146149685711
257836,0.5142009171851778
257837,0.5659323428218216
257838,0.2813958667581731
257839,0.4161148254030297
257840,0.3228328205034974
257841,0.17274714686325396
257842,0.032110571263652105
257843,0.0704250957863113
257844,0.7989646442839548
257845,0.49062589480095076
257846,0.24404943164516116
257847,0.46444203053344907
257848,0.8178492053031302
257849,0.30797969284750093
257850,0.49019866285490926
257851,0.817440153439899
257852,0.6631367005876713
257853,0.4169738343158153
257854,0.17618318251439635
257855,0.8412924220869826
257856,0.9215165825080334
257857,0.2713877311711154
257858,0.5588057503601929
257859,0.560451047854523
257860,0.637834570336468
257861,0.5285177323982712
257862,0.7524872625794811
257863,0.38603587839342607
257864,0.5479113357361344
257865,0.20302152976306806
257866,0.7332481899455052
257867,0.4604287772530804
257868,0.3485394575972294
257869,0.2061439589857332
257870,0.5483885629099041
257871,0.44044886624458573
257872,0.34165829625353944
257873,0.5215093104749092
257874,0.046000154530703885
257875,0.01748923966348667
257876,0.7111457542689107
257877,0.9294612786961245
257878,0.1359961094622786
257879,0.7960012907858796
257880,0.23230964317042463
257881,0.8240895187277578
257882,0.4243913081024084
257883,0.6671135937024194
257884,0.4888578817476513
257885,0.9977456697315257
257886,0.32815049472550345
257887,0.9536362438130906
257888,0.02742465491930316
257889,0.5867530826602916
257890,0.6735675231000677
257891,0.4214688597906563
257892,0.5426663818453693
257893,0.4107198858290799
257894,0.6877979829198122
257895,0.1158162175428709
257896,0.10214479526954244
257897,0.7288804250503361
257898,0.9929370378282074
257899,0.6671863140336605
257900,0.1981629026320215
257901,0.3610337195085923
257902,0.7894337358706669
257903,0.746642365955977
257904,0.9822698742392771
257905,0.6121961085532746
257906,0.5036155639688938
257907,0.7527417837388249
257908,0.6468518914103654
257909,0.4563018984551474
257910,0.5982656200998996
257911,0.022752373637061916
257912,0.4662236786488562
257913,0.01162616295717227
257914,0.7583730643893084
257915,0.24577199449143491
257916,0.4568154857945378
257917,0.07673812954218005
257918,0.17187450288836068
257919,0.8634312179291976
257920,0.6965153326273401
257921,0.9690665890983134
257922,0.49489821426136593
257923,0.9711800237250081
257924,0.3953622608750983
257925,0.5342444584835083
257926,0.5262724921712019
257927,0.39610309924961706
257928,0.5655096558964826
257929,0.6774853309456824
257930,0.893323819089996
257931,0.5766676817212902
257932,0.5049108948691261
257933,0.9431508810522632
257934,0.6601142618204626
257935,0.2330277564414306
257936,0.6247949059407967
257937,0.17059735207093868
257938,0.411774330632076
257939,0.528308661445953
257940,0.366914976297717
257941,0.01428500006817531
257942,0.3198058367155862
257943,0.4912894678235259
257944,0.04729548543093614
257945,0.6043104976343168
257946,0.46733720872098566
257947,0.8358520323060071
257948,0.6103644652101391
257949,0.5360761018266438
257950,0.5336354257093642
257951,0.8385472295826308
257952,0.08396925747996781
257953,0.16703405584012435
257954,0.809927234218552
257955,0.694310997586594
257956,0.5949386649456188
257957,0.254339358515778
257958,0.5626826530194845
257959,0.8625358488507915
257960,0.6692270283291141
257961,0.5326718813204194
257962,0.45450661527763253
257963,0.28621358870289654
257964,0.28998141086532647
257965,0.9126265220138078
257966,0.15830307107048874
257967,0.384358765754178
257968,0.18077365342399135
257969,0.9844969343835361
257970,0.6782125342580936
257971,0.1501038537230537
257972,0.5170688252484991
257973,0.5957885838169993
257974,0.6764263411219839
257975,0.5829352652701333
257976,0.6933792683425674
257977,0.6052058667127229
257978,0.8180355511519355
257979,0.2864226596552147
257980,0.9261343235418437
257981,0.8624176783125248
257982,0.6447157316801578
257983,0.7698356066011881
257984,0.5844305770812787
257985,0.5709818608223761
257986,0.8588043868539822
257987,0.8349748433104114
257988,0.36762854454802035
257989,0.29460824194054197
257990,0.9531408365565105
257991,0.4525613464169329
257992,0.4648601724380854
257993,0.26836983742460946
257994,0.25176233177742124
257995,0.8827657359979275
257996,0.27539643943078157
257997,0.09540907458833474
257998,0.8231714245458389
257999,0.5899845923798183
258000,0.5870894141922817
258001,0.5870212388817432
258002,0.31806509378650216
258003,0.07772894405534017
258004,0.5964339767567641
258005,0.28727712354729773
258006,0.8301389412828776
258007,0.7990964498843293
258008,0.10274928302298417
258009,0.695756314170011
258010,0.6472473082114889
258011,0.38731302921084804
258012,0.6257766304125515
258013,0.26650183391585347
258014,0.042086891705791725
258015,0.33986755809672714
258016,0.4541339235800219
258017,0.8604360492862045
258018,0.5168733893582885
258019,0.8773980665481932
258020,0.9491821235245728
258021,0.9752978124815359
258022,0.8490053222192427
258023,0.3899764113425536
258024,0.45193413355997836
258025,0.19695847214584064
258026,0.2508942328232305
258027,0.9969412010671709
258028,0.4984569654714777
258029,0.7542280055085652
258030,0.9223392312551985
258031,0.6826530194845037
258032,0.6854209370923685
258033,0.48748074047477286
258034,0.47375023293231094
258035,0.7292576617686494
258036,0.9832879588766528
258037,0.22779643761277332
258038,0.08718713213738687
258039,0.7198449238936284
258040,0.46577372159930186
258041,0.8008599179169261
258042,0.17665586466746358
258043,0.6306807077506238
258044,0.13551888228850884
258045,0.8881470405097696
258046,0.5365624190418188
258047,0.807541098349703
258048,0.5094422805095877
258049,0.2673790229114493
258050,0.23549570268292572
258051,0.48053594884124695
258052,0.8894151012857864
258053,0.6692633884947347
258054,0.09225937524145422
258055,0.22370591898046097
258056,0.6371391821689748
258057,0.6470564173419809
258058,0.6371073670240568
258059,0.017584685098240623
258060,0.3714054567518555
258061,0.9276114552701789
258062,0.09146399661850459
258063,0.4056067375386894
258064,0.6415205821262516
258065,0.8471691338554047
258066,0.10503088341567396
258067,0.45121602028897234
258068,0.8229578085728181
258069,0.8417560141986447
258070,0.9352789051954132
258071,0.07130682980260974
258072,0.6363756186909432
258073,0.9748069502456583
258074,0.024779452870407826
258075,0.5548697624317679
258076,0.7002195244999342
258077,0.0296835302084801
258078,0.4086519014094109
258079,0.758586680362329
258080,0.210493543798092
258081,0.8108362383590657
258082,0.74815131282923
258083,0.2192745237954559
258084,0.3558569409283659
258085,0.9327291485812719
258086,0.5285949977502148
258087,0.8882152158203082
258088,0.3467123592747965
258089,0.6521968357565869
258090,0.04432304189145582
258091,0.6090964044341223
258092,0.6407933788138406
258093,0.6495516337076916
258094,0.4950391099031456
258095,0.5052654064839266
258096,0.6094009208211943
258097,0.6439385331400185
258098,0.749237572777144
258099,0.09951777330345739
258100,0.9643670376918567
258101,0.8723349134855309
258102,0.4414624058612587
258103,0.03749187577549416
258104,0.8868108044232142
258105,0.01565305129964867
258106,0.3235418437330982
258107,0.15317628771799058
258108,0.03990982678926103
258109,0.36791033583157967
258110,0.01383958803932352
258111,0.9484958253984846
258112,0.20795287722535577
258113,0.08982324414487708
258114,0.11459815199458233
258115,0.08845519291340372
258116,0.47378204807722896
258117,0.5843351316465247
258118,0.6328623176878572
258119,0.5495339081269516
258120,0.37995009567268573
258121,0.1419182714377264
258122,0.8818021916089829
258123,0.09495457251807782
258124,0.8647401838915377
258125,0.7859431599710937
258126,0.2849455279268797
258127,0.5921980174619697
258128,0.4226142050077038
258129,0.6021425227591911
258130,0.4918030551629162
258131,0.5493157471332283
258132,0.983401584394217
258133,0.29656714586334937
258134,0.9015321264788362
258135,0.30451184205144055
258136,0.2848728075956386
258137,0.03651469632444176
258138,0.9967139500320424
258139,0.07947877702582935
258140,0.33771321828370926
258141,0.42516396162184517
258142,0.4779543770821876
258143,0.6056012835138465
258144,0.8003781457224538
258145,0.5784175146917794
258146,0.2782234423077797
258147,0.09222756009653624
258148,0.25935706137141457
258149,0.4138514050931502
258150,0.8401743469941505
258151,0.9478549774794225
258152,0.9578222078801569
258153,0.11901136709677711
258154,0.19361333690874963
258155,0.3847632725967067
258156,0.09043227691902136
258157,0.8470009680894097
258158,0.5973566159593857
258159,0.6490244113061935
258160,0.24228596361256427
258161,0.9944096245358398
258162,0.16297080733202743
258163,0.15874393807863796
258164,0.15212184291499448
258165,0.38823112339276705
258166,0.3800500861281423
258167,0.8378018461874094
258168,0.9851968675717317
258169,0.7740806559373878
258170,0.7088414287727082
258171,0.5468523459124356
258172,0.3581112711968403
258173,0.9047999963639834
258174,0.252303189241027
258175,0.3656332804595925
258176,0.6601142618204626
258177,0.7950286563555298
258178,0.2219197258443512
258179,0.7815481249517092
258180,0.6094736411524354
258181,0.28962689925052604
258182,0.34219915371714515
258183,0.6042195972202654
258184,0.6875071015948478
258185,0.7661132346457838
258186,0.5727407838342704
258187,0.9756386890342286
258188,0.8328341385595012
258189,0.4764272501261243
258190,0.5369123856359166
258191,0.7957422246058331
258192,0.8826748355838762
258193,0.22443312229287207
258194,0.7633544070793242
258195,0.44504842719558585
258196,0.048086319033183195
258197,0.6792669790610896
258198,0.11573895219092722
258199,0.3796592143477213
258200,0.5150235659323429
258201,0.6490880415960295
258202,0.5736952381818099
258203,0.9181487221674295
258204,0.8413196922111981
258205,0.7972920766654092
258206,0.6695679048818067
258207,0.33434535794310544
258208,0.4211188931965585
258209,0.772253557614955
258210,0.054603878720667576
258211,0.5562696288081592
258212,0.7820708023325046
258213,0.5690865871894047
258214,0.19020457138182265
258215,0.01702110253112203
258216,0.9223710464001164
258217,0.7106548920330332
258218,0.0889006049422555
258219,0.7277259897918836
258220,0.690565900527677
258221,0.742610932592798
258222,0.4865353761686384
258223,0.14783588839247164
258224,0.2883042982260784
258225,0.2002945173415265
258226,0.019966275946386936
258227,0.15094468255302904
258228,0.9433963121702019
258229,0.9950868326205226
258230,0.6122551938224079
258231,0.8498416060285156
258232,0.3200149076679044
258233,0.4461665022884179
258234,0.9545634280364148
258235,0.3657514509978593
258236,0.5425391212656975
258237,0.9975047836342895
258238,0.4933619972638975
258239,0.9315338081364961
258240,0.7578049368014871
258241,0.5423845905618101
258242,0.9814154103471942
258243,0.707914244549384
258244,0.5937751396457611
258245,0.0459683393857859
258246,0.5102103890083219
258247,0.5310538539503048
258248,0.7477240808831885
258249,0.7883429309020503
258250,0.3056071920407597
258251,0.055753768958417604
258252,0.9779884647374569
258253,0.9543952622704197
258254,0.9434735775221457
258255,0.5799855468341659
258256,0.6135141645570196
258257,0.6582053531253835
258258,0.04690006862981261
258259,0.020379872830320743
258260,0.8589725526199773
258261,0.9625717545143418
258262,0.6460110625803901
258263,0.957304075520064
258264,0.6653319455870123
258265,0.4434394898668763
258266,0.28003690556810484
258267,0.6056240086173593
258268,0.2331322919175897
258269,0.2501761195522245
258270,0.04617741033810409
258271,0.6157503147426836
258272,0.2853773048936238
258273,0.5162052713150108
258274,0.6600915367169498
258275,0.5956295080924093
258276,0.005458569863785729
258277,0.15566241404229597
258278,0.6718995005022248
258279,0.41232882315778946
258280,0.19166352302734738
258281,0.5537835024838539
258282,0.1339826652910404
258283,0.3303593747869521
258284,0.22934628967234946
258285,0.38593134291726694
258286,0.7909744978888379
258287,0.4740592943400857
258288,0.11704337313256462
258289,0.29633534980751836
258290,0.46792806141231974
258291,0.5843942169156581
258292,0.01304875443707646
258293,0.6889115129919418
258294,0.19274978297526146
258295,0.7105367214947664
258296,0.8772435358443058
258297,0.22123797273896584
258298,0.6599415510337651
258299,0.31399275523700004
258300,0.47050963317137906
258301,0.48662173156198724
258302,0.9264115698047005
258303,0.7519236800123624
258304,0.7319710391280833
258305,0.934447166406843
258306,0.5287995236818304
258307,0.033219556315079016
258308,0.1770194663236691
258309,0.5932388272028579
258310,0.9038409969957414
258311,0.18376427704628195
258312,0.7830797969284751
258313,0.8889242390499089
258314,0.7163543479940552
258315,0.7971511810236296
258316,0.8400743565386941
258317,0.5887801618936375
258318,0.8216352075483704
258319,0.8038959917462424
258320,0.8124542657291804
258321,0.2896814394989569
258322,0.044391217201994355
258323,0.2994668690715886
258324,0.48450375191459
258325,0.31290195026838347
258326,0.2549211211657069
258327,0.6871071397730216
258328,0.9431781511764786
258329,0.6161230064402944
258330,0.6632912312915585
258331,0.7781484494661873
258332,0.3977529417646497
258333,0.5036246540102991
258334,0.04495025474841038
258335,0.4215415801218974
258336,0.3832134205371305
258337,0.7562187245762905
258338,0.4087200767199494
258339,0.01682566664091155
258340,0.12143386313124656
258341,0.5312356547784075
258342,0.7674040205253135
258343,0.5738043186786717
258344,0.8114498161539125
258345,0.80438685398212
258346,0.6837392794324179
258347,0.6061285059153445
258348,0.6527604183237055
258349,0.3760368328477736
258350,0.2058303525572559
258351,0.35894300998541045
258352,0.240695206366665
258353,0.32036032924129965
258354,0.2757327709627717
258355,0.7484740092991125
258356,0.4182146249676167
258357,0.925825262134069
258358,0.6450020679844197
258359,0.19128174128833159
258360,0.2138568591179933
258361,0.26456111007585636
258362,0.9111039400784471
258363,0.06799805473113929
258364,0.45624735820671664
258365,0.7743488121588394
258366,0.14747683175696866
258367,0.8235123010985316
258368,0.10437185541380141
258369,0.155894210098127
258370,0.5079106085328219
258371,0.2525531653796683
258372,0.10282654837492783
258373,0.9840515223546843
258374,0.7683130246658274
258375,0.37270987769349284
258376,0.5996745765176961
258377,0.6626049331654706
258378,0.9867058144449848
258379,0.6447884520113989
258380,0.8388153858040824
258381,0.760318333250008
258382,0.7305711727516919
258383,0.8666854527522373
258384,0.525754359811109
258385,0.38817203812363366
258386,0.2805004976797669
258387,0.5536516968834793
258388,0.6819712663791184
258389,0.052172292644793
258390,0.9935369805609465
258391,0.015194004208689169
258392,0.9842969534726231
258393,0.5467296303534662
258394,0.3036573781593575
258395,0.8832475081923998
258396,0.09620445321128437
258397,0.6521604755909663
258398,0.08814613150562901
258399,0.769035682957536
258400,0.12046577372159929
258401,0.7531281104985434
258402,0.31432454174828767
258403,0.15104921802918814
258404,0.20862099526863345
258405,0.3757550415642143
258406,0.13552797232991398
258407,0.3154335267997146
258408,0.9619809018230078
258409,0.8573363451670523
258410,0.9326882433949487
258411,0.7493921034810314
258412,0.5354579790110945
258413,0.12797869294294636
258414,0.7083187513919127
258415,0.9090904959072089
258416,0.9256434613059663
258417,0.42585480476863574
258418,0.9715799855468342
258419,0.07454742956354166
258420,0.7104367310393099
258421,0.4109607719263161
258422,0.8059321610209934
258423,0.7237127365115148
258424,0.21412047031874232
258425,0.019139082178519323
258426,0.5367169497457062
258427,0.312874680144168
258428,0.661091441271515
258429,0.9954549792974308
258430,0.15432163293503803
258431,0.6429977138545866
258432,0.7738852200471774
258433,0.6477063553024485
258434,0.0111034855763768
258435,0.8696578962917176
258436,0.7387476649956141
258437,0.3254780225523927
258438,0.9708527822344231
258439,0.7714263638470874
258440,0.2760918275982747
258441,0.09454552065484657
258442,0.39783475213729597
258443,0.054172101753923486
258444,0.300021361597302
258445,0.8250348830338923
258446,0.9698074274728321
258447,0.22662382227151046
258448,0.8757618590952682
258449,0.13733689056953657
258450,0.005081333145472477
258451,0.40627485558196713
258452,0.5840215252180474
258453,0.2455720135805219
258454,0.09216847482740284
258455,0.27661450497907014
258456,0.8177219447234583
258457,0.5472659427963695
258458,0.9772748964871535
258459,0.8029733525436209
258460,0.7293349271205931
258461,0.8328614086837166
258462,0.6558555774221552
258463,0.3624608560091991
258464,0.695979020184437
258465,0.6363847087323483
258466,0.30730702978352065
258467,0.19767658541684657
258468,0.9252389544634375
258469,0.01617572868044414
258470,0.16567509465005614
258471,0.6778125724362675
258472,0.8806068511642071
258473,0.46575554151649157
258474,0.2895723590020952
258475,0.17259716118006918
258476,0.6014016843846725
258477,0.3879766022334231
258478,0.6762809004595016
258479,0.8747664995614056
258480,0.8482690288654265
258481,0.423382313506438
258482,0.6004790451820508
258483,0.7372841683293867
258484,0.788029324473573
258485,0.05030883415673958
258486,0.4923393676058194
258487,0.7323664559292068
258488,0.1710700342240059
258489,0.9696756218724577
258490,0.3922716467973511
258491,0.01097167997600229
258492,0.5368942055531063
258493,0.9369469277932562
258494,0.2672426722903723
258495,0.6522013807772895
258496,0.8004735911572077
258497,0.12187927516009835
258498,0.5564332495534517
258499,0.16980197344798906
258500,0.7545597920198527
258501,0.22015171279105178
258502,0.6976834029479004
258503,0.4896032651428727
258504,0.6875116466155503
258505,0.8337249626172047
258506,0.8887878884288318
258507,0.3329409465460115
258508,0.8863153971666341
258509,0.7309302293871949
258510,0.27047418200989903
258511,0.5847941787374842
258512,0.42768644811177114
258513,0.5779493775594148
258514,0.7397884747365024
258515,0.602556119643125
258516,0.8980824557655861
258517,0.3361497311620254
258518,0.08445102967444017
258519,0.29389012866953607
258520,0.17586048604451393
258521,0.11053490348648537
258522,0.15865303766458658
258523,0.704969071134119
258524,0.6628412742420042
258525,0.2600569945596102
258526,0.30064857445425663
258527,0.14096836211088942
258528,0.49716617959194803
258529,0.7893155653324002
258530,0.6265720090355011
258531,0.45243863085796354
258532,0.6593325182596207
258533,0.8225214865853714
258534,0.2935265270133305
258535,0.019684484662827642
258536,0.28983142518214167
258537,0.2817958285799992
258538,0.8624903986437659
258539,0.5691956676862663
258540,0.4148467646270128
258541,0.5104376400434504
258542,0.27514646329214026
258543,0.3387994782316233
258544,0.8531594711413911
258545,0.3495620872553074
258546,0.8028506369846514
258547,0.3450034314906304
258548,0.9878784297862477
258549,0.15472159475686412
258550,0.5078060730566628
258551,0.9851196022197882
258552,0.47720899368696623
258553,0.9328018689125129
258554,0.680012362456311
258555,0.27653723962712645
258556,0.866435476613596
258557,0.5073833861313239
258558,0.48834883942896357
258559,0.09564996068557091
258560,0.5223592293462896
258561,0.9024911258470782
258562,0.6856754582517124
258563,0.6993650606078511
258564,0.27399657305439024
258565,0.12018852745874258
258566,0.9321655660141532
258567,0.30501633934942574
258568,0.2235059380695479
258569,0.7535780675480976
258570,0.7210811695247272
258571,0.06263038528140495
258572,0.9908917785120511
258573,0.7371887228946329
258574,0.6751355552424542
258575,0.6423295958113089
258576,0.2823821362506306
258577,0.5462796733039119
258578,0.8824657646315579
258579,0.17103821907908792
258580,0.15313083751096487
258581,0.45124783543389035
258582,0.09581812645156598
258583,0.8936237904563655
258584,0.07747442289599628
258585,0.7299212347912245
258586,0.4609559996545784
258587,0.6592007126592462
258588,0.9605264951981857
258589,0.8794115107194314
258590,0.1291104030978861
258591,0.36044286681725834
258592,0.9399511864776544
258593,0.8682534848946237
258594,0.8362201789829152
258595,0.9849014412260648
258596,0.4145740633848587
258597,0.8839292612977852
258598,0.24363583476122733
258599,0.8337976829484459
258600,0.8932692788415652
258601,0.900564037069189
258602,0.11978856563691646
258603,0.3094886397207539
258604,0.019143627199221892
258605,0.013489621445225683
258606,0.9445416573872494
258607,0.020907095231818783
258608,0.7197631135209821
258609,0.08112861954086201
258610,0.12422905086332668
258611,0.6202271601347144
258612,0.3458351702792006
258613,0.8470736884206508
258614,0.9884101972084482
258615,0.3066252766781353
258616,0.24088155221547036
258617,0.8707668813431446
258618,0.18342794551429184
258619,0.3867039964367038
258620,0.1427636452884043
258621,0.8925693456533694
258622,0.07195676776307715
258623,0.684443757641316
258624,0.5677412610614442
258625,0.9600038178173902
258626,0.3042800459956095
258627,0.9039818926375209
258628,0.6884115607146591
258629,0.606451202385227
258630,0.46060148803977796
258631,0.9008640084355585
258632,0.7853341271969494
258633,0.7865703728280482
258634,0.6648319933097295
258635,0.6880479590584535
258636,0.2738420423505029
258637,0.5130601169888329
258638,0.958285799991819
258639,0.03518300525858895
258640,0.14599060998722851
258641,0.8978688397925653
258642,0.7213084205598557
258643,0.44242595025020337
258644,0.17527417837388248
258645,0.4171783602474309
258646,0.8800205434935756
258647,0.719858558955736
258648,0.8588225669367924
258649,0.8150721976538603
258650,0.815740315697138
258651,0.6697906108962327
258652,0.44275319174078837
258653,0.042632294190100034
258654,0.97097095277269
258655,0.8965053335817944
258656,0.08042868635266633
258657,0.7494784588743801
258658,0.7096413524163603
258659,0.15877120820285337
258660,0.08240577035828398
258661,0.5293449261661387
258662,0.3646697360706478
258663,0.1450588807432018
258664,0.31196567600365416
258665,0.013057844478481599
258666,0.15895755405165873
258667,0.9603037891837597
258668,0.29278568863881177
258669,0.7605501293058391
258670,0.44922530122124704
258671,0.8784297862476764
258672,0.7233809500002273
258673,0.18525958885742727
258674,0.31681066807259306
258675,0.092409360924639
258676,0.7589457369978321
258677,0.2896950745610646
258678,0.5363897082551211
258679,0.20226705632644157
258680,0.6768762981715382
258681,0.7038782661655024
258682,0.6933565432390545
258683,0.45845623826816534
258684,0.06347121411138028
258685,0.5447570913685512
258686,0.58271710427641
258687,0.6135368896605324
258688,0.14419532680971364
258689,0.4374764227051054
258690,0.7075051926861528
258691,0.20268974325178052
258692,0.7970739156716858
258693,0.5525290767699447
258694,0.12976943109975866
258695,0.4494798223805909
258696,0.3819180896368983
258697,0.858277164452484
258698,0.3088932420087173
258699,0.37167361297330703
258700,0.33241826916521605
258701,0.3211329827607365
258702,0.15368078501597576
258703,0.301393957849478
258704,0.45933342726376114
258705,0.7768758436694679
258706,0.2916085282768463
258707,0.16022561482767553
258708,0.6221451588711987
258709,0.9591766240495226
258710,0.35079833288640627
258711,0.9759704755455161
258712,0.9450961499129629
258713,0.08206489380559129
258714,0.09226392026215678
258715,0.674144740729294
258716,0.028551820053540344
258717,0.4769453824862172
258718,0.6008653719417693
258719,0.24798541957358616
258720,0.9424782179882829
258721,0.923293685602738
258722,0.30001681657659945
258723,0.8116816122097437
258724,0.49220301698474234
258725,0.7917426063875721
258726,0.2390817240172529
258727,0.6926838801750743
258728,0.394921393866949
258729,0.3930170301925725
258730,0.48963053526708816
258731,0.5720317606046696
258732,0.03790092763872539
258733,0.5576785852259557
258734,0.7545507019784475
258735,0.1066534558064912
258736,0.7069825153053573
258737,0.4773135291631253
258738,0.9763795274087473
258739,0.40821557942196424
258740,0.8186036787397567
258741,0.7286668090773154
258742,0.8498552410906232
258743,0.6269447007331118
258744,0.039468959781111805
258745,0.3083205694001936
258746,0.46473745687911605
258747,0.7579867376295899
258748,0.8160493771049128
258749,0.9234254912031125
258750,0.7472741238336341
258751,0.675190095490885
258752,0.9795701319419511
258753,0.5091877593502439
258754,0.08039232618704578
258755,0.1185114148194945
258756,0.9526045241136074
258757,0.02774280636848301
258758,0.7402747919516773
258759,0.5500793106112598
258760,0.044582108071502265
258761,0.686566282309416
258762,0.8256848209943597
258763,0.4078292526622459
258764,0.010099036001108985
258765,0.8190718158721213
258766,0.6238359065725545
258767,0.20827102867453562
258768,0.28425013975938657
258769,0.5689638716304353
258770,0.6879025183959714
258771,0.2691515809854514
258772,0.5538789479186077
258773,0.3117747851341463
258774,0.7432108753255371
258775,0.7477149908417833
258776,0.9160034723958168
258777,0.7502420223524119
258778,0.11714336358802113
258779,0.8908058776207726
258780,0.4885715454433895
258781,0.66568191218111
258782,0.9653214920393962
258783,0.1430272564891533
258784,0.7969102949263934
258785,0.6649592538894016
258786,0.7862931265651916
258787,0.7101867549006686
258788,0.7662723103703738
258789,0.0883688375200549
258790,0.601828916330714
258791,0.6134096290808605
258792,0.17831479722390137
258793,0.5239954367992147
258794,0.36327895973566154
258795,0.9656169183850632
258796,0.5158007644724822
258797,0.20827102867453562
258798,0.6599324609923598
258799,0.30562537212357
258800,0.9273887492557529
258801,0.4143149972048123
258802,0.8713531890137759
258803,0.5805763995254999
258804,0.6490425913890038
258805,0.5331127483285687
258806,0.2198062912176565
258807,0.5833761322782826
258808,0.22533303639198077
258809,0.29504910894869124
258810,0.9269160671026856
258811,0.5458206262129524
258812,0.3430672526713359
258813,0.7821798828293663
258814,0.8651765058789843
258815,0.27605092241195156
258816,0.37619136355166094
258817,0.08810977134000844
258818,0.13484621922452858
258819,0.20504860899641397
258820,0.8989823698646947
258821,0.009390012771508173
258822,0.832720513041937
258823,0.5149417555596967
258824,0.4125151690065948
258825,0.7859022547847705
258826,0.08115588966507742
258827,0.29412192472536713
258828,0.6539284886442658
258829,0.39069906963426215
258830,0.9582448948054959
258831,0.9638170901868458
258832,0.01123074615604874
258833,0.4172283554751592
258834,0.22915085378213898
258835,0.9282750282927539
258836,0.4725321673840224
258837,0.4482708468737075
258838,0.6544375309629535
258839,0.8395334990750883
258840,0.4833765867803528
258841,0.9697392521622936
258842,0.11087123501847551
258843,0.9764340676571782
258844,0.6554556156003291
258845,0.44920712113843675
258846,0.7638543593566068
258847,0.2504897259807018
258848,0.4257911744787997
258849,0.4144740729294022
258850,0.6598415605783085
258851,0.7929106767081324
258852,0.11906590734520796
258853,0.9868467100867645
258854,0.6003654196644865
258855,0.7460742383681558
258856,0.21982901632116936
258857,0.11313465532835501
258858,0.626953790774517
258859,0.14413169651987764
258860,0.5503656469155217
258861,0.5422073347544099
258862,0.3743869903327409
258863,0.12700151349189398
258864,0.6456565509655897
258865,0.12109753159925642
258866,0.869939687575277
258867,0.5300221342508216
258868,0.09581812645156598
258869,0.5862804005072243
258870,0.551892773871585
258871,0.8287572549892965
258872,0.8543411765240592
258873,0.010189936415160371
258874,0.9940778380245522
258875,0.9187486649001687
258876,0.7973238918103271
258877,0.5024838538139541
258878,0.16604778634766681
258879,0.8893514709959505
258880,0.9384695097286169
258881,0.8021870639620764
258882,0.7121092986578554
258883,0.4104426395662232
258884,0.4911849323473668
258885,0.5594056930929321
258886,0.9018911831143391
258887,0.9735297994282365
258888,0.20543039073542982
258889,0.08015598511051217
258890,0.16937474150194753
258891,0.9110766699542316
258892,0.5308902332050123
258893,0.623935897028011
258894,0.8486371755423345
258895,0.37675040109807695
258896,0.9647851795964931
258897,0.9444734820767109
258898,0.2763690738611314
258899,0.6494925484385582
258900,0.039478049822516945
258901,0.08955054290272291
258902,0.5614736775126011
258903,0.19230891596711222
258904,0.4716913385540471
258905,0.6934019934460802
258906,0.6353029938051368
258907,0.6400798105635371
258908,0.10411733425445753
258909,0.8894423714100018
258910,0.8582907995145918
258911,0.45877438971734513
258912,0.18580499134173556
258913,0.14709050499725027
258914,0.6362256330077585
258915,0.009576358620313516
258916,0.15094013753232646
258917,0.5860576944927985
258918,0.4055703773730689
258919,0.4286227223765004
258920,0.9726071602256148
258921,0.763536207907427
258922,0.8930102126615187
258923,0.37388249303475574
258924,0.9575540516587053
258925,0.6391208111952951
258926,0.6642911358461239
258927,0.41507401566214136
258928,0.7329254934756227
258929,0.936346985060517
258930,0.5071152299098722
258931,0.5799128265029247
258932,0.10992132569163852
258933,0.20343967166770446
258934,0.3909626808350112
258935,0.10554447075506429
258936,0.3668695260906913
258937,0.35961112802868817
258938,0.20688934238095455
258939,0.04741820098990551
258940,0.6448066320942092
258941,0.7930470273292095
258942,0.04817267442653202
258943,0.6925793446989151
258944,0.31196567600365416
258945,0.021979720117625137
258946,0.1715745315219911
258947,0.8993686966244131
258948,0.19069543361770014
258949,0.11713881856731856
258950,0.0850827875520973
258951,0.9382831638798115
258952,0.3410129033137746
258953,0.8519005004067793
258954,0.8622631476086374
258955,0.6924793542434586
258956,0.6065875530063041
258957,0.7255171097304349
258958,0.9605583103431037
258959,0.377836661045991
258960,0.44738911285740907
258961,0.27391476268174403
258962,0.41053808500097716
258963,0.06952518168720258
258964,0.9557587684811905
258965,0.6048604451393276
258966,0.5315447161861823
258967,0.9653124019979911
258968,0.5746724176328624
258969,0.7733943578112998
258970,0.44725730725703455
258971,0.8587725717090642
258972,0.6821667022693289
258973,0.7439153535344353
258974,0.75257361797283
258975,0.9044954799769114
258976,0.9756523240963363
258977,0.7945968793887856
258978,0.020166256857299985
258979,0.5760859190713613
258980,0.5324037250989678
258981,0.2658246258311706
258982,0.12998759209348199
258983,0.27695538153176286
258984,0.07969693801955267
258985,0.24004981342690015
258986,0.5526427022875089
258987,0.34353084478299795
258988,0.5425118511414819
258989,0.3343589930052131
258990,0.6773807954695233
258991,0.016743856268265304
258992,0.3489848696260811
258993,0.6329123129155854
258994,0.5825943887174406
258995,0.4573472532167384
258996,0.1486403570568264
258997,0.19195440435231184
258998,0.4584289681439499
258999,0.5903845542016445
259000,0.03481031356097827
259001,0.3916444339403966
259002,0.7030328923148245
259003,0.041096077192631614
259004,0.10337649587993873
259005,0.36366528649538
259006,0.07376568600269974
259007,0.0834102199335518
259008,0.5652187745715181
259009,0.5556515059926098
259010,0.4032206016698406
259011,0.5337808663718464
259012,0.041077897109821335
259013,0.23110521268424378
259014,0.698565136964199
259015,0.11480722294690052
259016,0.25378486599006456
259017,0.9816926566100509
259018,0.7728398652855863
259019,0.826789261025084
259020,0.9304657282713923
259021,0.41194704141877364
259022,0.7849023502302053
259023,0.03980529131310193
259024,0.12333822680562309
259025,0.2836456520059448
259026,0.6551011039855288
259027,0.3997982010808059
259028,0.7260352420905277
259029,0.3751914589970957
259030,0.40689297839751654
259031,0.23686829893510167
259032,0.2571209111857504
259033,0.6693270187845706
259034,0.6159139354879762
259035,0.18589589175578694
259036,0.27176042286872615
259037,0.3521618390971771
259038,0.4929484003799637
259039,0.7807345662459493
259040,0.30257111821144345
259041,0.1250971498175174
259042,0.07727444198508324
259043,0.7188768344839812
259044,0.7692402088891516
259045,0.8401925270769609
259046,0.08500097717945104
259047,0.8725439844378491
259048,0.6338167720353967
259049,0.8123360951909135
259050,0.7451743242690472
259051,0.343108157857659
259052,0.43682193972393546
259053,0.2840865190140941
259054,0.08027415564877897
259055,0.6563737097822481
259056,0.6631048854427533
259057,0.5236909204121425
259058,0.4976843119520409
259059,0.4087291667613546
259060,0.14145013430536177
259061,0.7440517041555124
259062,0.3270324196326714
259063,0.6855481976720404
259064,0.5846305579921918
259065,0.9544725276223633
259066,0.9630262565845988
259067,0.31611527990509997
259068,0.14687688902422952
259069,0.09766340485680912
259070,0.31460178801114436
259071,0.2057439971639071
259072,0.38011371641797825
259073,0.30995677685311857
259074,0.09091404911349371
259075,0.6956108735075288
259076,0.448043595838579
259077,0.9162170883688375
259078,0.0499361424591289
259079,0.21521582030806152
259080,0.6164820630757973
259081,0.009767249489821425
259082,0.896341712836502
259083,0.9664168420287155
259084,0.7084914621786103
259085,0.4598197444789361
259086,0.10279018820930728
259087,0.11514809949959322
259088,0.11986583098886015
259089,0.5552969943778094
259090,0.07272487626181137
259091,0.79750569263843
259092,0.27178314797223896
259093,0.8220397143908991
259094,0.45537925925252587
259095,0.5570877325346217
259096,0.24300862190427278
259097,0.9254207552915403
259098,0.15107648815340355
259099,0.9399648215397621
259100,0.12524259047999967
259101,0.553569886510833
259102,0.1506128960417415
259103,0.5551151935497067
259104,0.6753537162361775
259105,0.3051572349912054
259106,0.16297535235272997
259107,0.5859349789338291
259108,0.3237509146854164
259109,0.4972207198403788
259110,0.2637430063493939
259111,0.9302021170706433
259112,0.5433981301784829
259113,0.4010299016912022
259114,0.6481244972070849
259115,0.49450279746024245
259116,0.8245440207980148
259117,0.044850264292953856
259118,0.7874475618236442
259119,0.4828811795237727
259120,0.49404829538998546
259121,0.6546102417496512
259122,0.7759168443012259
259123,0.7051872321278424
259124,0.04736820576217725
259125,0.7720763018075547
259126,0.28767254034842127
259127,0.029719890374100652
259128,0.7212220651665069
259129,0.7661086896250813
259130,0.20700751291922137
259131,0.6794396898477874
259132,0.8827202857909019
259133,0.3886492652974034
259134,0.00869916962471764
259135,0.2197017557414974
259136,0.3945123420037178
259137,0.07530644802087073
259138,0.9360879188804705
259139,0.37153726235223
259140,0.9905690820421688
259141,0.9868421650660619
259142,0.20757564050704252
259143,0.6323396403070617
259144,0.4203825998427423
259145,0.5720999359152081
259146,0.32666881797646585
259147,0.0030042586843983072
259148,0.19027729171306376
259149,0.03748733075479159
259150,0.6095463614836766
259151,0.12604251412365183
259152,0.34580790015498514
259153,0.42619113630062583
259154,0.20011271651342372
259155,0.9223028710895778
259156,0.37120547584094243
259157,0.9538680398689215
259158,0.2165520563946169
259159,0.46724176328623174
259160,0.6267674449257117
259161,0.19387240308879608
259162,0.34139923007349293
259163,0.6764490662254967
259164,0.7483921989264661
259165,0.09394557792210743
259166,0.996918475963658
259167,0.8619677212629704
259168,0.568577544870717
259169,0.39591220838010915
259170,0.07376568600269974
259171,0.13740961090077766
259172,0.27668722531031126
259173,0.14279546043332228
259174,0.7853068570727341
259175,0.4194236004745001
259176,0.7811663432126933
259177,0.5210320833011395
259178,0.24006344848900787
259179,0.9969230209843606
259180,0.985628644538476
259181,0.36202453402175244
259182,0.3531935587966603
259183,0.7795937660496044
259184,0.7387158498506962
259185,0.054667509010503545
259186,0.4364537930470273
259187,0.774321542034624
259188,0.3630380736384254
259189,0.35979292885679093
259190,0.18139632126024335
259191,0.4543929897600683
259192,0.8841383322501034
259193,0.870866871798601
259194,0.418169174760591
259195,0.150712886497198
259196,0.27029692620249884
259197,0.9901963903445581
259198,0.0620622576935838
259199,0.747105958067639
259200,0.8494370991859869
259201,0.31571531808327385
259202,0.3726326123415492
259203,0.30396189454642963
259204,0.013226010244476664
259205,0.23765458751664614
259206,0.26414751319192253
259207,0.5736406979333791
259208,0.6054058476236359
259209,0.48424923075524606
259210,0.8385881347689539
259211,0.7638452693152018
259212,0.8510460365146963
259213,0.047722717376977655
259214,0.8580999086450839
259215,0.5244726639729844
259216,0.726244313042846
259217,0.5511019402693379
259218,0.06677089914144559
259219,0.3304502752010035
259220,0.9798519232255104
259221,0.10397643861267787
259222,0.8211398002917903
259223,0.70076038196354
259224,0.35023929533999026
259225,0.2864999250071584
259226,0.8890514996295807
259227,0.9326473382086256
259228,0.2781598120179437
259229,0.4302952899950459
259230,0.28169583812454263
259231,0.03788729257661769
259232,0.41000177255807396
259233,0.5650233386813077
259234,0.21893819226346578
259235,0.35669322473763865
259236,0.7195904027342844
259237,0.5621417955558788
259238,0.8130133032755964
259239,0.3104839992546166
259240,0.7342708196035833
259241,0.9597947468650719
259242,0.825871166843165
259243,0.5784038796296718
259244,0.903159243890356
259245,0.2196881206793897
259246,0.9073406629367198
259247,0.8277982556210544
259248,0.06532103753732597
259249,0.03254689325109875
259250,0.6978652037760033
259251,0.621995173188014
259252,0.8573636152912677
259253,0.2951400093627426
259254,0.4604105971702701
259255,0.8417832843228601
259256,0.187277578049368
259257,0.6725994336904205
259258,0.3237327346026061
259259,0.41932815503974613
259260,0.5062607660177892
259261,0.28600451775057834
259262,0.31766058694397353
259263,0.9340108444193964
259264,0.5901482131251109
259265,0.6747174133378178
259266,0.5390030951590984
259267,0.49346653274005664
259268,0.47607273851132387
259269,0.6237177360342877
259270,0.923325500747656
259271,0.4766181409956322
259272,0.04570927320573945
259273,0.49338017734670775
259274,0.8849655260179711
259275,0.7554778862017717
259276,0.2965444207598365
259277,0.11309829516273445
259278,0.19022729648533548
259279,0.46559646579190167
259280,0.1478722485580922
259281,0.7607728353202649
259282,0.013098749664804723
259283,0.36767853977574866
259284,0.6151140118443239
259285,0.8098408788252031
259286,0.33905854441166977
259287,0.2818230987042146
259288,0.0015680321423864087
259289,0.10926229768976597
259290,0.5115738952190928
259291,0.6123506392571618
259292,0.048254484799178265
259293,0.2400179982819822
259294,0.4563837088277937
259295,0.2429040864281137
259296,0.17165179687393475
259297,0.06344394398716487
259298,0.7243172242649566
259299,0.3952986305852623
259300,0.7660859645215684
259301,0.25193504256411886
259302,0.4673099385967703
259303,0.4996795760404688
259304,0.7259716118006918
259305,0.1649433463169425
259306,0.8390971770876416
259307,0.1356734129923962
259308,0.6267356297807937
259309,0.7500102262965808
259310,0.008081046809168215
259311,0.7703991891683067
259312,0.003935987928425013
259313,0.5754132560073811
259314,0.9081405865803719
259315,0.9145672458538049
259316,0.8250621531581077
259317,0.4939801200794469
259318,0.39067179951004677
259319,0.9734161739106723
259320,0.2856681862185882
259321,0.8509914962662655
259322,0.2681153162652656
259323,0.10516268901604846
259324,0.5555560605578558
259325,0.3766004154148922
259326,0.43161789101949355
259327,0.19755841487857978
259328,0.6053922125615282
259329,0.3951895500884006
259330,0.44518477781666294
259331,0.54746137868658
259332,0.8996323078251621
259333,0.6683634743956259
259334,0.2932447357297712
259335,0.12355638779934643
259336,0.15129919416782944
259337,0.3024438576317715
259338,0.20120806650274292
259339,0.1561487312574709
259340,0.871089577813027
259341,0.40065266497288893
259342,0.42655473795683135
259343,0.2460401507128865
259344,0.3139791201748924
259345,0.006158503051981401
259346,0.19917189722799186
259347,0.09012321551124665
259348,0.7718036005654006
259349,0.7849750705614463
259350,0.1640979724662646
259351,0.9872148567636726
259352,0.18782298053367635
259353,0.2687470741429227
259354,0.609541816462974
259355,0.370978224805814
259356,0.29640807013875947
259357,0.7568050322469219
259358,0.6224224051340553
259359,0.7665677367160408
259360,0.740574763318047
259361,0.4712731966494107
259362,0.46567373114384536
259363,0.3201785284131969
259364,0.18083728371382732
259365,0.926543375405075
259366,0.5565514200917185
259367,0.41908726894251
259368,0.8042005081333146
259369,0.8130996586689453
259370,0.18931829234482161
259371,0.5437390067311756
259372,0.4938074092927493
259373,0.2605705818990005
259374,0.9367469468823431
259375,0.8628630903413765
259376,0.33316819758113997
259377,0.8774798769208394
259378,0.561041900545857
259379,0.6300216797487513
259380,0.293226555646961
259381,0.4933120020361692
259382,0.20839374423350498
259383,0.3513164652464992
259384,0.8939828470918686
259385,0.2584207871066852
259386,0.2825593920580308
259387,0.2727603274232914
259388,0.09833606792078937
259389,0.33571795419528133
259390,0.06964335222546938
259391,0.924707187041237
259392,0.5787538462237696
259393,0.1818462783097977
259394,0.2514987205766722
259395,0.34079474232005125
259396,0.58206262129524
259397,0.7149908417832844
259398,0.7436926475200095
259399,0.8099045091150391
259400,0.3506438021825189
259401,0.9582585298676036
259402,0.17550597442971352
259403,0.6314215461251427
259404,0.5207957422246058
259405,0.3039846196499425
259406,0.6834393080660484
259407,0.1213247826343849
259408,0.9438462692197563
259409,0.9478549774794225
259410,0.8934238095454524
259411,0.07722444675735497
259412,0.293226555646961
259413,0.5749314838129088
259414,0.3402129796701224
259415,0.44888896968925696
259416,0.630753428081865
259417,0.4375491430363465
259418,0.12938310434004027
259419,0.05311765695092741
259420,0.25346216952018213
259421,0.566191409001868
259422,0.5519654942028261
259423,0.5779039273523892
259424,0.7019148172219924
259425,0.6366710450366102
259426,0.33251825962067255
259427,0.30143031801509856
259428,0.930015771221838
259429,0.6039468959781112
259430,0.016980197344798907
259431,0.3785411392548893
259432,0.9423145972429905
259433,0.35048927147863157
259434,0.004435940205707636
259435,0.3377450334286272
259436,0.9982956172365366
259437,0.517164270683253
259438,0.23872721240245248
259439,0.34156739583948803
259440,0.1501947541371051
259441,0.26438839928915875
259442,0.26937883202057983
259443,0.4815449434372173
259444,0.5380213706873436
259445,0.8095227273760233
259446,0.6121233882220334
259447,0.9102449311656615
259448,0.24561746378754756
259449,0.8489689620536223
259450,0.3788638357247717
259451,0.7366933156380527
259452,0.8329977593047937
259453,0.1558351248289936
259454,0.4305316310715795
259455,0.21784284227414658
259456,0.728016871116848
259457,0.8115225364851537
259458,0.2709286840801559
259459,0.9608764617922835
259460,0.5690684071065943
259461,0.9435281177705765
259462,0.37385976793124287
259463,0.1775875939114903
259464,0.7875430072583981
259465,0.6195226819258162
259466,0.6010062675835489
259467,0.7201812554256185
259468,0.20397143908990506
259469,0.5477113548252213
259470,0.36471518627767346
259471,0.37870930502088435
259472,0.912740147531372
259473,0.1358643038619041
259474,0.5850077947105049
259475,0.32265556469609713
259476,0.18719576767672177
259477,0.4787179405602192
259478,0.1105621736107008
259479,0.16956108735075287
259480,0.33839951640979726
259481,0.5858440785197777
259482,0.021347962239968005
259483,0.1091395821307966
259484,0.8735666140959273
259485,0.1178887469832425
259486,0.9597447516373437
259487,0.7303030165302403
259488,0.007749260297880657
259489,0.9589948232214198
259490,0.2460537857749942
259491,0.6295535426163867
259492,0.8741483767458561
259493,0.9790020043541299
259494,0.522672835774767
259495,0.7582276237268262
259496,0.9388103862813095
259497,0.4582608023779548
259498,0.9729344017161998
259499,0.9592720694842765
259500,0.8847928152312734
259501,0.7070825057608138
259502,0.07621545216138459
259503,0.2595297721581121
259504,0.5216638411787966
259505,0.7948150403825089
259506,0.00869462460401507
259507,0.5904709095949933
259508,0.16429340835647505
259509,0.21590666345485204
259510,0.16487517100640395
259511,0.19650851509628628
259512,0.6524877170815514
259513,0.4589198303798273
259514,0.2287508919603129
259515,0.4757591320828466
259516,0.5356715949841151
259517,0.9930279382422588
259518,0.8965962339958459
259519,0.8337522327414202
259520,0.3804636830120761
259521,0.542416405706728
259522,0.2109980410960772
259523,0.6851800509951322
259524,0.27051508719622214
259525,0.8569363833452261
259526,0.16811122574663329
259527,0.5629553542616388
259528,0.24970798241985992
259529,0.4955754223460488
259530,0.8189900054994751
259531,0.40821557942196424
259532,0.6754537066916341
259533,0.6301262152249103
259534,0.7611682521213884
259535,0.3396903022893269
259536,0.4682871180478227
259537,0.05128601360779199
259538,0.8418514596333986
259539,0.0648119952186382
259540,0.7240581580849101
259541,0.6627321937451426
259542,0.7118411424364038
259543,0.2954036205634917
259544,0.5004340494770954
259545,0.4063430308925057
259546,0.5300539493957396
259547,0.7140045722908268
259548,0.9328109589539181
259549,0.9696392617068371
259550,0.44655282904813626
259551,0.7570731884683736
259552,0.1994036932838229
259553,0.2876498152449084
259554,0.13548252212288828
259555,0.6974788770162849
259556,0.4522068348021325
259557,0.8579135627962785
259558,0.8114725412574254
259559,0.828584544202599
259560,0.25773448898059725
259561,0.46157412247012786
259562,0.3177151271924043
259563,0.479881465860077
259564,0.9914962662654928
259565,0.9790065493748324
259566,0.6936565146054241
259567,0.9248117225173961
259568,0.07383386131323828
259569,0.6620231705155417
259570,0.14527704173692513
259571,0.560355602419769
259572,0.8486599006458474
259573,0.6071602256148276
259574,0.8740892914767228
259575,0.05685820898914195
259576,0.938974007026602
259577,0.9582948900332241
259578,0.17231082487580732
259579,0.40979270160575576
259580,0.809768158493962
259581,0.9331427454652056
259582,0.8278755209729981
259583,0.5109648624449485
259584,0.48119043182241694
259585,0.7776303171060944
259586,0.9209484549202123
259587,0.6022243331318375
259588,0.8382972534439895
259589,0.009221847005513109
259590,0.012148840337967738
259591,0.9639716208907332
259592,0.7031783329773067
259593,0.2856454611150753
259594,0.9155626053876675
259595,0.32793687875248273
259596,0.33559978365701454
259597,0.7251625981156344
259598,0.33989028320023995
259599,0.4154967025874803
259600,0.3921034810313561
259601,0.7734625331218383
259602,0.0940819285431845
259603,0.14662691288558818
259604,0.11239836197453879
259605,0.8726257948104954
259606,0.7733943578112998
259607,0.6233586793987848
259608,0.2217333799955459
259609,0.4851627799164625
259610,0.2148340385690457
259611,0.9549861149617537
259612,0.415151281014085
259613,0.6193363360770109
259614,0.9966457747215038
259615,0.0755473341181069
259616,0.7730443912172019
259617,0.15863940260247886
259618,0.39288976961290056
259619,0.5615827580094627
259620,0.905659005276769
259621,0.40497497966103235
259622,0.7414519523136428
259623,0.2843183150699251
259624,0.020698024279500595
259625,0.6303489212393363
259626,0.8862744919803109
259627,0.2823366860436049
259628,0.15101740288427012
259629,0.906608914603606
259630,0.31234745774267003
259631,0.28620904368219396
259632,0.06482108526004335
259633,0.48950781970811874
259634,0.3856995468614359
259635,0.8419196349439373
259636,0.4404806813895037
259637,0.5326991514446349
259638,0.03316501606664818
259639,0.2218788206580281
259640,0.6665272860317879
259641,0.5122692833865858
259642,0.8039368969325655
259643,0.36325168961144616
259644,0.5708046050149759
259645,0.42080074174737864
259646,0.4435531153844406
259647,0.4749592084391944
259648,0.7529281295876303
259649,0.2993441535126192
259650,0.8702123888174311
259651,0.6430658891651252
259652,0.43078615223092337
259653,0.31296103553751686
259654,0.25611191658978005
259655,0.9683712009308202
259656,0.4731184750546539
259657,0.7927788711077579
259658,0.23824089518727756
259659,0.09354561610028132
259660,0.7502965626008428
259661,0.6350711977493059
259662,0.28206398480145073
259663,0.7405202230696162
259664,0.71699974093382
259665,0.9323973620699842
259666,0.4375491430363465
259667,0.18509596811213477
259668,0.25942523668195305
259669,0.3242372319005913
259670,0.8634039478049823
259671,0.8109589539180352
259672,0.6892342094618241
259673,0.9553769867421746
259674,0.1695429072679426
259675,0.2026624731275651
259676,0.6727130592079847
259677,0.3296503515573513
259678,0.09417737397793846
259679,0.18419150899232345
259680,0.9645715636234723
259681,0.37856386435840217
259682,0.0215706682543939
259683,0.04310497634316725
259684,0.40237977283986526
259685,0.39491684884624645
259686,0.4737138727666904
259687,0.5947886792624341
259688,0.17606955699683213
259689,0.7701128528640449
259690,0.8606042150521996
259691,0.3370996404888624
259692,0.8009599083723826
259693,0.18900468591634437
259694,0.22511033037755487
259695,0.3854541157434972
259696,0.004235959294794587
259697,0.044318496870753246
259698,0.14420441685111876
259699,0.741501947541371
259700,0.1595938569500184
259701,0.9599583676103645
259702,0.8211443453124929
259703,0.031315192640702476
259704,0.13121929270387828
259705,0.544907077051736
259706,0.5596965744178966
259707,0.8028006417569232
259708,0.3954304361856368
259709,0.7655042018716396
259710,0.12607432926856982
259711,0.2937628680898641
259712,0.05674458347157771
259713,0.7892201198976462
259714,0.554910667618091
259715,0.9315156280536858
259716,0.20091264015707594
259717,0.0502770190118216
259718,0.6629230846146504
259719,0.10674890124124514
259720,0.025411210748064957
259721,0.29129037682766645
259722,0.1304466391844415
259723,0.7788529276750856
259724,0.5415573967939424
259725,0.007253853041300603
259726,0.31422000627212854
259727,0.24871716790669982
259728,0.10417641952359093
259729,0.4570472818503688
259730,0.4381672658518959
259731,0.8994414169556542
259732,0.666631821507947
259733,0.005144963435308447
259734,0.5153189922780098
259735,0.7870566900432232
259736,0.9281932179201077
259737,0.718972279918735
259738,0.1567077688038869
259739,0.24904895441798738
259740,0.9638352702696561
259741,0.23482758463964803
259742,0.8115588966507743
259743,0.08527822344230777
259744,0.9464642011444363
259745,0.035314810858963465
259746,0.7772030851600529
259747,0.24014980388235668
259748,0.8296708041505129
259749,0.041023356861390504
259750,0.8926511560260157
259751,0.7438153630789789
259752,0.09325927979601946
259753,0.20452138659491595
259754,0.028497279805109514
259755,0.4733139109448643
259756,0.33939487594365986
259757,0.2101117620590762
259758,0.1861822280600488
259759,0.08889605992155293
259760,0.5782811640707023
259761,0.9865194685961794
259762,0.42489580540039357
259763,0.5500974906940702
259764,0.638689034228551
259765,0.058480781379959185
259766,0.8529367651269651
259767,0.2527349662077711
259768,0.28872244013071474
259769,0.9706164411578896
259770,0.30938410424459484
259771,0.886115416255721
259772,0.4595106830711614
259773,0.4928211398002918
259774,0.39265797355706955
259775,0.4590107307938787
259776,0.15975293267460833
259777,0.06447111866594551
259778,0.26971061853186734
259779,0.14740411142572757
259780,0.736288808795524
259781,0.3343589930052131
259782,0.33427263761186427
259783,0.7488785161416411
259784,0.19678121633844042
259785,0.14639966185045974
259786,0.6891705791719882
259787,0.8004645011158027
259788,0.07690175028747255
259789,0.6585325946159685
259790,0.5665322855545607
259791,0.6483199330972953
259792,0.8387790256384617
259793,0.5955931479267889
259794,0.23510483090250475
259795,0.3825952977215811
259796,0.5844942073711147
259797,0.8200762654473892
259798,0.22753282641202432
259799,0.3412128842246876
259800,0.47683175696865293
259801,0.4252366819530862
259802,0.7553324455392895
259803,0.5346398752846319
259804,0.8509960412869682
259805,0.18327795983110703
259806,0.16452065939160354
259807,0.8815294903668287
259808,0.15635780220978907
259809,0.47325028065502833
259810,0.32385545016157546
259811,0.028074592879770568
259812,0.970620986178592
259813,0.9407511101213066
259814,0.5204957708582363
259815,0.7053463078524322
259816,0.31419728116861567
259817,0.9735207093868313
259818,0.34991205384940527
259819,0.8731166570463729
259820,0.437090095945387
259821,0.2209016412069757
259822,0.1437544598015644
259823,0.43723099158716666
259824,0.6829893510164939
259825,0.9790656346439658
259826,0.6356166002336141
259827,0.7747896791669886
259828,0.7259761568213944
259829,0.9303930079401511
259830,0.14264092972943493
259831,0.1516764308861427
259832,0.7935015293994664
259833,0.29469459733389086
259834,0.44110334922575567
259835,0.5388803796001291
259836,0.716904295499066
259837,0.46597824753091743
259838,0.8248712622885997
259839,0.8348112225651187
259840,0.5971339099449599
259841,0.3091932133750869
259842,0.24073611155298813
259843,0.21538853109475914
259844,0.09973138927647815
259845,0.9931142936356075
259846,0.2897041646024698
259847,0.611209839060817
259848,0.39799837288258844
259849,0.5648097227082869
259850,0.5850077947105049
259851,0.0563173515255362
259852,0.14723594565973247
259853,0.16541148344930712
259854,0.24847628180946366
259855,0.4536021561578213
259856,0.699651396912113
259857,0.2840774289726889
259858,0.08897787029419918
259859,0.46487380750019314
259860,0.8598951918225988
259861,0.09734525340762927
259862,0.3611882502124797
259863,0.7585366851346008
259864,0.12442448675353716
259865,0.7704946346030606
259866,0.29352198199262797
259867,0.6278900650392463
259868,0.2596070375100558
259869,0.13037846387390295
259870,0.3835270269656078
259871,0.17170179210166303
259872,0.8243804000527222
259873,0.7758168538457693
259874,0.3849723435490249
259875,0.9606946609641808
259876,0.2414496798032915
259877,0.2822230605260407
259878,0.7358524868080775
259879,0.07442925902527485
259880,0.608687352570891
259881,0.8882333959031183
259882,0.49571631798782845
259883,0.10903050163393493
259884,0.13321001177160363
259885,0.8478372518986824
259886,0.973861585939524
259887,0.37308711441180614
259888,0.6067693538344068
259889,0.9749160307425201
259890,0.04138241349689348
259891,0.44056249176214995
259892,0.5434890305925343
259893,0.19844923893628336
259894,0.8641629662623114
259895,0.6222724194508706
259896,0.011012585162325415
259897,0.7562369046591008
259898,0.06986605823989528
259899,0.8712168383926989
259900,0.9015003113339182
259901,0.02383863358497598
259902,0.3389949141218338
259903,0.8584589652805868
259904,0.9561087350752883
259905,0.051867776257720856
259906,0.01896637139182169
259907,0.2350866508196945
259908,0.9670349648442649
259909,0.026088418832747786
259910,0.09588630176210453
259911,0.1365642370500998
259912,0.501588484735548
259913,0.4679598765572377
259914,0.5003522391044491
259915,0.23453670331468363
259916,0.6097781575395076
259917,0.4713868221669749
259918,0.05108603269687893
259919,0.42863181241790554
259920,0.7555097013466897
259921,0.1265651915044473
259922,0.14823130519359518
259923,0.43502211152571796
259924,0.03461033265006522
259925,0.13433263188513825
259926,0.5200049086223588
259927,0.5736952381818099
259928,0.017707400657209993
259929,0.3536798760118352
259930,0.6315760768290299
259931,0.22828275482794824
259932,0.30404824993977847
259933,0.6357847659996092
259934,0.21411592529803974
259935,0.3268915239908917
259936,0.26350666527286026
259937,0.9102858363519847
259938,0.2633794046931884
259939,0.4907077051735971
259940,0.8272664881988537
259941,0.5882393044300317
259942,0.07863340317515145
259943,0.4000345421573395
259944,0.12176110462183154
259945,0.6284036523786366
259946,0.29883965621463404
259947,0.03288322478308889
259948,0.43883083887447105
259949,0.11390276382708922
259950,0.8756345985155962
259951,0.4680371419091814
259952,0.8578862926720632
259953,0.4583926079783293
259954,0.52402270692343
259955,0.9716208907331573
259956,0.2299189622808732
259957,0.1658705305402666
259958,0.9876557237718218
259959,0.7987237581867186
259960,0.8537230537085096
259961,0.06223496848028143
259962,0.3236327441471496
259963,0.7444743910808514
259964,0.26587462105889886
259965,0.22606023970439185
259966,0.9345335218001919
259967,0.937792301643934
259968,0.7424427668268029
259969,0.08869607901063989
259970,0.5796219451779604
259971,0.29537635043927624
259972,0.13953668058958008
259973,0.12550620168074866
259974,0.3484849173487985
259975,0.18471418637311893
259976,0.8965189686439022
259977,0.3160061994082383
259978,0.38327250580626393
259979,0.6308306934338086
259980,0.9914235459342517
259981,0.245253862131342
259982,0.5229546270583263
259983,0.6435976565873257
259984,0.3954986114961753
259985,0.07286122688288844
259986,0.47882247603637834
259987,0.8402334322632841
259988,0.008381018175537788
259989,0.3504392762509033
259990,0.11777512146567827
259991,0.6246858254439349
259992,0.9254298453329455
259993,0.8541957358615768
259994,0.35449343471759515
259995,0.876143640834284
259996,0.9015412165202413
259997,0.7066280036905568
259998,0.7360661027810982
259999,0.36538784934165375
260000,0.9157716763399858
260001,0.7627590093672877
260002,0.9866103690102308
260003,0.0654210279927825
260004,0.3714236368346657
260005,0.8688397925652552
260006,0.6967607637452788
260007,0.1123529117675131
260008,0.26400207252944036
260009,0.016089373287095324
260010,0.7421337054190282
260011,0.11606164866080965
260012,0.9685257316347077
260013,0.4560064721094804
260014,0.7673812954218007
260015,0.9571949950232024
260016,0.27149226664727455
260017,0.06224860354238913
260018,0.24159512046577375
260019,0.9398602860636031
260020,0.2735284359220256
260021,0.4689234209461824
260022,0.7606592098027006
260023,0.05283132064666555
260024,0.6750264747455925
260025,0.5693229282659383
260026,0.8518141450134306
260027,0.009862694924575382
260028,0.029210848055412894
260029,0.27536916930656613
260030,0.031219747205948525
260031,0.016866571827234677
260032,0.11550715613509618
260033,0.5562014534976206
260034,0.9168488462464947
260035,0.8457238172719876
260036,0.36970561900909454
260037,0.20355329718526868
260038,0.3581021811554352
260039,0.17322437403702376
260040,0.630394371446362
260041,0.006772080846828257
260042,0.8452284100154077
260043,0.3252780416414796
260044,0.16982924357220447
260045,0.5294949118493235
260046,0.2848591725335308
260047,0.9431145208866426
260048,0.40376145913344635
260049,0.1920316697042555
260050,0.29412192472536713
260051,0.04257320892096664
260052,0.278082546666
260053,0.9083632925947978
260054,0.39058089909599536
260055,0.648988051140573
260056,0.6918157812208835
260057,0.06346212406997513
260058,0.5531108394198736
260059,0.8763527117866022
260060,0.5844169420191709
260061,0.603737825025793
260062,0.045413846860072445
260063,0.1006131232927766
260064,0.17053826680180528
260065,0.33284550111125755
260066,0.32597342980897276
260067,0.903613745960613
260068,0.469686984424214
260069,0.024652192290735883
260070,0.13313274641965994
260071,0.05766267765349671
260072,0.21022538757664042
260073,0.6641002449766159
260074,0.8026324759909281
260075,0.4814904031887865
260076,0.38608132860045175
260077,0.9216847482740285
260078,0.4504660918730485
260079,0.08445102967444017
260080,0.7141227428290936
260081,0.045736543329954873
260082,0.732057394521432
260083,0.14833584066975428
260084,0.6854300271337735
260085,0.38267710809422734
260086,0.5021611573440717
260087,0.3181332690970407
260088,0.34434894850946046
260089,0.2238059094359175
260090,0.12807413837770032
260091,0.39143081796737583
260092,0.13017393794228735
260093,0.48705350852873136
260094,0.3173424354947937
260095,0.31103849178033005
260096,0.5049427100140441
260097,0.6226814713141019
260098,0.5964339767567641
260099,0.19408147404111425
260100,0.387999327336936
260101,0.6562009989955505
260102,0.029488094318269622
260103,0.054785679548770345
260104,0.013407811072579436
260105,0.061144163511664795
260106,0.9708118770481
260107,0.8022870544175329
260108,0.5531471995854942
260109,0.9634034933029121
260110,0.2367773985210503
260111,0.04333677239899828
260112,0.8985415028565455
260113,0.8115907117956923
260114,0.6105189959140265
260115,0.1258561682748465
260116,0.25897982465310126
260117,0.4611514355447889
260118,0.5458069911508447
260119,0.8564364310679435
260120,0.2934310815785766
260121,0.917171542716377
260122,0.04920893914671781
260123,0.9741342871816782
260124,0.6118052367728535
260125,0.9888465191958951
260126,0.7081096804395944
260127,0.5278496143549934
260128,0.023052345003431493
260129,0.9758613950486544
260130,0.6021425227591911
260131,0.5235182096254449
260132,0.7588275664595653
260133,0.4463619381786284
260134,0.41017902836547415
260135,0.027274669236118373
260136,0.16877934378991097
260137,0.5099695029110858
260138,0.5709727707809709
260139,0.9164261593211558
260140,0.7330663891174025
260141,0.6388708350566538
260142,0.6342303689193304
260143,0.5682048531731062
260144,0.6678953372632613
260145,0.8236622867817163
260146,0.10945773357997646
260147,0.17059735207093868
260148,0.7136773308002419
260149,0.830525268042596
260150,0.9210348103135609
260151,0.9546634184918713
260152,0.7190631803327865
260153,0.5601238063639381
260154,0.6669863331227475
260155,0.26650637893655604
260156,0.5674231096122643
260157,0.4611468905240863
260158,0.9399830016225724
260159,0.4084701005813081
260160,0.6800578126633366
260161,0.5386713086478109
260162,0.16830666163684374
260163,0.6270265111057581
260164,0.9302112071120484
260165,0.6659637034646693
260166,0.06882070347830434
260167,0.2515259907008876
260168,0.04984069702437495
260169,0.8212852409542726
260170,0.864440212525168
260171,0.6438976279536954
260172,0.17756032378727485
260173,0.579394694142832
260174,0.9784884170147395
260175,0.04506842528667718
260176,0.9616491153117203
260177,0.9408965507837888
260178,0.7468877970739157
260179,0.9794837765486022
260180,0.6574781498129724
260181,0.8495461796828485
260182,0.3950759245708364
260183,0.12245649278932465
260184,0.02896996195817672
260185,0.03309684075610964
260186,0.6236768308479645
260187,0.9471686793533345
260188,0.5853304911803873
260189,0.5173188013871404
260190,0.10012226105689911
260191,0.6935701592120752
260192,0.3625063062162248
260193,0.6567918516868845
260194,0.12901495766313215
260195,0.32982306234404896
260196,0.7678903377404885
260197,0.3216192999759114
260198,0.7471923134609879
260199,0.3370132850955136
260200,0.9060453320364874
260201,0.18180991814417716
260202,0.626067511737516
260203,0.5496066284581926
260204,0.8266483653833044
260205,0.018520959362969897
260206,0.95375895937206
260207,0.9292113025574832
260208,0.7708900514041841
260209,0.05429481731289286
260210,0.3443671285922707
260211,0.06451202385226865
260212,0.5233773139836652
260213,0.28604542293690144
260214,0.7006149413010577
260215,0.9263115793492439
260216,0.5282586662182246
260217,0.2418223715009022
260218,0.9699392330732067
260219,0.9961049172578981
260220,0.8582135341626482
260221,0.6781807191131757
260222,0.9757704946346031
260223,0.5561696383527027
260224,0.37583230691615793
260225,0.009130946591461724
260226,0.27597820208071044
260227,0.24295862667654453
260228,0.5763722553756233
260229,0.8583135246181046
260230,0.4059839742570027
260231,0.996000381781739
260232,0.16050740611123485
260233,0.9255389258298072
260234,0.6146458747119593
260235,0.14626785625008523
260236,0.8537594138741302
260237,0.9828470918685035
260238,0.4094518250530631
260239,0.6317669676985379
260240,0.9634716686134506
260241,0.7190268201671659
260242,0.4621649751614618
260243,0.49238936283354773
260244,0.45380213706873435
260245,0.8593952395453162
260246,0.29602628839974365
260247,0.5246680998631948
260248,0.2437721853823044
260249,0.07896973470714158
260250,0.22931447452743148
260251,0.47973602519759473
260252,0.8125588012053395
260253,0.08551456451884137
260254,0.09489548724894441
260255,0.5228319114993569
260256,0.2843910354011662
260257,0.4995250453365815
260258,0.4101972084482845
260259,0.2046168320296699
260260,0.1409001868003509
260261,0.6258948009508184
260262,0.9450007044782089
260263,0.6743719917644224
260264,0.0699069634262184
260265,0.39912553801682565
260266,0.017480149622081533
260267,0.6229814426804715
260268,0.4689552360911004
260269,0.8453693056571873
260270,0.9978911103940079
260271,0.9595129555815127
260272,0.6507333390903596
260273,0.5493702873816592
260274,0.20056721858368065
260275,0.35830670708705076
260276,0.21611573440717022
260277,0.38155448798069275
260278,0.47345480658664396
260279,0.871848596270356
260280,0.40938819476322713
260281,0.7422746010608079
260282,0.7477149908417833
260283,0.9989228300934911
260284,0.7948241304239141
260285,0.924020888915149
260286,0.8795705864440213
260287,0.5860258793478805
260288,0.13858222624204053
260289,0.8819885374577882
260290,0.923166425023066
260291,0.7972420814376809
260292,0.3927306938883106
260293,0.0768517550597443
260294,0.9236845573831589
260295,0.9199985455933752
260296,0.755400620849828
260297,0.02164338858563501
260298,0.7247171860867827
260299,0.7360933729053136
260300,0.7806982060803287
260301,0.4492525713454625
260302,0.9937415064925621
260303,0.3948668536185182
260304,0.8427786438567227
260305,0.9571586348575818
260306,0.02722012898768754
260307,0.191636252903132
260308,0.23492757509510456
260309,0.41688747892246647
260310,0.22902813822316961
260311,0.5674640147985875
260312,0.2428313660968726
260313,0.6218724576290445
260314,0.7417155635143918
260315,0.5282313960940093
260316,0.6566555010658074
260317,0.6464610196299444
260318,0.6101053990300926
260319,0.36893751051036033
260320,0.4141468314388172
260321,0.6012698787842978
260322,0.43196331259288884
260323,0.23512301098531505
260324,0.21308875061925908
260325,0.7801891637616409
260326,0.1132710059494321
260327,0.37354616150276565
260328,0.5148463101249426
260329,0.35630689797792026
260330,0.6466700905822625
260331,0.826134778043914
260332,0.49784338767663083
260333,0.05898527867794438
260334,0.15837579140172983
260335,0.4772726239768022
260336,0.37641406956608686
260337,0.6721631117029738
260338,0.20118534139923008
260339,0.646792806141232
260340,0.11255743769912871
260341,0.8416923839088086
260342,0.02846091963948896
260343,0.326055240181619
260344,0.5849396193999664
260345,0.8517732398271074
260346,0.4871262288599724
260347,0.15529426736538784
260348,0.46468746165138775
260349,0.05233136836938292
260350,0.9808018325523473
260351,0.597797482967535
260352,0.727721444771181
260353,0.8572999850014317
260354,0.15463069434281274
260355,0.9201985265042883
260356,0.23977256716404344
260357,0.4766226860163348
260358,0.12023852268647083
260359,0.6319533135473432
260360,0.05651733243644925
260361,0.7524599924552657
260362,0.41915998927375114
260363,0.22015171279105178
260364,0.08571454542975443
260365,0.16347075960931004
260366,0.5485294585516837
260367,0.1431636071102304
260368,0.10606714813585975
260369,0.8744074429259026
260370,0.38883561114620874
260371,0.25819808109225934
260372,0.05167234036751037
260373,0.8738620404415942
260374,0.33349998409242754
260375,0.18620495316356167
260376,0.9443689466005518
260377,0.7906972516259813
260378,0.09597265715545333
260379,0.3068979779202894
260380,0.7777030374373356
260381,0.5264679280614123
260382,0.8790842692288464
260383,0.9658259893373815
260384,0.6152094572790779
260385,0.7006831166115962
260386,0.18460510587625725
260387,0.9015321264788362
260388,0.9796792124388126
260389,0.1256198271983129
260390,0.7383113430081675
260391,0.4037932742783643
260392,0.807941060171529
260393,0.09101403956895024
260394,0.40750201117166085
260395,0.7569050227023785
260396,0.8348021325237136
260397,0.2695469977865749
260398,0.9063316683407494
260399,0.40226160230159846
260400,0.2921948359474777
260401,0.6155866939973912
260402,0.26185227773712505
260403,0.61337326891524
260404,0.5157871294103744
260405,0.01580758200353603
260406,0.6783125247135501
260407,0.9457642679562406
260408,0.5491975765949614
260409,0.7385794992296191
260410,0.8926511560260157
260411,0.4721640207071143
260412,0.247680903186514
260413,0.8409470005135874
260414,0.17551960949182124
260415,0.8481281332236468
260416,0.237022829638989
260417,0.27408292844773907
260418,0.966380481863095
260419,0.6470018770935503
260420,0.08496461701383048
260421,0.45074333813590517
260422,0.8346066966335032
260423,0.35752041850550625
260424,0.8403970530085765
260425,0.6885797264806541
260426,0.6743356315988019
260427,0.8218351884592835
260428,0.49732071029583536
260429,0.8490416823848633
260430,0.35271178660218794
260431,0.9462824003163335
260432,0.8829520818467328
260433,0.7087687084414669
260434,0.8941101076715405
260435,0.40551583712463807
260436,0.3482713013757777
260437,0.08770526449747977
260438,0.054776589507365206
260439,0.23364587925698002
260440,0.8311661159616582
260441,0.39758477599865466
260442,0.8494552792687972
260443,0.7058826202953355
260444,0.38934465346489655
260445,0.6914612696060831
260446,0.39383967893973754
260447,0.009171851777784849
260448,0.05546288763345317
260449,0.275391894410079
260450,0.8189081951268288
260451,0.7589639170806424
260452,0.6144913440080719
260453,0.3044482117616045
260454,0.34150376554965206
260455,0.5533744506206226
260456,0.23234145831534264
260457,0.5618236441066989
260458,0.08934147195040473
260459,0.6483608382836185
260460,0.8024188600179074
260461,0.16011653433081388
260462,0.20196708496007199
260463,0.10474909213211465
260464,0.3739506683452943
260465,0.43923534571699974
260466,0.9124856263720281
260467,0.49729798519232254
260468,0.18667309029592632
260469,0.030760700114989024
260470,0.8135087105321765
260471,0.6322851000586308
260472,0.6603915080833193
260473,0.5900391326282491
260474,0.6734993477895291
260475,0.06326668817976465
260476,0.9328927693265643
260477,0.6765126965153326
260478,0.5765313311002133
260479,0.6646638275437345
260480,0.3606701178523868
260481,0.02839728934965299
260482,0.23397312074756502
260483,0.663941169252026
260484,0.6774671508628722
260485,0.2553301730289381
260486,0.07729262206789352
260487,0.3398721031174297
260488,0.4650783334318087
260489,0.0445184777816663
260490,0.7032646883706556
260491,0.49250298835111195
260492,0.1837733670876871
260493,0.9617672858499872
260494,0.442335049836152
260495,0.44712550165666
260496,0.21984265138327705
260497,0.32770962771735423
260498,0.16343439944368945
260499,0.8103726462474037
260500,0.08901877548052231
260501,0.1508446920975725
260502,0.8135905209048228
260503,0.6811849777975739
260504,0.07013875948204944
260505,0.2641611482540303
260506,0.5659141627390113
260507,0.39441689656896384
260508,0.1746651455997382
260509,0.2180882733920853
260510,0.24449484367401292
260511,0.604296862572209
260512,0.5279859649760705
260513,0.9366969516546149
260514,0.5577467605364943
260515,0.9040637030101671
260516,0.8397425700274065
260517,0.5850896050831511
260518,0.8242531394730503
260519,0.2067484467391749
260520,0.24174056112825595
260521,0.40480681389503725
260522,0.09655441980538221
260523,0.1487585275950932
260524,0.34680325968884784
260525,0.883552024579472
260526,0.8067775348716714
260527,0.8336249721617481
260528,0.6158730303016531
260529,0.22896905295403622
260530,0.33571340917457876
260531,0.8731621072533986
260532,0.7495239090814059
260533,0.3350498361520036
260534,0.27120593034301266
260535,0.3707964239777112
260536,0.09766794987751169
260537,0.8447011876139096
260538,0.8800341785556834
260539,0.5972838956281445
260540,0.10334013571431817
260541,0.6166002336140641
260542,0.44768453920307605
260543,0.2710559446598279
260544,0.5214411351643706
260545,0.3431945132510078
260546,0.3762004535930661
260547,0.264174783316138
260548,0.9391830779789202
260549,0.25762086346303303
260550,0.11613891401275332
260551,0.6603233327727808
260552,0.2163884356493244
260553,0.7277805300403143
260554,0.03916898841474223
260555,0.1027583730643893
260556,0.5280632303280142
260557,0.3960758291254016
260558,0.6291899409601811
260559,0.36677862567663994
260560,0.5929024956708678
260561,0.4995023202330686
260562,0.4645874711959313
260563,0.43296776216815663
260564,0.2511396639411692
260565,0.4753182650746974
260566,0.6790579081087714
260567,0.37878657037282804
260568,0.5425436662863999
260569,0.038964462483126606
260570,0.08941873730234841
260571,0.8263711191204476
260572,0.421155253362179
260573,0.4006753900764018
260574,0.4767408565546016
260575,0.11810690797696582
260576,0.5002522486489926
260577,0.15181278150721977
260578,0.13190104580926365
260579,0.34406261220519857
260580,0.33025029429009045
260581,0.5545788811068034
260582,0.3782684380127351
260583,0.671981310874871
260584,0.6571281832188746
260585,0.9436235632053304
260586,0.1819644488480645
260587,0.046468291663068526
260588,0.33274551065580105
260589,0.18213715963476212
260590,0.9682121252062303
260591,0.2755918753209921
260592,0.3081978538412242
260593,0.17502420223524118
260594,0.7900518586862164
260595,0.009758159448416287
260596,0.9722799187350298
260597,0.4756909567723081
260598,0.49701164888806065
260599,0.2790915412619704
260600,0.24305407211129848
260601,0.13391903500120445
260602,0.7232991396275811
260603,0.4885488203398766
260604,0.462574027024693
260605,0.30120761200067264
260606,0.26547011421637023
260607,0.5330263929352198
260608,0.4670372373546161
260609,0.4810449911599347
260610,0.12407452015943933
260611,0.9548633994027843
260612,0.850500634030388
260613,0.258338976734039
260614,0.5190095490884962
260615,0.24187236672863047
260616,0.4359311156662318
260617,0.3380586398571045
260618,0.8370610078128906
260619,0.5882620295335446
260620,0.16606596643047708
260621,0.44891169479276977
260622,0.290049586175865
260623,0.6781034537612319
260624,0.31674703778275703
260625,0.8362429040864281
260626,0.32579162898087
260627,0.32334186282218513
260628,0.19553588066593644
260629,0.12345185232318732
260630,0.3086250857872658
260631,0.4294090109580449
260632,0.6775262361320056
260633,0.6476654501161253
260634,0.5512564709732253
260635,0.9198258348066776
260636,0.4102062984896896
260637,0.8563500756745948
260638,0.6784170601897092
260639,0.43686738993096114
260640,0.9602628839974366
260641,0.08511005767631272
260642,0.37206902977443057
260643,0.13040573399811836
260644,0.5903981892637522
260645,0.022061530490271382
260646,0.9540771108212398
260647,0.9203076070011499
260648,0.6619322701014902
260649,0.5061744106244405
260650,0.2604751364642466
260651,0.46556919566768623
260652,0.730316651592348
260653,0.016521150253839406
260654,0.7643634016752946
260655,0.44211234382172604
260656,0.8612905131782875
260657,0.6311806600279064
260658,0.0629349016684771
260659,0.5834443075888212
260660,0.725135327991419
260661,0.5322946446021062
260662,0.18877288986051333
260663,0.5066652728603179
260664,0.2038169083860177
260665,0.527990509996773
260666,0.2939628490007771
260667,0.688770617350162
260668,0.35224819449052586
260669,0.7129501274878307
260670,0.6554647056417343
260671,0.7437517327891429
260672,0.3985483203875993
260673,0.7605728544093519
260674,0.902313870039678
260675,0.42838183627926424
260676,0.5321719290431369
260677,0.8111771149117585
260678,0.6933292731148392
260679,0.40070266020061723
260680,0.9279659668849791
260681,0.894178282982079
260682,0.032110571263652105
260683,0.32361001904363673
260684,0.6686270855963748
260685,0.48618540957454054
260686,0.22168792978852017
260687,0.36045195685866344
260688,0.7701128528640449
260689,0.009244572109025956
260690,0.4146376936746947
260691,0.658296253539435
260692,0.2953945305220865
260693,0.1331100213161471
260694,0.8012916948836702
260695,0.43965803264233866
260696,0.020438958099454143
260697,0.4329450370646438
260698,0.9049681621299785
260699,0.43078615223092337
260700,0.14570427368296665
260701,0.8511323919080452
260702,0.5675140100263157
260703,0.18313251916862483
260704,0.7633225919344062
260705,0.7623135973384358
260706,0.7839342608205581
260707,0.6024015889392377
260708,0.9835197549324837
260709,0.9806291217656496
260710,0.8620858918012372
260711,0.22229696256266446
260712,0.6599733661786831
260713,0.7642906813440535
260714,0.2709059589766431
260715,0.1683293867403566
260716,0.9161034628512733
260717,0.938055912844683
260718,0.23571386367664904
260719,0.9458233532253739
260720,0.7226855618327342
260721,0.19760841010630803
260722,0.28544093518345975
260723,0.703069252480445
260724,0.33829043591293556
260725,0.16143459033455898
260726,0.7757668586180411
260727,0.40297517055190185
260728,0.04237322801005359
260729,0.7897382522577391
260730,0.8391971675430981
260731,0.41733743597202083
260732,0.5015293994664146
260733,0.6762490853145836
260734,0.5436890115034474
260735,0.8047504556383255
260736,0.011389821880638666
260737,0.17021102531122032
260738,0.0753700783107067
260739,0.5990019134537158
260740,0.8641175160552856
260741,0.5717545143418128
260742,0.15149917507874247
260743,0.13283277505329036
260744,0.6744901623026893
260745,0.41061989537362337
260746,0.3568341203794183
260747,0.36931474722867363
260748,0.4721003904172783
260749,0.7112548347657724
260750,0.5120056721858369
260751,0.298607860158803
260752,0.6916612505169961
260753,0.40762472673063027
260754,0.3491939405783993
260755,0.5448025415755768
260756,0.2292826593825135
260757,0.10847600910822147
260758,0.4562064530203935
260759,0.3830134396262175
260760,0.09333654514796315
260761,0.32872316733402723
260762,0.3027983692465719
260763,0.7925107148863064
260764,0.040932456447339116
260765,0.11979311065761904
260766,0.5976793124292681
260767,0.9729071315919845
260768,0.2149794792315279
260769,0.3274914667236309
260770,0.7503692829320838
260771,0.2739693029301748
260772,0.636430158939374
260773,0.3066661818644584
260774,0.9701301239427146
260775,0.8918694124651738
260776,0.3479622399680031
260777,0.09328654992023487
260778,0.7941151071943133
260779,0.1006131232927766
260780,0.6202180700933093
260781,0.6338213170560992
260782,0.1684475572786234
260783,0.5182868907967876
260784,0.7791119938551321
260785,0.9545134328086864
260786,0.09536816940201162
260787,0.9206530285745452
260788,0.5489975956840484
260789,0.9478367973966122
260790,0.24572199926370666
260791,0.610923502756555
260792,0.2920312152021852
260793,0.4464937437790029
260794,0.6546375118738667
260795,0.17889201485312764
260796,0.32752782688925147
260797,0.429872603069707
260798,0.982060803286959
260799,0.9359652033215011
260800,0.30353466260038814
260801,0.5981201794374174
260802,0.866244585744088
260803,0.7664132060121533
260804,0.4210961680930457
260805,0.9893373814317724
260806,0.22351048309025048
260807,0.7777212175201458
260808,0.15162189063771186
260809,0.09886783534298998
260810,0.8723849087132591
260811,0.7164997886565374
260812,0.26804714095472704
260813,0.212920584853264
260814,0.041609664532021945
260815,0.7018784570563719
260816,0.04645465660096082
260817,0.03466487289849605
260818,0.6452247739988456
260819,0.9873057571777241
260820,0.5172142659109812
260821,0.6767581276332714
260822,0.9791656250994223
260823,0.1002995168642993
260824,0.7514737229628081
260825,0.6529285840897006
260826,0.6363165334218098
260827,0.07276578144813449
260828,0.887719808563728
260829,0.4085200958090364
260830,0.3805045881983992
260831,0.9171806327577822
260832,0.6865617372887134
260833,0.013803227873702964
260834,0.6566645911072125
260835,0.24795814944937075
260836,0.9626762899905009
260837,0.3177514873580249
260838,0.08036960108353293
260839,0.41516946109689523
260840,0.28435467523554564
260841,0.6425250317015195
260842,0.6557783120702114
260843,0.0959772021761559
260844,0.3102431131573804
260845,0.4554928847700901
260846,0.7282759372968944
260847,0.5266133687238945
260848,0.9813381449952505
260849,0.4012389726435204
260850,0.5324173601610755
260851,0.12484262865817353
260852,0.553728962235423
260853,0.37792301643933984
260854,0.23572749873875676
260855,0.05755359715663505
260856,0.3155198821930634
260857,0.7419655396530331
260858,0.26642002354320726
260859,0.15854850218842748
260860,0.76651319646761
260861,0.07191131755605146
260862,0.534544429849878
260863,0.37171906318033276
260864,0.5801718926829712
260865,0.30567536735129824
260866,0.3146154230732521
260867,0.6001108985051428
260868,0.42626385663186694
260869,0.5440435231182478
260870,0.7564823357770395
260871,0.3510210389008322
260872,0.08925511655705591
260873,0.18810022679653304
260874,0.22561028265483749
260875,0.6108144222596934
260876,0.1519400420868917
260877,0.9661486858072639
260878,0.8554092563891629
260879,0.854109380468228
260880,0.7388112952854501
260881,0.735993382449857
260882,0.6215588512005672
260883,0.9666168229396286
260884,0.9755841487857978
260885,0.3017030192572527
260886,0.8723212784234232
260887,0.9875148281300422
260888,0.27376023197785665
260889,0.3172878952463628
260890,0.274210189027411
260891,0.5122056530967498
260892,0.4418441876002745
260893,0.8496461701383049
260894,0.8403652378636585
260895,0.41745106148958505
260896,0.8735711591166297
260897,0.5987973875221002
260898,0.12724694460983269
260899,0.8011053490348649
260900,0.9097495239090814
260901,0.8650992405270406
260902,0.9870239658941647
260903,0.3889719617672858
260904,0.5735316174365175
260905,0.583898809659078
260906,0.2691197658405334
260907,0.1383822453311275
260908,0.8735984292408453
260909,0.9346335122556484
260910,0.35228909967684896
260911,0.9842969534726231
260912,0.06974788770162847
260913,0.9019866285490931
260914,0.6552692697515237
260915,0.305952613614155
260916,0.14411806145776995
260917,0.30280291426727446
260918,0.3199785475022839
260919,0.043841269696983466
260920,0.3603428763618018
260921,0.27718717758759387
260922,0.7631180660027906
260923,0.3159380240976998
260924,0.5861622299689575
260925,0.7262261329600357
260926,0.6419159989273752
260927,0.3537207811981583
260928,0.26625640279791474
260929,0.9022911449361652
260930,0.21288422468764345
260931,0.05004976797669314
260932,0.285522745556106
260933,0.5830079856013743
260934,0.9566450475181915
260935,0.7667313574613333
260936,0.9120402143431763
260937,0.6039150808331932
260938,0.3795637689129674
260939,0.14324541748287664
260940,0.9120583944259866
260941,0.7434244912985579
260942,0.01940723839997091
260943,0.4861081442225969
260944,0.2948082228514551
260945,0.11441635116647955
260946,0.7964330677526237
260947,0.6634275819126356
260948,0.1661386867617182
260949,0.9283613836861027
260950,0.39920280336876934
260951,0.5299766840437958
260952,0.7605455842851364
260953,0.2355002477036283
260954,0.1482449402557029
260955,0.5577967557642225
260956,0.8846291944859809
260957,0.808418287345299
260958,0.17859658850746066
260959,0.33786774898759664
260960,0.22340594761409138
260961,0.22823730462092257
260962,0.29712163838906286
260963,0.9036046559192078
260964,0.6557555869666987
260965,0.3292822048804432
260966,0.7622317869657896
260967,0.5403075161007359
260968,0.5885801809827244
260969,0.5063743915353535
260970,0.5264042977715764
260971,0.48694442803186966
260972,0.761668204398671
260973,0.3950941046536467
260974,0.6363392585253227
260975,0.20137168724803542
260976,0.0307197949286659
260977,0.9346880525040792
260978,0.653578522050168
260979,0.5368214852218652
260980,0.8411606164866082
260981,0.8545093422900542
260982,0.06665272860317878
260983,0.8200399052817685
260984,0.12957399520954818
260985,0.805959431145209
260986,0.1310056767308575
260987,0.49331654705687183
260988,0.7017830116216179
260989,0.7636543784456938
260990,0.9865967339481232
260991,0.5239772567164044
260992,0.8685943614473164
260993,0.8253939396693952
260994,0.3680557764940619
260995,0.9196894841856005
260996,0.8691215838488144
260997,0.8323250962408134
260998,0.6209861785920434
260999,0.18370519177714856
261000,0.07504738184082428
261001,0.10157666768172129
261002,0.1422909631353371
261003,0.42612750601078986
261004,0.5386576735857033
261005,0.07447470923230054
261006,0.7563323500938547
261007,0.2338594952300008
261008,0.10550811058944373
261009,0.2562619022729648
261010,0.3619336336077011
261011,0.2868408015598511
261012,0.553538071365915
261013,0.4874398352884497
261014,0.8918239622581481
261015,0.06606642093254733
261016,0.4578426604733184
261017,0.5910935774312452
261018,0.8522186518559592
261019,0.32702332959126623
261020,0.3177242172338095
261021,0.32376909476822663
261022,0.2372319005913072
261023,0.3461760468318933
261024,0.060557855841033355
261025,0.713781866276401
261026,0.3369269297021648
261027,0.2709786793078842
261028,0.40985633189559173
261029,0.8822612386999423
261030,0.5257407247490012
261031,0.30372555346989605
261032,0.2622476945382486
261033,0.6044104880897733
261034,0.1295603601474405
261035,0.3757323164607015
261036,0.033364996977561234
261037,0.5892482990260021
261038,0.3453306729812154
261039,0.8556910476727222
261040,0.6091282195790402
261041,0.36772398998277434
261042,0.6000290881324964
261043,0.7260397871112304
261044,0.10895778130269383
261045,0.22926902432040577
261046,0.5714772680789562
261047,0.7372568982051714
261048,0.9389012866953609
261049,0.8025733907217948
261050,0.34455347444107604
261051,0.18575045109330474
261052,0.868439830743429
261053,0.8003463305775358
261054,0.475618236441067
261055,0.08979142899995908
261056,0.45407938333159104
261057,0.954613423264143
261058,0.8790024588562002
261059,0.956090554992478
261060,0.0697887928879516
261061,0.9951050127033328
261062,0.8058548956690498
261063,0.21489766885888165
261064,0.5578376609505457
261065,0.7580367328573182
261066,0.11780693661059626
261067,0.5091832143295414
261068,0.9207848341749196
261069,0.8759527499647761
261070,0.7501647570004681
261071,0.9063271233200467
261072,0.17272442175974112
261073,0.7336526967880339
261074,0.6049286204498662
261075,0.7335163461669568
261076,0.2935765222410588
261077,0.6324759909281388
261078,0.9879193349725709
261079,0.45857895382713465
261080,0.377309438644493
261081,0.7693583794274184
261082,0.565400575399621
261083,0.8388881061353235
261084,0.4613741415592148
261085,0.19741297421609755
261086,0.9984092427541008
261087,0.5935842487762533
261088,0.7334118106907976
261089,0.22080619577222174
261090,0.48979870103308315
261091,0.670535994291454
261092,0.20147167770349195
261093,0.24953981665386488
261094,0.037337345071606805
261095,0.48136768762981713
261096,0.017439244435758405
261097,0.46288763345317036
261098,0.3908081501311238
261099,0.35969748342203695
261100,0.18330977497602502
261101,0.24978979279250618
261102,0.80668663445762
261103,0.8193581521763832
261104,0.9404465937342346
261105,0.8916421614300454
261106,0.008217397430245294
261107,0.8881288604269593
261108,0.6275491884865536
261109,0.41569213847769076
261110,0.6967425836624687
261111,0.42834547611364365
261112,0.29041318783207054
261113,0.9662168611178024
261114,0.5151417364706096
261115,0.19854013935033474
261116,0.5566695906299853
261117,0.5031201567123138
261118,0.6809259116175275
261119,0.31313829134491705
261120,0.07037964557928561
261121,0.3199149172124479
261122,0.83341590120943
261123,0.16971107303393768
261124,0.118675035564787
261125,0.019261797737488696
261126,0.2243967621272515
261127,0.3480622304234595
261128,0.691947586821258
261129,0.9876693588339296
261130,0.12796960290154122
261131,0.34935756132369183
261132,0.30913867312665605
261133,0.470277837115548
261134,0.5432208743710828
261135,0.27386931247471835
261136,0.0048040868826157495
261137,0.643120429413556
261138,0.9469641534217189
261139,0.3011985219592675
261140,0.24149058498961465
261141,0.24816722040168893
261142,0.539230346194227
261143,0.7004467755350626
261144,0.3139018548229487
261145,0.43428581817190176
261146,0.8312751964585199
261147,0.3255734679871467
261148,0.4102790188209307
261149,0.8635539334881671
261150,0.04348221306148049
261151,0.22985078697033465
261152,0.28905877166270494
261153,0.20732111934769862
261154,0.8395834943028165
261155,0.01285786356756855
261156,0.3113566432295099
261157,0.31890592261647754
261158,0.5602874271092305
261159,0.6357165906890707
261160,0.5017384704187328
261161,0.6318805932161021
261162,0.6920066720903915
261163,0.3637607319301339
261164,0.15543061798646493
261165,0.5325264406579372
261166,0.6363392585253227
261167,0.5158325796174001
261168,0.1952268192581617
261169,0.6126824257684494
261170,0.18184173328909514
261171,0.2614477708945964
261172,0.7235809309111404
261173,0.5099604128696806
261174,0.608750982860727
261175,0.4162329959412965
261176,0.29124947164134335
261177,0.5209775430527087
261178,0.5550515632598707
261179,0.7698856018289164
261180,0.32649156216906566
261181,0.8549002140704751
261182,0.6423432308734166
261183,0.3804318678671581
261184,0.5358533958122179
261185,0.6666272764872444
261186,0.9110539448507188
261187,0.1891319464960163
261188,0.8585725907981511
261189,0.630985224137696
261190,0.02332959126628822
261191,0.8190809059135264
261192,0.7236491062216789
261193,0.6582917085187323
261194,0.5702637475513702
261195,0.16764763363497123
261196,0.28476372709877695
261197,0.5559878375246
261198,0.7866976334077203
261199,0.6228678171629073
261200,0.23159607492012127
261201,0.49583448852609524
261202,0.30981133619063633
261203,0.1675612782416224
261204,0.5272405815808491
261205,0.129692165747815
261206,0.4827221037991828
261207,0.7189177396703043
261208,0.8645811081669478
261209,0.49959322064712003
261210,0.8930147576822213
261211,0.9790110943955349
261212,0.8852291372187201
261213,0.6459474322905542
261214,0.5134373537071462
261215,0.39595765858713483
261216,0.017298348793978756
261217,0.8154403443307684
261218,0.2857000013635062
261219,0.048627176496788944
261220,0.44427577367614907
261221,0.10627621908817794
261222,0.2848409924507206
261223,0.4443484940073902
261224,0.16675680957726763
261225,0.38759482049440735
261226,0.42407315665322853
261227,0.6561737288713351
261228,0.2521168433922216
261229,0.8435422073347545
261230,0.8805477658950737
261231,0.9796883024802178
261232,0.7115684411942497
261233,0.23913171924498117
261234,0.7684675553697147
261235,0.952545438844474
261236,0.2502715649869785
261237,0.9449461642297781
261238,0.399639125356216
261239,0.1451316010744429
261240,0.2656700951272833
261241,0.5589966412297008
261242,0.599538225896619
261243,0.2357684039250799
261244,0.5568650265201959
261245,0.8893832861408685
261246,0.19383149790247295
261247,0.1625253953031756
261248,0.14364083428400018
261249,0.6232541439226257
261250,0.17828298207898335
261251,0.9043273142109163
261252,0.34318542320960266
261253,0.9978183900627667
261254,0.535062562209971
261255,0.636925566195954
261256,0.1738834020388963
261257,0.7696538057730853
261258,0.6929202212516079
261259,0.451188750164757
261260,0.7098686034514887
261261,0.5500793106112598
261262,0.5007885610918958
261263,0.920212161566396
261264,0.13505074515614418
261265,0.6828666354575246
261266,0.9490230477999828
261267,0.8321023902263875
261268,0.16423432308734168
261269,0.17052008671899502
261270,0.4869535180732748
261271,0.39894373718872284
261272,0.8787206675726409
261273,0.7857159089359652
261274,0.15287177133091842
261275,0.1260606942064621
261276,0.25228500915821667
261277,0.6604824084973707
261278,0.8599042818640039
261279,0.29141309238663576
261280,0.12278373427990964
261281,0.5975475068288937
261282,0.9733161834552156
261283,0.3752232741420137
261284,0.06559373877948013
261285,0.8369382922539212
261286,0.9978638402697924
261287,0.2337367796710314
261288,0.8037369160216524
261289,0.8321160252884952
261290,0.14302271146845075
261291,0.27509192304370944
261292,0.07759259343426309
261293,0.8612723330954773
261294,0.23477758941191978
261295,0.8871107757895837
261296,0.8015462160430141
261297,0.37197358433967664
261298,0.42160066539103086
261299,0.732839138082274
261300,0.501852095936297
261301,0.26941973720690293
261302,0.9276841756014199
261303,0.8798478327068779
261304,0.5042155067016331
261305,0.5723180969089314
261306,0.2411860686025425
261307,0.041527854159375696
261308,0.3158016734766227
261309,0.03312411088032506
261310,0.4816994741411047
261311,0.44963435308447824
261312,0.04269137945923344
261313,0.08014235004840446
261314,0.5469886965335127
261315,0.313560978270256
261316,0.043650378827475564
261317,0.6122051985946796
261318,0.5593511528445012
261319,0.2224424032251467
261320,0.30562991714427257
261321,0.5746542375500521
261322,0.6143140882006718
261323,0.6992787052145023
261324,0.4353811681612209
261325,0.4598561046445567
261326,0.35485703637380067
261327,0.8671444998431969
261328,0.42068257120911184
261329,0.2969807427472832
261330,0.7719081360415597
261331,0.12204289590539084
261332,0.1910863053981211
261333,0.16471155026111145
261334,0.7925016248449013
261335,0.4339722117434245
261336,0.9718481417682857
261337,0.3524845355670595
261338,0.17920562128160494
261339,0.28214579517409705
261340,0.05514473618427332
261341,0.3011258016280264
261342,0.44938437694583694
261343,0.3450488816976561
261344,0.22680562309961322
261345,0.044654828402743374
261346,0.06730721158434876
261347,0.6558146722358321
261348,0.3625335763404402
261349,0.21638389062862182
261350,0.9149217574686053
261351,0.3069479731480177
261352,0.12415633053208557
261353,0.06428931783784274
261354,0.28688625176687677
261355,0.0245022066075511
261356,0.06642093254734775
261357,0.08756436885570014
261358,0.27356934110834874
261359,0.2797960194708687
261360,0.9200576308625086
261361,0.40075265542834543
261362,0.9263706646183774
261363,0.7839797110275838
261364,0.7046372846228315
261365,0.7514100926729722
261366,0.2432131478358884
261367,0.023856813667786258
261368,0.6663591202657928
261369,0.1948723076433613
261370,0.30386190409097313
261371,0.5911117575140555
261372,0.02409315474431986
261373,0.8924420850736976
261374,0.17166997695674505
261375,0.7622954172556257
261376,0.36401979811018037
261377,0.8922511942041896
261378,0.32618250076129096
261379,0.3424627649178942
261380,0.8520959362969899
261381,0.13941851005131328
261382,0.6724449029865331
261383,0.9936415160371056
261384,0.70240567945787
261385,0.6537330527540554
261386,0.5913208284663737
261387,0.3643652196835756
261388,0.9779293794683235
261389,0.5563332590979952
261390,0.0922775553242645
261391,0.2816140277518964
261392,0.10887597093004758
261393,0.4691143118156903
261394,0.9630944318951373
261395,0.925129873966576
261396,0.015112193836042922
261397,0.943300866735448
261398,0.8579953731689248
261399,0.559110266747265
261400,0.26931520173074386
261401,0.09510001318056004
261402,0.6665318310524905
261403,0.4493162016352984
261404,0.3414401352598161
261405,0.47039600765381484
261406,0.25598465601010806
261407,0.6905249953413538
261408,0.9244935710682163
261409,0.7821344326223406
261410,0.4530431186114052
261411,0.7890201389867331
261412,0.8941691929406739
261413,0.024120424868535276
261414,0.6082510305834443
261415,0.8570091036764672
261416,0.14182282600297244
261417,0.7098913285550016
261418,0.5788129314929029
261419,0.5821080715022657
261420,0.4565518745937887
261421,0.4799678212534258
261422,0.9080133260007
261423,0.22426041150617443
261424,0.5770540084810086
261425,0.8467191768058504
261426,0.4942982715286268
261427,0.6212225196685771
261428,0.652069575176915
261429,0.19818562773553433
261430,0.16476609050954227
261431,0.10511269378832021
261432,0.3607382931629253
261433,0.3885356397798392
261434,0.4875398257439062
261435,0.2697287986146777
261436,0.1736606960244704
261437,0.255352898132451
261438,0.16538875834579428
261439,0.5303766458656219
261440,0.012230650710613987
261441,0.6675590057312711
261442,0.3419037273714781
261443,0.5950295653596702
261444,0.5632962308143314
261445,0.9524136332440994
261446,0.2019716299807746
261447,0.4177101276696315
261448,0.5287177133091842
261449,0.05277223537753215
261450,0.638825384849628
261451,0.05189959140263884
261452,0.66453202194336
261453,0.2366683180241886
261454,0.6101508492371183
261455,0.19237709127765076
261456,0.9419328155039747
261457,0.33343635380259157
261458,0.2777916653410356
261459,0.8823930443003168
261460,0.5458933465441935
261461,0.5205321310238569
261462,0.7991555351534626
261463,0.31247017330163934
261464,0.02845637461878639
261465,0.5962158157630408
261466,0.3265461024174965
261467,0.16503424673099387
261468,0.44995704955436067
261469,0.1357870385099604
261470,0.8954417987373933
261471,0.6212406997513874
261472,0.8108907786074966
261473,0.5980747292303916
261474,0.21195249544361675
261475,0.8421287058962554
261476,0.7386204044159421
261477,0.5225410301743926
261478,0.6094554610696252
261479,0.2653292185745906
261480,0.5365896891660341
261481,0.2269419737206903
261482,0.3542207334754409
261483,0.3411674340176619
261484,0.7658996186727631
261485,0.8217761031901502
261486,0.9188350202935175
261487,0.36242449584357855
261488,0.8344339858468056
261489,0.7587412110662164
261490,0.3891083123883629
261491,0.4795087741624663
261492,0.6834620331695611
261493,0.2865908254212098
261494,0.9577631226110235
261495,0.6855436526513378
261496,0.9953413537798665
261497,0.4354720685752723
261498,0.9541634662145886
261499,0.09422736920566673
261500,0.36630594352357276
261501,0.5322719194985933
261502,0.14133650878779755
261503,0.7343117247899065
261504,0.9304839083542026
261505,0.8525186232223289
261506,0.4230959772021762
261507,0.3238690852236832
261508,0.9977047645452025
261509,0.8686761718199627
261510,0.16157094095563604
261511,0.4647056417341981
261512,0.7652269556087827
261513,0.8306025333945397
261514,0.6304807268397107
261515,0.31406547556824116
261516,0.3818544593470623
261517,0.2817412883315683
261518,0.3661468677989828
261519,0.7370205571286378
261520,0.9394830493452898
261521,0.5772085391848961
261522,0.2990669072497625
261523,0.7683675649142583
261524,0.9924098154267093
261525,0.5516837029192668
261526,0.6889296930747519
261527,0.1634162193608792
261528,0.7178269347016876
261529,0.13643243144972525
261530,0.745269769703801
261531,0.02268874334722595
261532,0.8442466855436527
261533,0.17299257798119272
261534,0.3215829398102908
261535,0.75356443248599
261536,0.4704596379436508
261537,0.7849341653751233
261538,0.3618018280073266
261539,0.619218165538744
261540,0.8368019416328442
261541,0.5508519641306966
261542,0.5686275400984452
261543,0.6068375291449453
261544,0.36568327568732073
261545,0.06675271905863531
261546,0.08221942450947864
261547,0.5786947609546362
261548,0.9381149981138165
261549,0.7122320142168248
261550,0.9054226642002354
261551,0.9590266383663378
261552,0.1533171833597702
261553,0.1797192086209953
261554,0.9943050890596806
261555,0.9774339722117434
261556,0.3557433154108017
261557,0.16512969216574783
261558,0.005753996209452734
261559,0.44370310106762534
261560,0.6516741583757915
261561,0.7046963698919649
261562,0.8288981506310761
261563,0.552842683198422
261564,0.0802696106280764
261565,0.5892210289017867
261566,0.38592225287586185
261567,0.9844378491144027
261568,0.801050808786434
261569,0.6823075979111085
261570,0.3460306061694111
261571,0.8781161798191991
261572,0.5668277119002277
261573,0.48156312352002756
261574,0.40143440853373086
261575,0.3810499906827075
261576,0.007340208434649419
261577,0.03875993655151099
261578,0.40744747092323
261579,0.7891883047527282
261580,0.7355252453174924
261581,0.15953022666018246
261582,0.7365933251825962
261583,0.3940714749955686
261584,0.2941764649737979
261585,0.5236636502879272
261586,0.14384081519491324
261587,0.40982906177137635
261588,0.06945700637666403
261589,0.9711527536007927
261590,0.728439558042187
261591,0.27562823548661264
261592,0.23603656014653146
261593,0.7660723294594607
261594,0.9346153321728381
261595,0.04511842051440545
261596,0.41467405384031525
261597,0.9874739229437189
261598,0.35777039464414756
261599,0.6411706155321538
261600,0.7638270892323915
261601,0.2445902891087669
261602,0.8138177719399512
261603,0.1603665104694552
261604,0.8803341499220529
261605,0.6679453324909895
261606,0.1594484162875362
261607,0.6086600824466756
261608,0.3767913062844001
261609,0.9726662454947482
261610,0.8895196367619455
261611,0.2659973366178683
261612,0.18263711191204476
261613,0.4598197444789361
261614,0.3408765526926975
261615,0.8942237331891048
261616,0.7040782470764154
261617,0.5311083941987357
261618,0.08553728962235423
261619,0.2590934501706655
261620,0.8672217651951405
261621,0.19178623858631677
261622,0.9773021666113689
261623,0.8994323269142491
261624,0.9244526658818931
261625,0.165993246099236
261626,0.2348230396189455
261627,0.7207175678685217
261628,0.16366165047881792
261629,0.9462914903577386
261630,0.3111884774635148
261631,0.7645452025033974
261632,0.9932597342980898
261633,0.5884620104444577
261634,0.1161570940955636
261635,0.42010535357988554
261636,0.9122583753368997
261637,0.9070861417773758
261638,0.41968266665454657
261639,0.9520318515050836
261640,0.5901754832493262
261641,0.6971198203807818
261642,0.9687393476077284
261643,0.8034687598002009
261644,0.9171260925093514
261645,0.6124688097954287
261646,0.46646910976679495
261647,0.44374400625394844
261648,0.08489189668258938
261649,0.4152967216765672
261650,0.2044941164707005
261651,0.9672122206516651
261652,0.4069884238322705
261653,0.8745301584848719
261654,0.9002958808477373
261655,0.8401743469941505
261656,0.4708641447861795
261657,0.5751541898273347
261658,0.2602342503670104
261659,0.9800655391985311
261660,0.9638443603110612
261661,0.9059407965603283
261662,0.6853391267197222
261663,0.11111666613641424
261664,0.48377200358147626
261665,0.3666059148899423
261666,0.8218806386663092
261667,0.813926852436813
261668,0.06479836015653051
261669,0.29790792697060736
261670,0.13669604265047428
261671,0.5476340894732775
261672,0.9514409988137497
261673,0.2774553338090455
261674,0.3027392839774385
261675,0.6665909163216239
261676,0.9903781911726608
261677,0.26275673685693635
261678,0.5116784306952519
261679,0.5860667845342036
261680,0.2065711909317747
261681,0.48164947891337645
261682,0.6988651083305685
261683,0.7488103408311024
261684,0.029015412165202415
261685,0.38804477754396166
261686,0.6697042555028838
261687,0.9078042550483818
261688,0.692738420423505
261689,0.2238649947050509
261690,0.33524072702151153
261691,0.09008685534562609
261692,0.510274019298158
261693,0.9307884247412747
261694,0.7541052899495958
261695,0.6537239627126502
261696,0.32713241008812793
261697,0.678017098367883
261698,0.3476168183946078
261699,0.19869467005422212
261700,0.20134441712382
261701,0.6215543061798647
261702,0.7227628271846778
261703,0.9815835761131892
261704,0.9538044095790857
261705,0.6401161707291577
261706,0.6014562246331032
261707,0.5546106962517214
261708,0.7147272305825353
261709,0.008535548879425144
261710,0.6643911263015803
261711,0.07523827271033218
261712,0.9125356215997564
261713,0.7294758227623727
261714,0.753237190995405
261715,0.17887383477031737
261716,0.6281718563228056
261717,0.23330954772498988
261718,0.770944591652615
261719,0.500765835988383
261720,0.5108194217824663
261721,0.05064516568872972
261722,0.5397393885129147
261723,0.966812258829839
261724,0.6380209161852732
261725,0.5550152030942501
261726,0.513787320301244
261727,0.24730366646820076
261728,0.2703151062853091
261729,0.9703937351434636
261730,0.8482962989896419
261731,0.8410606260311516
261732,0.5018884561019176
261733,0.917426063875721
261734,0.4935665231955131
261735,0.07092050304289135
261736,0.5870621440680662
261737,0.5331354734320816
261738,0.9058271710427641
261739,0.7300575854123016
261740,0.7961649115311721
261741,0.5601328964053431
261742,0.9820380781834462
261743,0.007331118393244281
261744,0.21162979897373432
261745,0.046913703691920314
261746,0.6919975820489862
261747,0.760159257525418
261748,0.0992950672890315
261749,0.7530599351880048
261750,0.7244308497825208
261751,0.028342749101222156
261752,0.030560719204075975
261753,0.44248958054003934
261754,0.8923148244940255
261755,0.9063907536098827
261756,0.8233486803532389
261757,0.11050763336226996
261758,0.6403752369092042
261759,0.04426850164302499
261760,0.3030438003645107
261761,0.8169765613282369
261762,0.9428554547065962
261763,0.6380709114130014
261764,0.15394894123742733
261765,0.5674185645915617
261766,0.55844669372469
261767,0.7781075442798642
261768,0.5255998291072216
261769,0.3539753023575022
261770,0.5337399611855232
261771,0.5886619913553706
261772,0.4021525218047368
261773,0.6380209161852732
261774,0.1716154367083142
261775,0.11519354970661891
261776,0.27593275187368477
261777,0.02033442262329505
261778,0.12534258093545617
261779,0.978356611414365
261780,0.3023075070106944
261781,0.7691038582680745
261782,0.7910017680130533
261783,0.7156544148058595
261784,0.09578176628594542
261785,0.8618359156625959
261786,0.9757841296967108
261787,0.5156462337685949
261788,0.38729484912803774
261789,0.8964598833747688
261790,0.60042450493362
261791,0.3006712995577695
261792,0.694279182441676
261793,0.5124419941732835
261794,0.6704223687738898
261795,0.23809999954549793
261796,0.7786893069297931
261797,0.49897509783157057
261798,0.8631676067284487
261799,0.3859904281864004
261800,0.24659009821789737
261801,0.057785393212466084
261802,0.9421009812699698
261803,0.38340431140663844
261804,0.685025520291245
261805,0.5247862704014618
261806,0.4892805686729903
261807,0.08052867680812285
261808,0.11404820448957144
261809,0.5726226132960036
261810,0.010526267947150498
261811,0.37466423659559767
261812,0.31706973425263946
261813,0.8594679598765572
261814,0.8623313229191759
261815,0.7505828989051045
261816,0.8999868194399626
261817,0.9307475195549516
261818,0.6625503929170398
261819,0.8119770385554107
261820,0.9960367419473596
261821,0.40335695229091767
261822,0.31715608964598835
261823,0.595802218879107
261824,0.13816862935810673
261825,0.4924211779784657
261826,0.6550511087578004
261827,0.8089864149331201
261828,0.21436590143668105
261829,0.4751364642465946
261830,0.0737111457542689
261831,0.8504097336163366
261832,0.3962349048499916
261833,0.7920243976711314
261834,0.0327923243690375
261835,0.09427281941269243
261836,0.49229391739879375
261837,0.5824762181791739
261838,0.10563537116911567
261839,0.8738893105658097
261840,0.6989469187032147
261841,0.28088682443948526
261842,0.7867612636975562
261843,0.6695088196126734
261844,0.1042536848755346
261845,0.3804545929706709
261846,0.7509828607269307
261847,0.576163184423305
261848,0.1863185786811259
261849,0.8061003267869885
261850,0.5101058535321629
261851,0.9914008208307389
261852,0.04989069225210321
261853,0.1259152535439799
261854,0.4745319764931529
261855,0.6738447693629245
261856,0.7024465846441931
261857,0.7410156303261962
261858,0.6255311992946129
261859,0.24377673040300699
261860,0.3496938928556819
261861,0.01702110253112203
261862,0.6555465160143805
261863,0.6245676549056681
261864,0.9263888447011877
261865,0.6206680271428636
261866,0.5794901395775858
261867,0.1573304366401389
261868,0.47112775598692846
261869,0.3940942000990814
261870,0.25743906263493027
261871,0.9621854277546235
261872,0.27133319092268465
261873,0.935987928425014
261874,0.004045068425286676
261875,0.1616709314110926
261876,0.8773435262997623
261877,0.5221183432490535
261878,0.2744601651660523
261879,0.3390949045772903
261880,0.8452284100154077
261881,0.586357665859168
261882,0.8354520704841811
261883,0.42689561450952407
261884,0.18106907976965836
261885,0.29329927597820205
261886,0.6867435381168161
261887,0.09794974116107098
261888,0.1166479563314411
261889,0.8239668031687885
261890,0.12114298180628212
261891,0.6921248426286581
261892,0.025274860126987878
261893,0.1448225396666682
261894,0.3612836956472336
261895,0.24084973707055238
261896,0.09622263329409464
261897,0.9178033005940343
261898,0.6473382086255403
261899,0.11135755223365042
261900,0.6270037860022453
261901,0.30440276155457885
261902,0.07826525649824334
261903,0.8539593947850432
261904,0.7145227046509197
261905,0.7926788806523013
261906,0.3806273037573686
261907,0.6471427727353298
261908,0.25747542280055086
261909,0.5183505210866236
261910,0.45680185073243
261911,0.7204266865435572
261912,0.8683943805364034
261913,0.05883983801546216
261914,0.8437330982042623
261915,0.6412478808840975
261916,0.017121092986578556
261917,0.8844746637820936
261918,0.5105421755196095
261919,0.929129492184837
261920,0.42005990337285987
261921,0.5196458519868559
261922,0.6285490930411188
261923,0.8278164357038647
261924,0.8218942737284168
261925,0.6958108544184419
261926,0.31450634257639043
261927,0.5244590289108767
261928,0.1188522913721872
261929,0.3418719122265602
261930,0.40082083073888397
261931,0.9277069007049327
261932,0.8353702601115348
261933,0.2255830125306221
261934,0.3766822257875384
261935,0.8423605019520863
261936,0.8518641402411588
261937,0.4831084305589012
261938,0.8947100504042796
261939,0.46393298821476125
261940,0.05167688538821295
261941,0.45903800091809416
261942,0.8912921948359475
261943,0.2427541007449289
261944,0.827084687370751
261945,0.7848069047954515
261946,0.7583367042236877
261947,0.36896932565527835
261948,0.1894819130901141
261949,0.3496075374623331
261950,0.04535476159093905
261951,0.4152876316351621
261952,0.7118547774985116
261953,0.43836270174210645
261954,0.819212711513901
261955,0.9791838051822327
261956,0.8515959840197073
261957,0.19290431367914881
261958,0.4133287277123547
261959,0.5135373441626027
261960,0.6688497916108008
261961,0.4695551788238395
261962,0.27141500129533086
261963,0.15819853559432964
261964,0.7411883411128938
261965,0.42256420977997555
261966,0.09704073702055713
261967,0.29782611659796104
261968,0.5841351507356116
261969,0.7130364828811796
261970,0.866826348394017
261971,0.7926425204866808
261972,0.2559664759272978
261973,0.04994068747983147
261974,0.7810481726744266
261975,0.5937796846664637
261976,0.9086541739197622
261977,0.38617677403520567
261978,0.5722999168261211
261979,0.64781543579931
261980,0.20530767517646042
261981,0.37287349843878537
261982,0.8401107167043146
261983,0.7033828589089224
261984,0.048745347035055744
261985,0.7234673053935762
261986,0.8013280550492908
261987,0.687325300766745
261988,0.13141018357338619
261989,0.3734325359852014
261990,0.7145908799614582
261991,0.12611068943419038
261992,0.259647942696379
261993,0.4691097667949877
261994,0.7854023025074879
261995,0.4110743974438803
261996,0.32744147149590264
261997,0.9831606982969808
261998,0.7416201180796379
261999,0.4558337613227828
262000,0.6874980115534427
262001,0.9242345048881698
262002,0.045113875493702875
262003,0.8384835992927948
262004,0.13715508974143378
262005,0.08221033446807349
262006,0.05915344444393944
262007,0.7869476095463616
262008,0.054344812540621124
262009,0.8734257184541475
262010,0.02961080987723899
262011,0.30192118025097603
262012,0.7784529658532595
262013,0.9442644111243927
262014,0.7741579212893316
262015,0.5888983324319043
262016,0.947268669808791
262017,0.8115770767335845
262018,0.8412287917971467
262019,0.8593088841519673
262020,0.9027183768822068
262021,0.49609355470614164
262022,0.2097390703614655
262023,0.38358156721403863
262024,0.5330491180387327
262025,0.44820267156316895
262026,0.7799710027679176
262027,0.193081569486549
262028,0.7000513587339391
262029,0.8454647510919412
262030,0.6286718086000882
262031,0.39287158953009027
262032,0.7933288186127688
262033,0.6713722781007269
262034,0.9317110639438964
262035,0.9242026897432518
262036,0.6117916017107459
262037,0.14599515500793106
262038,0.29329927597820205
262039,0.3913217374705142
262040,0.1371187295758132
262041,0.33701783011621617
262042,0.8717622408770072
262043,0.5659005276769037
262044,0.7619772658064459
262045,0.01337599592766145
262046,0.9620081719472233
262047,0.8983687920698479
262048,0.7555915117193359
262049,0.6400661755014295
262050,0.22792369819244526
262051,0.982588025688457
262052,0.7109275932751874
262053,0.895846305579922
262054,0.8247394566882252
262055,0.2855727407838342
262056,0.2778643856722767
262057,0.554119834015844
262058,0.7408338294980933
262059,0.18615041291513085
262060,0.8414514978115726
262061,0.36036560146531466
262062,0.7619363606201226
262063,0.5721408411015312
262064,0.7455742860908732
262065,0.7069279750569264
262066,0.48064957435881117
262067,0.8990369101131256
262068,0.2778098454238459
262069,0.19976274991932588
262070,0.18909558633039575
262071,0.18770026497470696
262072,0.4190599988182946
262073,0.12232468718895013
262074,0.38908558728485004
262075,0.3496529876693588
262076,0.31687429836242903
262077,0.3351271015039473
262078,0.7451743242690472
262079,0.8787070325105331
262080,0.08282845728362292
262081,0.7932970034678508
262082,0.4597697492512078
262083,0.8703214693142928
262084,0.3423264142968171
262085,0.5622145158871199
262086,0.8665672822139705
262087,0.013789592811595256
262088,0.7219174533339999
262089,0.3866176410433549
262090,0.42759100267701716
262091,0.6192272555801491
262092,0.4631330645711091
262093,0.07991509901327601
262094,0.6982969807427473
262095,0.6351575531426545
262096,0.2536576054103926
262097,0.2068029869876057
262098,0.19029547179587403
262099,0.7990600897187088
262100,0.021338872198562866
262101,0.347403202421587
262102,0.995473159380241
262103,0.6803214238640858
262104,0.48564909713163745
262105,0.7113184650556084
262106,0.8402470673253917
262107,0.36375164188872877
262108,0.8304525477113548
262109,0.803868721622027
262110,0.8178219351789148
262111,0.09068225305766267
262112,0.9788474736502425
262113,0.6759036637411884
262114,0.9635534789860968
262115,0.4062839456233723
262116,0.8743165425118512
262117,0.39986183137064185
262118,0.30838874471073213
262119,0.3791319919462233
262120,0.34654873852950396
262121,0.8213806863890266
262122,0.535948841246972
262123,0.3114339085814536
262124,0.16908386017698313
262125,0.39654851127846885
262126,0.32450993314274545
262127,0.8002508851427819
262128,0.1722108344203508
262129,0.02995168642993169
262130,0.9578585680457775
262131,0.18422332413724146
262132,0.25597556596870297
262133,0.7236900114080019
262134,0.29694438258166267
262135,0.7723944532567346
262136,0.3046027424654919
262137,0.8660582398952827
262138,0.11312556528694988
262139,0.148613086932611
262140,0.8860563309865876
262141,0.22491943950804696
262142,0.562150885597284
262143,0.49824334949845694
262144,0.28157766758627584
262145,0.77503965530563
262146,0.5843942169156581
262147,0.6097508874152923
262148,0.10884415578512958
262149,0.4060430595261361
262150,0.9846378300253158
262151,0.5614600424504934
262152,0.25332581889910505
262153,0.23412765145145237
262154,0.539757568595725
262155,0.5369941960085628
262156,0.5157007740170257
262157,0.012507896973470713
262158,0.5874166556828667
262159,0.3805500384054249
262160,0.9342744556201454
262161,0.5009885420028088
262162,0.5212638793569705
262163,0.9387649360742838
262164,0.2146567827616455
262165,0.854532067393567
262166,0.7405156780489135
262167,0.2685243681284968
262168,0.9900054994750501
262169,0.8653128565000614
262170,0.7794437803664196
262171,0.4251730516632503
262172,0.24755364260684207
262173,0.2431086123597293
262174,0.16647047327300576
262175,0.11947041418773663
262176,0.5771449088950601
262177,0.6160866462746738
262178,0.2833956758673035
262179,0.9246617368342113
262180,0.9262524940801106
262181,0.0674617422882361
262182,0.6680589580085537
262183,0.6338804023252327
262184,0.7154044386672181
262185,0.9376105008158312
262186,0.34638966280491407
262187,0.22847364569745615
262188,0.7613273278459783
262189,0.8994777771212749
262190,0.20204435031201567
262191,0.23439580767290397
262192,0.5710818512778326
262193,0.9615173097113457
262194,0.0415869394285091
262195,0.2694970025588467
262196,0.03091523081887638
262197,0.05935342535485249
262198,0.24793087932515534
262199,0.9519773112566527
262200,0.020325332581889913
262201,0.2926402479763295
262202,0.08013780502770189
262203,0.9614536794215098
262204,0.47204130514814496
262205,0.4729866694542793
262206,0.9925734361720019
262207,0.6235859304339132
262208,0.2272964853354907
262209,0.4857990828148222
262210,0.8779025638461783
262211,0.03798728303207421
262212,0.11162116343439943
262213,0.1731425636643775
262214,0.5750905595374988
262215,0.46452838592679785
262216,0.8630539812108845
262217,0.4284772817140182
262218,0.3841633298639675
262219,0.3594156921384776
262220,0.8832793233373178
262221,0.963003531481086
262222,0.24132696424432215
262223,0.153730780243704
262224,0.3610109944050795
262225,0.6010608078319797
262226,0.9749069407011149
262227,0.5899709573177107
262228,0.4760409233664059
262229,0.23911808418287345
262230,0.13958213079660578
262231,0.8449375286904433
262232,0.834556701405775
262233,0.9077542598206535
262234,0.0583898809659078
262235,0.4519432236013835
262236,0.6491425818444604
262237,0.8733075479158808
262238,0.7903927352389091
262239,0.5956067829888965
262240,0.3208693715599874
262241,0.6782443494030116
262242,0.1293512891951223
262243,0.7470786879434237
262244,0.02222969625626645
262245,0.5014748592179837
262246,0.329200394507797
262247,0.6623549570268293
262248,0.6784443303139246
262249,0.3270778698396971
262250,0.6074238368155767
262251,0.7403066070965953
262252,0.5189640988814704
262253,0.8353611700701298
262254,0.4913440080719567
262255,0.29843969439280793
262256,0.5339581221792465
262257,0.7238536321532946
262258,0.5288040687025329
262259,0.7001922543757186
262260,0.011839778930193025
262261,0.9831334281727653
262262,0.9182123524572654
262263,0.3524118152358184
262264,0.5513564614286819
262265,0.35620690752246376
262266,0.4160648301753014
262267,0.3166470473273006
262268,0.35809763613473256
262269,0.3770503724644465
262270,0.9546043332227379
262271,0.10525813445080241
262272,0.5292176655864668
262273,0.157698583317047
262274,0.6092872953036301
262275,0.02707923334590789
262276,0.7519645851986856
262277,0.7313620063539389
262278,0.7050463364860627
262279,0.14609969048409016
262280,0.3952350002954263
262281,0.5785675003749643
262282,0.5192867953513528
262283,0.924284500115898
262284,0.6704178237531871
262285,0.4677917107912426
262286,0.24040887006240313
262287,0.8888969689256935
262288,0.5709227755532427
262289,0.2241876911749333
262290,0.9377332163748006
262291,0.735561605483113
262292,0.018539139445780176
262293,0.1331100213161471
262294,0.09313656423705009
262295,0.13777775757768576
262296,0.07164770635530245
262297,0.27830070765972337
262298,0.3457033646788261
262299,0.37049190759063905
262300,0.013053299457779029
262301,0.3118020552583617
262302,0.7485558196717587
262303,0.6925293494711868
262304,0.1503720099445053
262305,0.5392576163184424
262306,0.4771817235627508
262307,0.6399480049631626
262308,0.3949577540325696
262309,0.2933583612473355
262310,0.8530822057894474
262311,0.5307993327909608
262312,0.33392267101776646
262313,0.5951568259393422
262314,0.3507756077828934
262315,0.7201085350943773
262316,0.06784352402725194
262317,0.05101331236563783
262318,0.4040477954377082
262319,0.9642852273192105
262320,0.12243376768581181
262321,0.4024343130882961
262322,0.7288395198640131
262323,0.7625408483735643
262324,0.9961458224442212
262325,0.45974702414769497
262326,0.3444080337785938
262327,0.1826462019534499
262328,0.9804336858754392
262329,0.7253034937574141
262330,0.05566286854436622
262331,0.7901882093072935
262332,0.41115620781652656
262333,0.4150694706414388
262334,0.9472413996845755
262335,0.08626903795546788
262336,0.47233218647310937
262337,0.30701614845855624
262338,0.2849046227405566
262339,0.7750896505333582
262340,0.2020579853741234
262341,0.9231618800023634
262342,0.8102135705228137
262343,0.6734629876239087
262344,0.4445802900632212
262345,0.5496157184995978
262346,0.6145595193186105
262347,0.47309120493043844
262348,0.14888124315406256
262349,0.17886474472891226
262350,0.39274432895041833
262351,0.3548843064980161
262352,0.8949009412737876
262353,0.5785902254784772
262354,0.26813804136877845
262355,0.8109089586903068
262356,0.26884251957767663
262357,0.8320569400193618
262358,0.051781420864372034
262359,0.5167461287786166
262360,0.3879856922748283
262361,0.6631321555669686
262362,0.48673535707955146
262363,0.2837320073992937
262364,0.5466250948773071
262365,0.2775598692852046
262366,0.33653605792174385
262367,0.8330613895946297
262368,0.39517137000559033
262369,0.758882106707996
262370,0.8602906086237223
262371,0.49794792315278996
262372,0.9841787829343563
262373,0.1516264356584144
262374,0.5239045363851633
262375,0.38334522613750505
262376,0.34539430327105136
262377,0.9578540230250749
262378,0.6825893891946678
262379,0.39894828220942546
262380,0.19028638175446888
262381,0.7370251021493402
262382,0.6706268947055054
262383,0.9962821730652983
262384,0.7358979370151032
262385,0.23627290122306507
262386,0.11354825221228881
262387,0.15563514391808056
262388,0.13012848773526164
262389,0.3932806413933215
262390,0.056430977043100426
262391,0.814167738534049
262392,0.1570350102944719
262393,0.6689952322732831
262394,0.728512278373428
262395,0.8154448893514711
262396,0.942582753464442
262397,0.4482253966666818
262398,0.2542530031224292
262399,0.4771999036455611
262400,0.18077819844469392
262401,0.05766267765349671
262402,0.7936106098963281
262403,0.32022397862022256
262404,0.5230364374309725
262405,0.8831520627576459
262406,0.43061344144422575
262407,0.8053185832261466
262408,0.3638743574476982
262409,0.2596615777584867
262410,0.23900445866530923
262411,0.35183914262729465
262412,0.49762068166220497
262413,0.04479572404452302
262414,0.8650356102372047
262415,0.31147935878847927
262416,0.5097013466896342
262417,0.8478372518986824
262418,0.9280750473818409
262419,0.4149740252066848
262420,0.33456351893682873
262421,0.4897487058053549
262422,0.3773367087687084
262423,0.7022102435676594
262424,0.035233000486317216
262425,0.5294540066630005
262426,0.9867103594656874
262427,0.2676517241536035
262428,0.8894378263892992
262429,0.2508669626990151
262430,0.8999595493157472
262431,0.6005381304511843
262432,0.6529285840897006
262433,0.3211193476986287
262434,0.07633816772035396
262435,0.4342312779234709
262436,0.303461942269147
262437,0.4588380200071811
262438,0.29362197244808447
262439,0.30701160343785366
262440,0.921393866949064
262441,0.7838479054272093
262442,0.5525518018734575
262443,0.9943959894737321
262444,0.05310402188881971
262445,0.14403170606442112
262446,0.4066657273623881
262447,0.9532362819912645
262448,0.5367487648906242
262449,0.31652887678903374
262450,0.9322882815731226
262451,0.0881915817126547
262452,0.9992182564391581
262453,0.274505615373078
262454,0.3443353134473527
262455,0.23020529858513508
262456,0.43216783852450447
262457,0.3225737543234509
262458,0.6791988037505511
262459,0.790919957640407
262460,0.8426195681321328
262461,0.856736402434313
262462,0.15454433894946393
262463,0.9280114170920049
262464,0.9626581099076906
262465,0.24062703105612646
262466,0.19033183196149459
262467,0.9320746656001019
262468,0.03621472495807218
262469,0.8180355511519355
262470,0.49002595206821165
262471,0.8785070515996201
262472,0.3332727330572991
262473,0.11308920512132932
262474,0.8681898546047877
262475,0.14486798987369387
262476,0.42926357029556267
262477,0.5820035360261067
262478,0.9174078837929107
262479,0.022625113057389977
262480,0.09987682993896037
262481,0.8764345221592484
262482,0.841742379136537
262483,0.6345167052235924
262484,0.4018798205625826
262485,0.4955526972425359
262486,0.5011294376445885
262487,0.8416605687638908
262488,0.24472663972984396
262489,0.06538012280645938
262490,0.07790619986274036
262491,0.5041382413496893
262492,0.15328536821485222
262493,0.5781948086773536
262494,0.4297180723658196
262495,0.24855354716140732
262496,0.5956885933615428
262497,0.714477254443894
262498,0.780261884092882
262499,0.022638748119497686
262500,0.42741829189031955
262501,0.2399816381163616
262502,0.6202135250726067
262503,0.037787302121161166
262504,0.9862013171469997
262505,0.7267669904236415
262506,0.44348039505319947
262507,0.42135068925238955
262508,0.7412883315683504
262509,0.9878920648483553
262510,0.8108316933383632
262511,0.646751900954909
262512,0.6842301416682954
262513,0.23433672240377054
262514,0.2262920357602229
262515,0.003390585444116698
262516,0.07101594847764531
262517,0.8975097831570623
262518,0.23160970998222896
262519,0.05933524527204222
262520,0.718772299007822
262521,0.8087455288358838
262522,0.19284068338931284
262523,0.6630548902150251
262524,0.24308588725621647
262525,0.9766022334231733
262526,0.7984919621308875
262527,0.9101313056480973
262528,0.043623108703260145
262529,0.9496911658432605
262530,0.6145367942150977
262531,0.4873671149572086
262532,0.4917939651215111
262533,0.621708836883752
262534,0.4574517886928975
262535,0.7130682980260975
262536,0.35482976624958523
262537,0.9123583657923563
262538,0.19344517114275456
262539,0.7315574422441495
262540,0.8915149008503734
262541,0.19770385554106198
262542,0.4681507674267456
262543,0.3084751001040809
262544,0.6426295671776785
262545,0.24384036069284296
262546,0.23926806986605825
262547,0.6298444239413511
262548,0.18598224714913578
262549,0.9616809304566383
262550,0.7236309261388686
262551,0.5516018925466205
262552,0.7282213970484636
262553,0.5567968512096573
262554,0.753796228541821
262555,0.7355388803796001
262556,0.18299162352684517
262557,0.8435285722726468
262558,0.36244267592638885
262559,0.9665759177533054
262560,0.3934988023870449
262561,0.6451020584398762
262562,0.12512441994173285
262563,0.6061830461637753
262564,0.829607173860677
262565,0.27569186577644855
262566,0.9070906867980785
262567,0.2976125006249403
262568,0.8790342740011181
262569,0.7639907099776839
262570,0.15273087568913876
262571,0.10497634316724312
262572,0.8502233877675313
262573,0.19073633880402327
262574,0.35743860813286
262575,0.810495361806373
262576,0.06032605978520232
262577,0.8323978165720545
262578,0.707059780657301
262579,0.40170256475518246
262580,0.4258684398307434
262581,0.9079587857522691
262582,0.6461155980565492
262583,0.47732261920453045
262584,0.6972698060639666
262585,0.37706855254725685
262586,0.5202730648438103
262587,0.458501688475191
262588,0.08476009108221487
262589,0.27556460519677667
262590,0.8681898546047877
262591,0.4523659105267224
262592,0.6951200112716515
262593,0.04088246121961086
262594,0.256502788370201
262595,0.28571363642561387
262596,0.7492239377150364
262597,0.5198821930633895
262598,0.7585230500724931
262599,0.5859440689752342
262600,0.10613077842569572
262601,0.3093204739547588
262602,0.033860404234141286
262603,0.9720799378241168
262604,0.9179169261115985
262605,0.8286209043682194
262606,0.36982833456806397
262607,0.580680935001659
262608,0.41544216233904946
262609,0.3608973688875153
262610,0.3569068407106594
262611,0.4721322055621963
262612,0.44032160566491374
262613,0.18195990382736196
262614,0.828402743374496
262615,0.42353684421032534
262616,0.022711468450738796
262617,0.5290858599860923
262618,0.9113084660100628
262619,0.2176746765081515
262620,0.29645352034578515
262621,0.47324573563432576
262622,0.9183168879334245
262623,0.10457183632471445
262624,0.584257866294581
262625,0.37433245008431015
262626,0.5947295939933007
262627,0.6483290231387004
262628,0.0787606637548234
262629,0.2247376386799442
262630,0.5909572268101682
262631,0.40509315019929915
262632,0.11375277814390443
262633,0.13268733439080815
262634,0.09125492566618641
262635,0.06987060326059784
262636,0.8890333195467706
262637,0.6417205630371647
262638,0.3656605505838079
262639,0.0770880961362779
262640,0.8298253348544002
262641,0.8051685975429619
262642,0.12744692552074577
262643,0.8181491766694997
262644,0.012362456310988496
262645,0.9105812626976516
262646,0.5428163675285541
262647,0.5145508837792756
262648,0.04445030247112775
262649,0.09008231032492353
262650,0.4740229341744651
262651,0.31897409792701603
262652,0.08387835706591643
262653,0.6708359656578236
262654,0.41187886610823515
262655,0.599570041041537
262656,0.6193636062012262
262657,0.19422236968289391
262658,0.30130305743542657
262659,0.2968171220019907
262660,0.5831534262638566
262661,0.3361497311620254
262662,0.7025420300789471
262663,0.5561650933320001
262664,0.1173569795610419
262665,0.8543502665654643
262666,0.6620140804741367
262667,0.14959481140436595
262668,0.2625749360288336
262669,0.9514455438344521
262670,0.25288495189095583
262671,0.6768535730680253
262672,0.7272169474731958
262673,0.7960785561378232
262674,0.018361883638379973
262675,0.5113420991632617
262676,0.4381854459347062
262677,0.5080378691124938
262678,0.4084519204984979
262679,0.26302489307838794
262680,0.4630103490121397
262681,0.11413001486221769
262682,0.8613768685716364
262683,0.2884815540334786
262684,0.12180655482885723
262685,0.6502106617095641
262686,0.9265979156535058
262687,0.5525199867285396
262688,0.8087137136909659
262689,0.09756795942205515
262690,0.9591993491530354
262691,0.4671554078928829
262692,0.009494548247667269
262693,0.918935010748974
262694,0.409083678376155
262695,0.715099922280146
262696,0.5824898532412816
262697,0.16932474627421928
262698,0.22253330363919807
262699,0.2372591707155226
262700,0.6397162089073316
262701,0.05766267765349671
262702,0.33669513364633374
262703,0.3779730116670681
262704,0.9400466319124083
262705,0.7390158212170657
262706,0.20332604615014022
262707,0.4373900673117566
262708,0.6020425323037346
262709,0.7980192799778204
262710,0.8537321437499148
262711,0.10040859736116098
262712,0.47094141013812313
262713,0.5467978056640048
262714,0.29570359192986123
262715,0.5892846591916227
262716,0.19721299330518452
262717,0.0074311088487008055
262718,0.8277209902691107
262719,0.7674403806909341
262720,0.9394330541175615
262721,0.20234886669908783
262722,0.02027533735416165
262723,0.4784906895250908
262724,0.32437358252166837
262725,0.763199876375437
262726,0.8091727607819253
262727,0.1428954508887788
262728,0.7224083155698774
262729,0.3081569486549011
262730,0.3025347580458229
262731,0.3380950000227251
262732,0.1422455129283114
262733,0.14798132905495387
262734,0.23218238259075272
262735,0.7140272973943396
262736,0.7793846950972861
262737,0.5950113852768599
262738,0.8235441162434496
262739,0.36025197594775044
262740,0.8791660796014926
262741,0.09941323782729829
262742,0.45462024079519675
262743,0.813113293731053
262744,0.9602310688525186
262745,0.07049327109684984
262746,0.730643893082933
262747,0.15052654064839266
262748,0.7272805777630317
262749,0.27940060266974515
262750,0.06776625867530825
262751,0.10668072593070661
262752,0.6172092663882084
262753,0.6516832484171966
262754,0.3824044068520732
262755,0.5624599470050586
262756,0.8991505356306898
262757,0.09634080383236145
262758,0.7179269251571442
262759,0.09783611564350675
262760,0.8073320273973849
262761,0.44073065752814505
262762,0.16037560051086033
262763,0.8147540462046805
262764,0.8339385785902255
262765,0.3099885919980365
262766,0.42580026452020486
262767,0.12132932765508746
262768,0.8994323269142491
262769,0.6907522463764822
262770,0.27676449066225495
262771,0.9036364710641257
262772,0.8057958103999164
262773,0.439580767290395
262774,0.8426741083805637
262775,0.37593684239231706
262776,0.1364097063462124
262777,0.9442871362279056
262778,0.26307943332681877
262779,0.5128510460365147
262780,0.44214415896664405
262781,0.16014834947573187
262782,0.23721372050849693
262783,0.8386199499138719
262784,0.5978520232159659
262785,0.252471355007022
262786,0.1669522454674781
262787,0.4070747792256193
262788,0.7649178942010081
262789,0.06510742156430521
262790,0.8306116234359447
262791,0.9628808159221166
262792,0.4892078483417492
262793,0.3378859290704069
262794,0.2711423000531767
262795,0.511001222610569
262796,0.9871421364324314
262797,0.32772326277946195
262798,0.474277455333809
262799,0.18977279441507858
262800,0.43163607110230384
262801,0.04516387072143114
262802,0.7860340603851451
262803,0.7035237545507019
262804,0.34602606114870854
262805,0.5691729425827534
262806,0.6383527026965607
262807,0.817281077715309
262808,0.572449902509306
262809,0.9874148376745856
262810,0.9718072365819627
262811,0.7029192667972602
262812,0.646338304070975
262813,0.04679098813295095
262814,0.46327396021288875
262815,0.011671613164197962
262816,0.3110112216561146
262817,0.2849500729475823
262818,0.44683916535239815
262819,0.3710054949300294
262820,0.7698946918703214
262821,0.8871380459137992
262822,0.6805350398371064
262823,0.4445575649597084
262824,0.568818430967953
262825,0.7597002104344586
262826,0.08012416996559418
262827,0.9405738543139064
262828,0.012298826021152525
262829,0.20765745087968876
262830,0.23842724103608293
262831,0.8045141145617919
262832,0.6391344462574027
262833,0.4421668840701569
262834,0.43981710836692856
262835,0.809113675512792
262836,0.1543670831420637
262837,0.7312120206707542
262838,0.14112743783547935
262839,0.4080610487180769
262840,0.6850755155189732
262841,0.7094004663191241
262842,0.6203680557764941
262843,0.8726848800796289
262844,0.6178228441830552
262845,0.9574086109962231
262846,0.9532226469291567
262847,0.9225301221247063
262848,0.3693601974356993
262849,0.2263511210293563
262850,0.17527872339458508
262851,0.4685325491657614
262852,0.5229909872239468
262853,0.8364792451629617
262854,0.3029847150953772
262855,0.555996927566005
262856,0.9724480845010249
262857,0.8545138873107567
262858,0.8810068129860331
262859,0.8331477449879784
262860,0.7520282154885216
262861,0.9486230859781566
262862,0.0029133582703469215
262863,0.19589039228073685
262864,0.9177669404284137
262865,0.08144677099004186
262866,0.24195872212197927
262867,0.6490380463683012
262868,0.9375968657537235
262869,0.5233000486317216
262870,0.21379322882815732
262871,0.8588771071852233
262872,0.9758477599865467
262873,0.019343608110134945
262874,0.13921398411969765
262875,0.9575086014516797
262876,0.8495961749105767
262877,0.3625063062162248
262878,0.8094091018584589
262879,0.7600365419664487
262880,0.3315274451075125
262881,0.9710936683316593
262882,0.9835970202844274
262883,0.1450861508674172
262884,0.19472232196017653
262885,0.7942469127946878
262886,0.5752541802827912
262887,0.027111048490825875
262888,0.5917662404952254
262889,0.2571345462478581
262890,0.5547834070384191
262891,0.12003854177555778
262892,0.8529958503960986
262893,0.6215134009935416
262894,0.5892710241295149
262895,0.009649078951554623
262896,0.8820839828925421
262897,0.9277523509119584
262898,0.11470723249144399
262899,0.9608173765231501
262900,0.25045336581508126
262901,0.9270842328686807
262902,0.41474677417155636
262903,0.9901918453238554
262904,0.6199408238304526
262905,0.33902218424604924
262906,0.056085555469705166
262907,0.43984892351184657
262908,0.14724049068043507
262909,0.8231214293181105
262910,0.4756727766894978
262911,0.8340567491284924
262912,0.36477427154680686
262913,0.5318992278009826
262914,0.6680089627808256
262915,0.28072774871489536
262916,0.5320446684634649
262917,0.8402516123460942
262918,0.8200308152403635
262919,0.9065952795414983
262920,0.12476990832693242
262921,0.0833056844573927
262922,0.9361924543566296
262923,0.7723944532567346
262924,0.3515937115093559
262925,0.34149013048754434
262926,0.6911340281154981
262927,0.9028138223169606
262928,0.9417646497379796
262929,0.7542961808191037
262930,0.4553156289626899
262931,0.9165670549629353
262932,0.7960785561378232
262933,0.09290931320192163
262934,0.4251366914976298
262935,0.6552874498343341
262936,0.278600679026093
262937,0.12619249980683664
262938,0.18742756373255282
262939,0.13993209739070364
262940,0.7278214352266374
262941,0.21856550056585508
262942,0.8250121579303794
262943,0.343730825693911
262944,0.17824662191336282
262945,0.2253557614954936
262946,0.4967253125837988
262947,0.3423218692761145
262948,0.6765308765981429
262949,0.2982124433576795
262950,0.14127287849796155
262951,0.5640734293544707
262952,0.8836883752005491
262953,0.3783411583439762
262954,0.5106194408715532
262955,0.7607046600097264
262956,0.6661409592720695
262957,0.8790706341667387
262958,0.9288840610668981
262959,0.7221310693070208
262960,0.9244799360061084
262961,0.3436899205075879
262962,0.6885615463978438
262963,0.41416955654233
262964,0.03247871794056022
262965,0.8446193772412633
262966,0.6642729557633136
262967,0.11830234386717631
262968,0.8170947318665036
262969,0.8122088346112417
262970,0.31520627576458604
262971,0.7763168061230519
262972,0.4573608882788461
262973,0.038259984274228366
262974,0.0762609023684103
262975,0.6180410051767786
262976,0.5592057121820191
262977,0.26584280591398096
262978,0.8217306529831244
262979,0.9136627867339936
262980,0.1544579835561151
262981,0.3726916976106826
262982,0.5904027342844547
262983,0.2775053290367737
262984,0.2719467687175315
262985,0.4739456688225215
262986,0.028483644743001805
262987,0.6138732211925226
262988,0.2051031492448448
262989,0.20684389217392887
262990,0.681816735675231
262991,0.9949186668545276
262992,0.19131355643324957
262993,0.39752569072952126
262994,0.42137795937660494
262995,0.12069756977743033
262996,0.6746492380272793
262997,0.1291149481185887
262998,0.7496238995368624
262999,0.7038964462483126
263000,0.7154726139777567
263001,0.8798751028310935
263002,0.7052372273555707
263003,0.06456656410069947
263004,0.3744688007053872
263005,0.17039737116002562
263006,0.327332390999041
263007,0.5268724349039411
263008,0.2770780970907322
263009,0.78667945332491
263010,0.9765658732575527
263011,0.2105980792742511
263012,0.35317537871385
263013,0.5163234418532777
263014,0.42637748214943116
263015,0.3554887942514578
263016,0.8272301280332333
263017,0.8918194172374456
263018,0.49363469850605163
263019,0.01012176110462183
263020,0.9706164411578896
263021,0.14332268283482033
263022,0.7647769985592285
263023,0.6764990614532249
263024,0.32382818003736
263025,0.06506197135727952
263026,0.40090264111153023
263027,0.7304075520063994
263028,0.08151040127987783
263029,0.0879097904290954
263030,0.734316269810609
263031,0.49712981942632745
263032,0.27418746392389814
263033,0.32495080015089467
263034,0.24707641543307232
263035,0.42156885024611285
263036,0.6001881638570864
263037,0.0473318455965567
263038,0.07636543784456937
263039,0.30345739724844445
263040,0.7406883888356112
263041,0.5651278741574668
263042,0.5192277100822195
263043,0.09567723080978632
263044,0.38671308647810887
263045,0.8562500852191381
263046,0.519432236013835
263047,0.3319728571363642
263048,0.8964417032919586
263049,0.4024070429640807
263050,0.6582598933738143
263051,0.08906877070825057
263052,0.4204962253603065
263053,0.6785534108107862
263054,0.24904895441798738
263055,0.7616954745228866
263056,0.8880652301371232
263057,0.7317256080101445
263058,0.14666327305120874
263059,0.8279436962835366
263060,0.1407320210343558
263061,0.49210302652928584
263062,0.31870594170556443
263063,0.044200326332486446
263064,0.9304611832506897
263065,0.1353734416260266
263066,0.6329077678948828
263067,0.6845482931174752
263068,0.3188831975129647
263069,0.6103190150031134
263070,0.465687366205953
263071,0.4506388026597461
263072,0.6198362883542935
263073,0.533994482344867
263074,0.5803809636352895
263075,0.9905190868144405
263076,0.9372105389940051
263077,0.5935524336313353
263078,0.5712681971266379
263079,0.2875770949136673
263080,0.13479167897609776
263081,0.12398816476609051
263082,0.15379895555424256
263083,0.17855113830043495
263084,0.11876139095813582
263085,0.052472264011162575
263086,0.7543098158812114
263087,0.4777362160884643
263088,0.6678589770976407
263089,0.7722035623872266
263090,0.9612491534898941
263091,0.1590030042586844
263092,0.177801209884511
263093,0.7039873466623641
263094,0.4946573281641298
263095,0.1625753905309039
263096,0.22160611941587396
263097,0.5037200994450529
263098,0.39699392330732064
263099,0.46773717054281183
263100,0.5275405529472187
263101,0.1407911063034892
263102,0.8758663945714273
263103,0.9926052513169198
263104,0.36585598647401835
263105,0.8052231377913928
263106,0.15686229950777428
263107,0.8598088364292499
263108,0.7990555446980061
263109,0.8602542484581018
263110,0.5788083864722005
263111,0.6626731084760091
263112,0.9679530590261839
263113,0.35982474400170894
263114,0.7397248444466665
263115,0.8821612482444857
263116,0.7079960549220302
263117,0.9419100904004618
263118,0.663391221747015
263119,0.6062239513500984
263120,0.7153453533980848
263121,0.6331713790956318
263122,0.7714399989091951
263123,0.9423236872843955
263124,0.9572177201267152
263125,0.988982869816972
263126,0.11274378354793406
263127,0.44171692702060256
263128,0.4698687852523168
263129,0.9337335981565396
263130,0.6033560432867772
263131,0.04445939251253289
263132,0.8294799132810051
263133,0.3188422923266415
263134,0.6516423432308734
263135,0.9842787733898127
263136,0.40413869585175954
263137,0.836561055535608
263138,0.4559655669231573
263139,0.6832393271551352
263140,0.5695819944459847
263141,0.8257348162220879
263142,0.27838251803236963
263143,0.5698228805432209
263144,0.8205398575590511
263145,0.6754491616709314
263146,0.4427259216165729
263147,0.7423927715990747
263148,0.5072606705723545
263149,0.8263711191204476
263150,0.3598383790638166
263151,0.15062198608314661
263152,0.22441494221006178
263153,0.9230891596711224
263154,0.5310993041573305
263155,0.4217961012812413
263156,0.008703714645420208
263157,0.3225010339922098
263158,0.09508637811845232
263159,0.05101331236563783
263160,0.6210952590889052
263161,0.4093563796183091
263162,0.8990187300303153
263163,0.9436190181846279
263164,0.11319374059748842
263165,0.10644892987487557
263166,0.42990441821462494
263167,0.03474213825043974
263168,0.38958553956213265
263169,0.7781257243626745
263170,0.9645942887269852
263171,0.5925752541802828
263172,0.17963285322764647
263173,0.013980483681103167
263174,0.36175183277959827
263175,0.5148826702905632
263176,0.08372382636202907
263177,0.4395944023525027
263178,0.7400384508751437
263179,0.5310402188881971
263180,0.29807154771589983
263181,0.9842969534726231
263182,0.2930174846946428
263183,0.8191672613068752
263184,0.6432795051381459
263185,0.2435631144299862
263186,0.6312442903177424
263187,0.6293308366019608
263188,0.5700774017025647
263189,0.4286181773557978
263190,0.12252466809986319
263191,0.7989328291390367
263192,0.5653233100476773
263193,0.1533353634425805
263194,0.07711991128119589
263195,0.23759095722681017
263196,0.21010721703837362
263197,0.1310102217515601
263198,0.4405579467414474
263199,0.7442925902527486
263200,0.31290195026838347
263201,0.11596165820535312
263202,0.6025333945396122
263203,0.6014289545088878
263204,0.6157094095563606
263205,0.7451970493725599
263206,0.5898800569036592
263207,0.27878247985419574
263208,0.3140700205889438
263209,0.21572486262674925
263210,0.510314924484481
263211,0.4611423455033838
263212,0.6452156839574404
263213,0.253843951259198
263214,0.04865899164170693
263215,0.39947550461092346
263216,0.09965412392453446
263217,0.7510646710995769
263218,0.5337308711441181
263219,0.7951922771008222
263220,0.4835174824221324
263221,0.9794156012380636
263222,0.827180132805505
263223,0.8697760668299844
263224,0.7186177683039346
263225,0.6165411483449307
263226,0.7633271369551089
263227,0.9134400807195677
263228,0.7154771589984592
263229,0.2618204625922071
263230,0.008140132078301617
263231,0.34780770926411564
263232,0.5796992105299039
263233,0.49662986714904483
263234,0.7384295135464342
263235,0.12564255230182575
263236,0.584816903840997
263237,0.5601328964053431
263238,0.6049558905740816
263239,0.28894969116584324
263240,0.7650906049877056
263241,0.4202462492216652
263242,0.16592052576799488
263243,0.35124828993596063
263244,0.3151062853091296
263245,0.4086246312851955
263246,0.10594443257689039
263247,0.3377950286563555
263248,0.5843260416051196
263249,0.817544688916058
263250,0.8556728675899119
263251,0.9646579190168212
263252,0.8950418369155672
263253,0.7120683934715324
263254,0.8589043773094387
263255,0.8996732130114853
263256,0.29201303511937493
263257,0.6925248044504844
263258,0.5178551138300436
263259,0.8590407279305158
263260,0.3366769535635235
263261,0.7791210838965372
263262,0.17150635621145255
263263,0.34377627590093673
263264,0.07988328386835801
263265,0.4488298844201235
263266,0.5062880361420047
263267,0.5382258966189591
263268,0.518641402411588
263269,0.5854850218842748
263270,0.31008403743279045
263271,0.7522645565650551
263272,0.4520977543052708
263273,0.8522141068352567
263274,0.1358461237790938
263275,0.11330282109435008
263276,0.09390921775648688
263277,0.14596333986301308
263278,0.715658959826562
263279,0.8541139254889306
263280,0.9452415905754451
263281,0.8674671963130792
263282,0.4173828861790465
263283,0.6185909526817895
263284,0.992296189909145
263285,0.8751937315074471
263286,0.8436331077488058
263287,0.34717140636575594
263288,0.12124751728244121
263289,0.9044591198112907
263290,0.5805127692356639
263291,0.9140627485558197
263292,0.3896855300175892
263293,0.47966784988705624
263294,0.6166865890074129
263295,0.35232545984246955
263296,0.35099831379731933
263297,0.6036878297980648
263298,0.25257134546247856
263299,0.37567323119156804
263300,0.8027779166534104
263301,0.12566982242604113
263302,0.7840524313588249
263303,0.25864803814181375
263304,0.31004313224646735
263305,0.7959422055167461
263306,0.3104930892960217
263307,0.6567873066661819
263308,0.2576254084837356
263309,0.6946882343049073
263310,0.46283309320473953
263311,0.03556478699760477
263312,0.4709595902209335
263313,0.21789283750187483
263314,0.19935369805609465
263315,0.386554010753519
263316,0.0668708895969021
263317,0.5364306134414442
263318,0.1979538316797033
263319,0.2991578076638139
263320,0.3493530163029892
263321,0.6869753341726472
263322,0.41004722276509964
263323,0.2761236427431926
263324,0.4964889715072652
263325,0.3675785493202921
263326,0.3298366974061567
263327,0.7435517518782297
263328,0.7785075061016904
263329,0.13003758732121026
263330,0.28688170674617425
263331,0.5134055385622281
263332,0.04857718126906068
263333,0.3849359833834043
263334,0.6370073765686004
263335,0.7579276523604566
263336,0.8300571309102314
263337,0.7282713922761919
263338,0.5789311020311698
263339,0.33429081769467456
263340,0.4869217029283568
263341,0.6509333200012727
263342,0.5657096368073957
263343,0.13937760486499018
263344,0.47267306302580203
263345,0.44902986533103656
263346,0.7946877798028371
263347,0.022066075510973955
263348,0.6100190436367439
263349,0.657978102090255
263350,0.5344944346221497
263351,0.3461942269147036
263352,0.5690502270237842
263353,0.24765363306229862
263354,0.6453702146613278
263355,0.7625908436012927
263356,0.5464705641734199
263357,0.7171815417619227
263358,0.8732802777916653
263359,0.9671304102790189
263360,0.16765672367637635
263361,0.9421600665391031
263362,0.09948141313783683
263363,0.7006558464873808
263364,0.2946900523131883
263365,0.4033524072702151
263366,0.936019743569932
263367,0.2662018625494839
263368,0.6976243176787671
263369,0.44546656910022225
263370,0.6955336081555852
263371,0.9272978488417015
263372,0.13275096468064412
263373,0.6582417132910041
263374,0.9844151240108898
263375,0.9683575658687126
263376,0.527622363319865
263377,0.3481622208789161
263378,0.8413015121283878
263379,0.7898109725889801
263380,0.11822053349453006
263381,0.6383163425309403
263382,0.5284813722326506
263383,0.9930688434285818
263384,0.8887878884288318
263385,0.26263856631866955
263386,0.757036828302753
263387,0.664500206798442
263388,0.8293344726185229
263389,0.33586339485776356
263390,0.05405847623635926
263391,0.6571190931774695
263392,0.41241517855113824
263393,0.45201139891192205
263394,0.9217665586466747
263395,0.32055122011080756
263396,0.9635034837583686
263397,0.23089159671122303
263398,0.24345403393312456
263399,0.954349812063394
263400,0.2257693583794274
263401,0.10177664859263433
263402,0.18957281350416552
263403,0.5902027533735416
263404,0.2937265079242436
263405,0.06557101367596728
263406,0.73405265860986
263407,0.6774126106144414
263408,0.4393807863794819
263409,0.5925707091595802
263410,0.2856636411978856
263411,0.5989655532880953
263412,0.0456865481022266
263413,0.08543275414619514
263414,0.4591061762286327
263415,0.45918798660127896
263416,0.878275255543789
263417,0.16437976374982388
263418,0.7385794992296191
263419,0.8109771340008454
263420,0.5224955799673668
263421,0.5086014516796125
263422,0.8010280836829212
263423,0.5611509810427187
263424,0.7464378400243613
263425,0.4358402152521804
263426,0.1852823139609401
263427,0.2952672699424146
263428,0.3809681803100613
263429,0.45483840178892015
263430,0.4303634653055844
263431,0.04589561905454479
263432,0.2225469387013058
263433,0.3754914303634653
263434,0.1521036628321842
263435,0.6330168483917444
263436,0.5620145349762069
263437,0.14803132428268212
263438,0.4510978497507056
263439,0.45002067984419664
263440,0.05186323123701829
263441,0.24218597315710774
263442,0.8257802664291136
263443,0.7129319474050205
263444,0.9288886060876008
263445,0.7862931265651916
263446,0.935756132369183
263447,0.44936165184232413
263448,0.4868626176592234
263449,0.030124397216629323
263450,0.17413792319824017
263451,0.09307293394721412
263452,0.9834470346012426
263453,0.628399107357934
263454,0.11345280677753487
263455,0.13616427522827368
263456,0.41103803727825977
263457,0.28073229373559794
263458,0.036019289067861705
263459,0.061494130105762636
263460,0.6145367942150977
263461,0.17822844183055253
263462,0.9700801287149863
263463,0.9300021361597303
263464,0.15006294853673058
263465,0.8750755609691803
263466,0.174846946427841
263467,0.21803827816435706
263468,0.2721512946491471
263469,0.7037101003995073
263470,0.3800819012730603
263471,0.8663900264065703
263472,0.35578876561782735
263473,0.8421605210411734
263474,0.521322964626104
263475,0.1963130792060758
263476,0.34071747696810756
263477,0.8946464201144436
263478,0.7680994086928066
263479,0.9697665222865091
263480,0.19710391280832285
263481,0.8525140782016263
263482,0.8902604751364642
263483,0.419382695288177
263484,0.7739397602956081
263485,0.1316874298362429
263486,0.9684666463655742
263487,0.9748887606183047
263488,0.8609405465841897
263489,0.8896787124865354
263490,0.9130446639184442
263491,0.6367755805127693
263492,0.2251648706259857
263493,0.7066961790010954
263494,0.1757786756718677
263495,0.391903500120443
263496,0.8642811368005782
263497,0.6278355247908155
263498,0.3540480226887433
263499,0.7201721653842134
263500,0.4769499275069198
263501,0.6928565909617719
263502,0.8417287440744293
263503,0.5666368210307198
263504,0.09086405388576545
263505,0.585766813167834
263506,0.1279423327773258
263507,0.5773403447852705
263508,0.4937119638579954
263509,0.4052431358824839
263510,0.9327291485812719
263511,0.19562678107998785
263512,0.5763040800650847
263513,0.37989555542425496
263514,0.4748955781493584
263515,0.2256239177169452
263516,0.6130005772176293
263517,0.42778189354652507
263518,0.8739256707314301
263519,0.5370623713191014
263520,0.876766308670536
263521,0.6689179669213393
263522,0.7956740492952946
263523,0.6484381036355621
263524,0.7172042668654356
263525,0.6532103753732599
263526,0.7945014339540316
263527,0.19905827171042764
263528,0.9196258538957646
263529,0.019925370760063815
263530,0.5763268051685976
263531,0.09993591520809376
263532,0.1778057549052136
263533,0.11111666613641424
263534,0.11665704637284623
263535,0.8883061162343595
263536,0.9626035696592598
263537,0.9643670376918567
263538,0.38251348734893487
263539,0.10976679498775116
263540,0.37212357002286145
263541,0.47430018043732186
263542,0.6807259307066144
263543,0.8408470100581309
263544,0.8636902841092441
263545,0.6477518055094741
263546,0.06161230064402943
263547,0.9690938592225288
263548,0.7679312429268116
263549,0.26642911358461235
263550,0.3418855472886679
263551,0.12108844155785128
263552,0.46856436431067944
263553,0.1662704923620927
263554,0.132446448293572
263555,0.8098636039287159
263556,0.014007753805318584
263557,0.5025656641866003
263558,0.870244203962349
263559,0.9815926661545943
263560,0.9547543189059227
263561,0.5363306229859878
263562,0.786088600633576
263563,0.1421273423900446
263564,0.07821526127051508
263565,0.47428200035451157
263566,0.6982515305357216
263567,0.14615423073252098
263568,0.16627503738279528
263569,0.33075024656737306
263570,0.28891333100022265
263571,0.37670949591175384
263572,0.11964766999513682
263573,0.39466687270760514
263574,0.206557555869667
263575,0.6173047118229624
263576,0.09401375323264598
263577,0.7810254475709137
263578,0.927070597806573
263579,0.32770508269665166
263580,0.3641197885656369
263581,0.15455342899086907
263582,0.20287154407988328
263583,0.628630903413765
263584,0.5652051395094104
263585,0.5416028470009682
263586,0.9084587380295517
263587,0.4166829529908509
263588,0.48215397621136163
263589,0.11112121115711682
263590,0.9702028442739556
263591,0.7652951309193213
263592,0.24646283763822543
263593,0.7398930102126615
263594,0.4203507846978243
263595,0.8179764658828022
263596,0.10419459960640119
263597,0.6607051145117966
263598,0.23677285350034769
263599,0.8845246590098218
263600,0.6219042727739625
263601,0.520054903850087
263602,0.9688075229182669
263603,0.06402116161639115
263604,0.4772317187904791
263605,0.14205462205880348
263606,0.9635625690275019
263607,0.4425759359333881
263608,0.35857486330850236
263609,0.5503747369569268
263610,0.32076483608382833
263611,0.9860558764845174
263612,0.2273101203975984
263613,0.8692624794905941
263614,0.7145454297544326
263615,0.4716367983056162
263616,0.4767499465960067
263617,0.3239599856377346
263618,0.35682503033801316
263619,0.19649942505488113
263620,0.56255084741911
263621,0.7226355666050059
263622,0.5839760750110217
263623,0.767831252471355
263624,0.3545843351316465
263625,0.7548552183655197
263626,0.38027279214256815
263627,0.12072938492234832
263628,0.5594420532585526
263629,0.9742570027406475
263630,0.507887883429309
263631,0.07894246458292617
263632,0.19738115907117956
263633,0.8388562909904055
263634,0.35081651296921657
263635,0.12411088032505987
263636,0.2088618813658696
263637,0.3555660596034015
263638,0.7888474282000355
263639,0.5593284277409883
263640,0.8223078706123507
263641,0.6391889865058336
263642,0.7989600992632522
263643,0.5969611991582622
263644,0.5559105721726563
263645,0.26838801750741975
263646,0.14087746169683804
263647,0.9148308570545539
263648,0.42929993046118325
263649,0.23302321142072802
263650,0.9583130701160344
263651,0.7307211584348767
263652,0.4498297889746888
263653,0.933560887369842
263654,0.8428649992500716
263655,0.8864971979947369
263656,0.9357606773898856
263657,0.05405847623635926
263658,0.7640134350811968
263659,0.730243931261107
263660,0.6386254039387149
263661,0.8820021725198959
263662,0.5126783352498171
263663,0.3715236272901223
263664,0.11689338744937983
263665,0.32892314824494023
263666,0.8087773439808018
263667,0.3616745674276546
263668,0.6628094590970862
263669,0.19037273714781772
263670,0.8666763627108323
263671,0.9478867926243404
263672,0.1585303221056172
263673,0.8418105544470755
263674,0.1817144727094232
263675,0.2988169311111212
263676,0.7397839297157999
263677,0.5753087205312221
263678,0.59074815585785
263679,0.849877966194136
263680,0.43790365465114695
263681,0.9294385535926116
263682,0.9333972666245496
263683,0.3433399539134901
263684,0.24574017934651693
263685,0.40366601369869237
263686,0.5058562591752606
263687,0.8541502856545512
263688,0.6611777966648639
263689,0.6179819199076452
263690,0.1016357529508547
263691,0.6686089055135647
263692,0.9291522172883498
263693,0.06478018007372023
263694,0.5865985519564042
263695,0.22462401316237995
263696,0.3636516514332722
263697,0.8203353316274355
263698,0.01006267583548843
263699,0.7752532712786506
263700,0.18129633080478683
263701,0.2978079365151508
263702,0.7099231436999196
263703,0.8035187550279291
263704,0.20593034301271243
263705,0.8081274060203345
263706,0.5570241022447857
263707,0.8444193963303503
263708,0.596415796673954
263709,0.13405084060157893
263710,0.2904586380390963
263711,0.4964026161139164
263712,0.4018161902727467
263713,0.17426063875720954
263714,0.5698183355225183
263715,0.03660105171779058
263716,0.37850023406856614
263717,0.25026247494557335
263718,0.30553901673022116
263719,0.7620954363447126
263720,0.09414101381231792
263721,0.36571054581153617
263722,0.08194672326732447
263723,0.7279714209098223
263724,0.32634157648588086
263725,0.8024415851214203
263726,0.23106430749792067
263727,0.16286172683516575
263728,0.39316247085505474
263729,0.5809809063680286
263730,0.7623954077110822
263731,0.5426572918039642
263732,0.9034455801946178
263733,0.10174483344771636
263734,0.7451243290413188
263735,0.802846091963949
263736,0.8728121406593007
263737,0.14491344008071957
263738,0.04233686784443303
263739,0.8681444043977621
263740,0.1688020688934238
263741,0.7867158134905304
263742,0.508542366410479
263743,0.9829970775516882
263744,0.7654723867267216
263745,0.840497043464033
263746,0.2375136918748665
263747,0.021902454765681457
263748,0.9338426786534013
263749,0.5096422614205008
263750,0.692370273746597
263751,0.6628776344076248
263752,0.22543757186813987
263753,0.7534644420305334
263754,0.3064843810363556
263755,0.5724044523022803
263756,0.31223837724580833
263757,0.6581599029183579
263758,0.3280459592493444
263759,0.8727394203280596
263760,0.9601765286040878
263761,0.8503097431608801
263762,0.9632126024334041
263763,0.7429290840419778
263764,0.9743433581339963
263765,0.2873362088164311
263766,0.4716731584712368
263767,0.02409769976502243
263768,0.8755618781843552
263769,0.18549592993396086
263770,0.18026915612600616
263771,0.6108871425909346
263772,0.768517550597443
263773,0.6212043395857668
263774,0.2822639657123638
263775,0.9355425163961623
263776,0.024329495820853465
263777,0.9835106648910786
263778,0.559987455742861
263779,0.5555106103508302
263780,0.26754718867744437
263781,0.3012757873112112
263782,0.9536862390408188
263783,0.1694747319574041
263784,0.33774048840792464
263785,0.603960531040219
263786,0.12704241867821708
263787,0.5622736011562532
263788,0.07919698574227005
263789,0.7902881997627499
263790,0.5493112021125256
263791,0.04645465660096082
263792,0.858036278355248
263793,0.05244499388694715
263794,0.8733211829779884
263795,0.5197049372559892
263796,0.8868153494439167
263797,0.7328209579994637
263798,0.4132423723190059
263799,0.7086232677789848
263800,0.9806518468691625
263801,0.6741811008949147
263802,0.27099231436999194
263803,0.0312379272887588
263804,0.9755568786615824
263805,0.9390330922957354
263806,0.22918721394775954
263807,0.19656760036541968
263808,0.7236400161802737
263809,0.4969162034533067
263810,0.18836838301798464
263811,0.9802837001922544
263812,0.060685116420705294
263813,0.9736979651942316
263814,0.057412701514855405
263815,0.5316901568486645
263816,0.3324137241445135
263817,0.8208534639875285
263818,0.719194985933161
263819,0.3675421891546716
263820,0.7559005731271106
263821,0.6249039864376582
263822,0.4787724808086501
263823,0.9824289499638671
263824,0.05442662291326737
263825,0.06873889310565809
263826,0.7633907672449448
263827,0.3033937669586085
263828,0.06930702069347924
263829,0.6936065193776958
263830,0.8686170865508293
263831,0.107362479036092
263832,0.18253712145658824
263833,0.955299721390231
263834,0.7927379659214349
263835,0.855354716140732
263836,0.6036378345703365
263837,0.12606978424786727
263838,0.4936028833611337
263839,0.2546620549856604
263840,0.8497688856972744
263841,0.25229864422032444
263842,0.6045604737729581
263843,0.9178623858631676
263844,0.16924293590157305
263845,0.24347675903663743
263846,0.5427845523836361
263847,0.31789238299980455
263848,0.8577544870716887
263849,0.8698806023061435
263850,0.4355129737615954
263851,0.41500584035160276
263852,0.21094350084764638
263853,0.2713241008812795
263854,0.2822003354225278
263855,0.9760113807318392
263856,0.015753041755105196
263857,0.18583680648665354
263858,0.29407647451834146
263859,0.7780939092177565
263860,0.5570422823275961
263861,0.5666640911549352
263862,0.9319337699583221
263863,0.498347884974616
263864,0.812195199549134
263865,0.1475177369432918
263866,0.07747442289599628
263867,0.043777639407147496
263868,0.9282159430236204
263869,0.7459878829748069
263870,0.45799264615650326
263871,0.15248089955049746
263872,0.1711291194931393
263873,0.7981874457438154
263874,0.35882483944714366
263875,0.2747146863253962
263876,0.10233114111834779
263877,0.5778357520418506
263878,0.602165247862704
263879,0.17964648828975416
263880,0.023261415955749678
263881,0.1143345407938333
263882,0.605246771899046
263883,0.33729053135837034
263884,0.20514405443116795
263885,0.6923202785188687
263886,0.844201235336627
263887,0.847450925138964
263888,0.12506987969330202
263889,0.024715822580571856
263890,0.33444989341926445
263891,0.3217511055762859
263892,0.5796446702814733
263893,0.22209243663104886
263894,0.7996191272651247
263895,0.4093291094940937
263896,0.4614332268283482
263897,0.9771839960731021
263898,0.309624990341831
263899,0.13679148808522823
263900,0.3328182309870421
263901,0.16918839565314223
263902,0.8267074506524378
263903,0.9546952336367892
263904,0.8912921948359475
263905,0.6786170411006223
263906,0.13008303752823597
263907,0.7776212270646893
263908,0.36529240390689977
263909,0.06628912694697323
263910,0.19605401302602932
263911,0.8505824444030343
263912,0.4343858086273583
263913,0.5266860890551356
263914,0.44992068938874014
263915,0.42742283691102206
263916,0.5786765808718258
263917,0.4906213497802482
263918,0.2034623967712173
263919,0.8821385231409729
263920,0.9395784947800437
263921,0.45005249498911465
263922,0.3212057030919776
263923,0.7576458610768972
263924,0.7015148554001663
263925,0.9834879397875658
263926,0.6259311611164389
263927,0.6196135823398675
263928,0.03789638261802283
263929,0.1997445698365156
263930,0.49843424036796485
263931,0.23469577903927352
263932,0.011962494489162397
263933,0.7494011935224366
263934,0.7118775026020244
263935,0.5341035628417288
263936,0.15806672999395513
263937,0.9121902000263612
263938,0.07301121256607324
263939,0.34227641906908884
263940,0.5154189827334664
263941,0.05353579885556379
263942,0.33712236559237524
263943,0.9408283754732503
263944,0.32107389749160303
263945,0.6318624131332918
263946,0.2676199090086855
263947,0.9491139482140342
263948,0.24937619590857238
263949,0.3098931465632826
263950,0.6117234264002073
263951,0.028051867776257722
263952,0.9446052876770854
263953,0.6373527981419955
263954,0.2504488207943787
263955,0.7219038182718923
263956,0.17517873293912856
263957,0.9674122015625781
263958,0.17846478290708614
263959,0.30406188500188613
263960,0.1573486167229492
263961,0.2564346130596625
263962,0.06068057140000273
263963,0.9481640388871971
263964,0.7351298285163689
263965,0.24343130882961173
263966,0.6740311152117298
263967,0.16857936287899794
263968,0.10982588025688457
263969,0.7202857909017776
263970,0.02141613755050654
263971,0.7177769394739593
263972,0.31273832952309094
263973,0.8598361065534654
263974,0.3608428286390844
263975,0.6533285459115267
263976,0.20709386831257018
263977,0.3712282009444553
263978,0.674903759186623
263979,0.5133237281895819
263980,0.9706573463442126
263981,0.08040141622845091
263982,0.2884042886815349
263983,0.06042605024065885
263984,0.9921143890810423
263985,0.7851296012653338
263986,0.3936351530081219
263987,0.4920212161566396
263988,0.4734502615659414
263989,0.42662745828807247
263990,0.39358970280109623
263991,0.9079406056694589
263992,0.8363474395625873
263993,0.9736252448629904
263994,0.30263474850127936
263995,0.901586666727267
263996,0.9906463473941124
263997,0.5635371169115676
263998,0.5389849150762882
263999,0.39183986983060703
264000,0.1825416664772908
264001,0.16028470009680895
264002,0.9595175006022153
264003,0.6534648965326038
264004,0.8175583239781657
264005,0.3448625358488508
264006,0.9811836142913631
264007,0.6187682084891897
264008,0.1414001390776335
264009,0.6531376550420187
264010,0.5523972711695703
264011,0.3286504470027861
264012,0.5768358474872853
264013,0.7603456033742234
264014,0.8515505338126816
264015,0.6481244972070849
264016,0.8184855082014899
264017,0.4779361969993773
264018,0.2796733039118993
264019,0.1823507756077829
264020,0.3402038896287172
264021,0.3042209607264761
264022,0.08116043468577999
264023,0.383081614936756
264024,0.14210007226582919
264025,0.9656214634057658
264026,0.9468323478213443
264027,0.25261225064880166
264028,0.7112275646415569
264029,0.7893837406429387
264030,0.37951831870594166
264031,0.9759432054213008
264032,0.25925252589525544
264033,0.18368246667363572
264034,0.9368242122342868
264035,0.7423064162057258
264036,0.9563359861104167
264037,0.5502974716049831
264038,0.7491739424873081
264039,0.17540143895355442
264040,0.016171183659741573
264041,0.6081874002936084
264042,0.3005894891851232
264043,0.17053826680180528
264044,0.23552297280714116
264045,0.7544461665022885
264046,0.9481004085973611
264047,0.7591048127224219
264048,0.8058412606069421
264049,0.1562623567750351
264050,0.06864799269160671
264051,0.9740342967262215
264052,0.4743683557478604
264053,0.161698201535308
264054,0.8615223092341187
264055,0.8888469736979652
264056,0.005017702855636508
264057,0.5377032192381637
264058,0.572131751060126
264059,0.0971907227037419
264060,0.3091068579817381
264061,0.5064198417423792
264062,0.448043595838579
264063,0.770385554106199
264064,0.741661023265961
264065,0.29673985665004704
264066,0.08622813276914475
264067,0.8876152730875689
264068,0.8094045568377565
264069,0.022052440448866246
264070,0.34338994914121834
264071,0.6162502670199662
264072,0.4491389458278982
264073,0.356352348184946
264074,0.1751241926906977
264075,0.6771808145586103
264076,0.05336308806886615
264077,0.7621863367587639
264078,0.18685943614473163
264079,0.5631280650483363
264080,0.7759941096531695
264081,0.12044759363878903
264082,0.983896991650797
264083,0.7804936801487131
264084,0.1712336549692984
264085,0.9657850841510583
264086,0.3989800973543435
264087,0.288508824157694
264088,0.062112252921312054
264089,0.7810527176951291
264090,0.35450252475900024
264091,0.5604919530408461
264092,0.0024406761172797143
264093,0.7780848191763513
264094,0.18008735529790337
264095,0.16831120665754634
264096,0.20703932806413936
264097,0.6828075501883911
264098,0.8409424554928848
264099,0.2647065507383386
264100,0.23008712804686826
264101,0.04876807213856859
264102,0.5451934133559979
264103,0.18811386185864076
264104,0.9692892951127392
264105,0.45567014057749033
264106,0.6220724385399575
264107,0.6665909163216239
264108,0.7461742288236123
264109,0.23322773735234364
264110,0.3291185841351507
264111,0.6736266083692012
264112,0.7372750782879816
264113,0.2818140086628094
264114,0.4263411219838106
264115,0.8598861017811936
264116,0.3335317992373455
264117,0.9442416860208799
264118,0.2575299630489817
264119,0.31281559487503463
264120,0.9521954722503762
264121,0.3878629767158589
264122,0.24029524454483892
264123,0.770026497470696
264124,0.5491430363465305
264125,0.4102926538830384
264126,0.20962998986460382
264127,0.5130601169888329
264128,0.9649033501347598
264129,0.9408783707009786
264130,0.25815717590593623
264131,0.19911735697956104
264132,0.33427263761186427
264133,0.7549461187795711
264134,0.904181873548434
264135,0.7961240063448489
264136,0.25599374605151326
264137,0.5914253639425328
264138,0.14068657082733013
264139,0.48823521391139935
264140,0.5150190209116403
264141,0.7271260470591444
264142,0.8960599215529427
264143,0.15870303289231483
264144,0.11179387422109707
264145,0.6844982978897469
264146,0.18285981792647066
264147,0.5710954863399403
264148,0.5778039368969325
264149,0.1147208675535517
264150,0.5093150199299158
264151,0.3441671476813577
264152,0.8941646479199713
264153,0.9008549183941533
264154,0.5166915885301857
264155,0.4229641716018016
264156,0.2756327805073152
264157,0.8432876861754105
264158,0.31639252616795666
264159,0.08594634148558546
264160,0.8214806768444831
264161,0.2533303639198076
264162,0.6496970743701739
264163,0.20698478781570853
264164,0.9625444843901264
264165,0.31080669572449904
264166,0.6972334458983461
264167,0.028333659059817017
264168,0.49101222156066915
264169,0.5345035246635549
264170,0.7638134541702838
264171,0.9937505965339672
264172,0.2816049377104912
264173,0.8503915535335264
264174,0.6640729748524005
264175,0.9522500124988069
264176,0.8863108521459316
264177,0.9836788306570736
264178,0.08393744233504984
264179,0.6583598838292709
264180,0.7932560982815277
264181,0.2584298771480904
264182,0.8394971389094678
264183,0.43234509433190466
264184,0.6744538021370688
264185,0.5430208934601697
264186,0.37445516564327946
264187,0.6453247644543022
264188,0.32792324369037495
264189,0.5734225369396557
264190,0.7373068934328996
264191,0.05601283513846406
264192,0.6060148803977803
264193,0.023629562632657794
264194,0.8320478499779567
264195,0.4107789710982133
264196,0.7759622945082515
264197,0.7123229146308762
264198,0.6876616322987351
264199,0.16435703864631104
264200,0.11565714181828098
264201,0.37103276505424476
264202,0.8085410029042682
264203,0.16168911149390286
264204,0.8827066507287941
264205,0.14266365483294777
264206,0.8273619336336078
264207,0.1323691829416283
264208,0.7236309261388686
264209,0.30711613891401274
264210,0.07487921607482921
264211,0.34096745310674886
264212,0.8561637298257894
264213,0.056421887001695294
264214,0.7098731484721913
264215,0.5325809809063681
264216,0.48238577226719265
264217,0.07636543784456937
264218,0.5183823362315415
264219,0.7052099572313552
264220,0.40622031533353636
264221,0.3441671476813577
264222,0.7823662286781716
264223,0.7479831470632349
264224,0.5295403620563491
264225,0.8448148131314739
264226,0.7332527349662078
264227,0.40089809609082766
264228,0.3316956108735075
264229,0.10357193177014921
264230,0.6726176137732308
264231,0.2844001254425713
264232,0.8665854622967808
264233,0.6193363360770109
264234,0.7154771589984592
264235,0.38137268715258993
264236,0.7339299430508907
264237,0.29304475481885817
264238,0.009644533930852055
264239,0.5999018275528246
264240,0.31844687552551804
264241,0.28655446525558925
264242,0.2579253798501052
264243,0.937992282554847
264244,0.24287681630389826
264245,0.9464323859995183
264246,0.5037700946727813
264247,0.11847050963317138
264248,0.16375709591357188
264249,0.46287399839106264
264250,0.897068916148913
264251,0.4619149990228205
264252,0.4958163084432849
264253,0.818135541607392
264254,0.5984428759072998
264255,0.5680457774485164
264256,0.9132219197258444
264257,0.770817331072943
264258,0.5860486044513933
264259,0.5516427977329437
264260,0.49519364060703297
264261,0.21685202776098644
264262,0.0499361424591289
264263,0.27949604810449913
264264,0.12992396180364602
264265,0.3885765449661623
264266,0.6846210134487163
264267,0.9488276119097723
264268,0.7305529926688816
264269,0.8355247908154222
264270,0.9470868689806883
264271,0.5987383022529668
264272,0.727857795392258
264273,0.15300357693129293
264274,0.5453024938528594
264275,0.9525136236995561
264276,0.5250771517264261
264277,0.7733125474386536
264278,0.4064884715549879
264279,0.26631548806704813
264280,0.44651192386181315
264281,0.00883097522509215
264282,0.41811008949145756
264283,0.6155548788524732
264284,0.5153144472573074
264285,0.10131305648097227
264286,0.08708259666122779
264287,0.38652219560860096
264288,0.9667668086228133
264289,0.5066425477568051
264290,0.5103103794637784
264291,0.5042018716395253
264292,0.15323537298712395
264293,0.8462419496320805
264294,0.3145563378041187
264295,0.6426477472604888
264296,0.8854336631503357
264297,0.15498520595761314
264298,0.6497516146186045
264299,0.4431622436040196
264300,0.20488953327182408
264301,0.6157003195149554
264302,0.28601815281268606
264303,0.35081651296921657
264304,0.7962103617381977
264305,0.4221324328132315
264306,0.29378559319337694
264307,0.9372468991596257
264308,0.5947295939933007
264309,0.03275596420341695
264310,0.7954877034464892
264311,0.8770071947677721
264312,0.7472286736266084
264313,0.33763595293176557
264314,0.6341258334431713
264315,0.48451738697669766
264316,0.25050790606351214
264317,0.12566982242604113
264318,0.7305711727516919
264319,0.5696138095909027
264320,0.49189395557696763
264321,0.739993000668118
264322,0.20474863763004442
264323,0.773139836651956
264324,0.037914562700833106
264325,0.009312747419564496
264326,0.8978870198753756
264327,0.4698869653351271
264328,0.03176060466955427
264329,0.4774635148463101
264330,0.0017498329704891805
264331,0.8202307961512765
264332,0.22731921043900358
264333,0.3151880956817758
264334,0.32097390703614653
264335,0.5848032687788893
264336,0.9062589480095082
264337,0.3552751782784371
264338,0.32555074288363384
264339,0.27204221415228547
264340,0.4949800246340122
264341,0.43512210198117446
264342,0.3115475340990178
264343,0.993764231596075
264344,0.2798551047400021
264345,0.019866285490930412
264346,0.33077297167088593
264347,0.2429631716972471
264348,0.7126819712663792
264349,0.1577758486689907
264350,0.2177519418600952
264351,0.012253375814126832
264352,0.5341035628417288
264353,0.06744356220542584
264354,0.872175837760941
264355,0.8989141945541562
264356,0.4334949845696547
264357,0.0159893828316388
264358,0.5119238618131905
264359,0.3412583344317133
264360,0.10259020729839424
264361,0.6393117020648029
264362,0.5634734866217316
264363,0.7038919012276101
264364,0.6590052767690358
264365,0.41383322501033987
264366,0.37460969634716684
264367,0.7838251803236964
264368,0.5823307775166916
264369,0.5923661832279646
264370,0.4430168029415374
264371,0.8837929106767082
264372,0.01658478054367538
264373,0.18226896523513667
264374,0.1522990987223947
264375,0.9811563441671477
264376,0.05710364010708069
264377,0.1355552424541294
264378,0.8186763990709978
264379,0.6840483408401925
264380,0.42550938319524045
264381,0.5113330091218565
264382,0.9864649283477486
264383,0.5899755023384131
264384,0.47040964271592256
264385,0.936578781116348
264386,0.6985560469227937
264387,0.9775112375636871
264388,0.3071479540589307
264389,0.20130351193749688
264390,0.8946646001972539
264391,0.44343494484617374
264392,0.1676794487798892
264393,0.8183400675390077
264394,0.9384013344180783
264395,0.7133591793510621
264396,0.9693574704232778
264397,0.15014930393007941
264398,0.34788497461605933
264399,0.3679421509764977
264400,0.5529790338194991
264401,0.31815599420055357
264402,0.49603901445771087
264403,0.2948673081205885
264404,0.6352529985774086
264405,0.13977302166611372
264406,0.0368646629185396
264407,0.98475145554288
264408,0.7381704473663877
264409,0.2748601269878784
264410,0.05500384054249367
264411,0.801050808786434
264412,0.29037228264574744
264413,0.714740865644643
264414,0.3934806223042346
264415,0.790519995818581
264416,0.3567386749446644
264417,0.11727971420909822
264418,0.10102672017671041
264419,0.8590543629926235
264420,0.5330263929352198
264421,0.11061216883842906
264422,0.4649419828107317
264423,0.1629571722699197
264424,0.7530599351880048
264425,0.6642502306598007
264426,0.07318392335277087
264427,0.5080605942160067
264428,0.8022870544175329
264429,0.43773548888515185
264430,0.6836438339976639
264431,0.184850536994196
264432,0.20160348330386646
264433,0.9415328536821486
264434,0.6223405947614091
264435,0.9696892569345654
264436,0.9346335122556484
264437,0.6460292426632004
264438,0.959499320519405
264439,0.7693220192617978
264440,0.9758159448416287
264441,0.8305888983324319
264442,0.9785247771803601
264443,0.621381595393167
264444,0.16018470964135242
264445,0.7808800069084315
264446,0.02014353175378714
264447,0.553760777380341
264448,0.20048086319033182
264449,0.46101962994441437
264450,0.7048781707200676
264451,0.014512251103303774
264452,0.365078787933879
264453,0.23453670331468363
264454,0.3524390853600338
264455,0.05503565568741166
264456,0.7199540043904901
264457,0.06340303880084174
264458,0.9414146831438818
264459,0.9741297421609756
264460,0.2795824034978479
264461,0.6269765158780298
264462,0.11035764767908517
264463,0.1850141577394885
264464,0.2127024238595407
264465,0.018348248576272264
264466,0.7710127669631536
264467,0.5977520327605093
264468,0.2627930970225569
264469,0.4992750691979402
264470,0.8225351216474792
264471,0.7354934301725744
264472,0.6738311343008168
264473,0.8712077483512938
264474,0.6210907140682026
264475,0.6784670554174375
264476,0.5497566141413774
264477,0.37238263620290785
264478,0.22850546084237414
264479,0.2269601538035006
264480,0.30508905968066685
264481,0.039659850650619714
264482,0.2659609764522477
264483,0.981701746651456
264484,0.4200144531658342
264485,0.20709386831257018
264486,0.4397625681184978
264487,0.6659137082369411
264488,0.34248549002140705
264489,0.43831270651437815
264490,0.5284268319842197
264491,0.8937465060153349
264492,0.6935201639843469
264493,0.6030560719204077
264494,0.9221528854063931
264495,0.15034019479958732
264496,0.8853973029847151
264497,0.24933983574295182
264498,0.3506619822653292
264499,0.4539703028347294
264500,0.027833706782534395
264501,0.24453574886033608
264502,0.09211847959967456
264503,0.9006276673590248
264504,0.12655610146304216
264505,0.45819717208811883
264506,0.7872066757264079
264507,0.16465701001268063
264508,0.09110039496229905
264509,0.7853613973211648
264510,0.3167652178655674
264511,0.42457310893051114
264512,0.4093291094940937
264513,0.12002945173415264
264514,0.27435108466919067
264515,0.6248176310443094
264516,0.23184605105876258
264517,0.07857886292672062
264518,0.48259938824021337
264519,0.9491139482140342
264520,0.6356575054199372
264521,0.10144940710204935
264522,0.2853136746037878
264523,0.775207821071625
264524,0.47353207193858765
264525,0.8037051008767345
264526,0.0754155285177324
264527,0.37398702851091487
264528,0.37272805777630313
264529,0.05414937665041064
264530,0.008476463610291744
264531,0.43317228809977226
264532,0.07476559055726499
264533,0.9594311452088664
264534,0.9502092982033533
264535,0.7713309184123334
264536,0.9697847023693194
264537,0.8306252584980526
264538,0.14795405893073843
264539,0.41291058580771833
264540,0.7797346616913841
264541,0.5140418414605878
264542,0.29789883692920216
264543,0.9269069770612806
264544,0.3783729734888942
264545,0.261220519859468
264546,0.7480513223737735
264547,0.1805009521818372
264548,0.16217997372978032
264549,0.6560510133123656
264550,0.14141831916044378
264551,0.06550738338613132
264552,0.9838924466300943
264553,0.6034469437008285
264554,0.21736107007967423
264555,0.8016871116847938
264556,0.4697869748796706
264557,0.39976638593588787
264558,0.12245194776862209
264559,0.6785215956658683
264560,0.2596888478827021
264561,0.8153176287717991
264562,0.33777230355284266
264563,0.8208852791324465
264564,0.6318215079469688
264565,0.6351984583289777
264566,0.7397521145708819
264567,0.9885783629744433
264568,0.8905877166270493
264569,0.302216606596643
264570,0.15185823171424545
264571,0.30389371923589115
264572,0.5291585803173334
264573,0.885020066266402
264574,0.160421050717886
264575,0.5561241881456771
264576,0.7128728621358871
264577,0.11366187772985305
264578,0.730675708227851
264579,0.9404920439412602
264580,0.7467059962458129
264581,0.3546434204007799
264582,0.7736170638257257
264583,0.29324019070906865
264584,0.20351693701964813
264585,0.09095040927911427
264586,0.096377163997982
264587,0.12447448198126541
264588,0.7700537675949114
264589,0.9491230382554392
264590,0.21886547193222466
264591,0.23790001863458488
264592,0.2823730462092255
264593,0.9247889974138833
264594,0.40709750432913216
264595,0.7292440267065418
264596,0.20280336876934474
264597,0.28180946364210685
264598,0.18651401457133637
264599,0.9855877393521528
264600,0.5823489575995019
264601,0.8100681298603315
264602,0.8544548020416234
264603,0.1373868857972648
264604,0.8882697560687388
264605,0.9577494875489159
264606,0.6547829525363488
264607,0.4229459915189913
264608,0.22512851046036514
264609,0.9334199917280624
264610,0.48234032206016697
264611,0.12233832225105785
264612,0.5488294299180533
264613,0.07009785429572632
264614,0.9130128487735262
264615,0.06827530099399602
264616,0.9244344857990828
264617,0.5635689320564856
264618,0.22320596670317833
264619,0.2035487521645661
264620,0.4434985751360097
264621,0.4886215406711177
264622,0.24201780739111267
264623,0.7537825934797133
264624,0.05799446416478427
264625,0.5622963262597661
264626,0.9393057935378896
264627,0.6587825707546098
264628,0.7706037150999223
264629,0.2835729316747037
264630,0.45234773044391213
264631,0.3942623658650765
264632,0.18945009794519616
264633,0.20992541621027086
264634,0.9064043886719905
264635,0.46277400793560614
264636,0.2078301616663864
264637,0.8356066011880684
264638,0.7048054503888266
264639,0.3502938355884211
264640,0.7020420778016645
264641,0.0028270028769981047
264642,0.26250676071829504
264643,0.5877348071320465
264644,0.11138027733716326
264645,0.4447257307257034
264646,0.6614959481140437
264647,0.053708509642261426
264648,0.9509501365778722
264649,0.16013471441362415
264650,0.09626808350112034
264651,0.4128424104971798
264652,0.7926697906108963
264653,0.3276414524068157
264654,0.1778557501329419
264655,0.9543589021047991
264656,0.32439176260447866
264657,0.32737784120606667
264658,0.8644947527735989
264659,0.4039750751064671
264660,0.0692842955899664
264661,0.5376941291967585
264662,0.6422159702937447
264663,0.06913430990678161
264664,0.5265315583512483
264665,0.036741947359570225
264666,0.6269083405674913
264667,0.33424991250835145
264668,0.7052281373141656
264669,0.04098245167506738
264670,0.46839619854468434
264671,0.8633175924116334
264672,0.03627835524790816
264673,0.6308943237236446
264674,0.9355834215824853
264675,0.09839969821062534
264676,0.3683239327155135
264677,0.8137268715258998
264678,0.09952231832415996
264679,0.7479104267319938
264680,0.3345271587712082
264681,0.7970102853818499
264682,0.8414196826666546
264683,0.49060316969743795
264684,0.31092032124206326
264685,0.30382099890465003
264686,0.5110875780039179
264687,0.9285613645970158
264688,0.9727753259916099
264689,0.7785484112880134
264690,0.7600274519250436
264691,0.25129419464505653
264692,0.824098608769163
264693,0.06460292426632003
264694,0.3130564809722708
264695,0.8363019893555615
264696,0.7716081646751901
264697,0.9360561037355525
264698,0.43805818535503427
264699,0.9552088209761797
264700,0.8227123774548794
264701,0.8864244776634959
264702,0.195540425686639
264703,0.2643974893305639
264704,0.4004254139377605
264705,0.6052376818576408
264706,0.5940251157844024
264707,0.7119820380781835
264708,0.8056640047995419
264709,0.8302889269660624
264710,0.23191877139000366
264711,0.6080374146104236
264712,0.4882033987664814
264713,0.019648124497207087
264714,0.5842715013566887
264715,0.18445057517236993
264716,0.9217483785638644
264717,0.7442698651492358
264718,0.8647583639743479
264719,0.5460115170824603
264720,0.7901563941623755
264721,0.24797632953218104
264722,0.3316228905422664
264723,0.9893237463696648
264724,0.5616100281336782
264725,0.7395748587634816
264726,0.03514210007226583
264727,0.7556915021747924
264728,0.6057603592384364
264729,0.7599138264074794
264730,0.7722808277391704
264731,0.5544198053822135
264732,0.4008481008630994
264733,0.7402929720344876
264734,0.5791765331491084
264735,0.04040068902513851
264736,0.9621945177960286
264737,0.027497375250544267
264738,0.14438167265851898
264739,0.3338999459142536
264740,0.6483971984492389
264741,0.4191781693565614
264742,0.3609064589289204
264743,0.7294940028451831
264744,0.29106312579253796
264745,0.5343671740424778
264746,0.013716872480354147
264747,0.3516482517577867
264748,0.337958649401648
264749,0.9837106458019916
264750,0.3183650651528717
264751,0.9106494380081902
264752,0.11595711318465055
264753,0.972320823921353
264754,0.7623908626903796
264755,0.7837388249303475
264756,0.569895600874462
264757,0.7312438358156722
264758,0.7209539089450553
264759,0.8214352266374574
264760,0.48449920689388737
264761,0.889419646306489
264762,0.2810322651019675
264763,0.001122620113534617
264764,0.23417764667918062
264765,0.02824275864576563
264766,0.6672590343649016
264767,0.3505438117270624
264768,0.28065502838365425
264769,0.40530222115161735
264770,0.08662809459097086
264771,0.3604974070656891
264772,0.7940560219251799
264773,0.16205271315010839
264774,0.1357779484685553
264775,0.3923670922321051
264776,0.7363978892923858
264777,0.6509060498770571
264778,0.9435235727498739
264779,0.762322687379841
264780,0.28142313688238846
264781,0.2177610319015003
264782,0.04551383731552897
264783,0.34483526572463535
264784,0.054453893037482784
264785,0.6618686398116543
264786,0.78521141163798
264787,0.34327177860295155
264788,0.16776125915253545
264789,0.7620954363447126
264790,0.5448070865962795
264791,0.9267888065230138
264792,0.379800109989501
264793,0.8017734670781426
264794,0.9911735697956104
264795,0.41038355429708984
264796,0.2548393107930606
264797,0.8448784434213098
264798,0.6079056090100491
264799,0.9462278600679026
264800,0.509619536316988
264801,0.9110493998300162
264802,0.1943132700969453
264803,0.9565723271869504
264804,0.26916521604755905
264805,0.9795701319419511
264806,0.6187727535098922
264807,0.43079069725162594
264808,0.04126424295862668
264809,0.34992568891151293
264810,0.3354770680980452
264811,0.7206221224337678
264812,0.3310638529958504
264813,0.27123774548793067
264814,0.8032369637443698
264815,0.11227110139486685
264816,0.3909717708764163
264817,0.5483294776407707
264818,0.8674353811681613
264819,0.8985505928979507
264820,0.9797019375423255
264821,0.604465028338204
264822,0.906281673113021
264823,0.4537657769031138
264824,0.2026488380654574
264825,0.5759132082846637
264826,0.2916085282768463
264827,0.1506265311038492
264828,0.9217665586466747
264829,0.7701401229882602
264830,0.43840360692842956
264831,0.6992105299039638
264832,0.12796505788083867
264833,0.05238590861781375
264834,0.06857981738106816
264835,0.1729653078569773
264836,0.46340576581326326
264837,0.11086214497707036
264838,0.3289413283277505
264839,0.2987942060076083
264840,0.5052563164425214
264841,0.6188000236341077
264842,0.7129864876534513
264843,0.36019289067861704
264844,0.9954777044009436
264845,0.5393576067738989
264846,0.08390562719013184
264847,0.786743083614746
264848,0.9176442248694443
264849,0.6537921380231887
264850,0.8310661255062017
264851,0.2368319387694811
264852,0.8693988301116712
264853,0.561232791415365
264854,0.4675326446111962
264855,0.22378318433240463
264856,0.20361238245440208
264857,0.9775248726257948
264858,0.13264188418378248
264859,0.4391717154271637
264860,0.02657928106862527
264861,0.37952286372664423
264862,0.3597974738774935
264863,0.4913258279891465
264864,0.7810527176951291
264865,0.7170860963271688
264866,0.5148235850214298
264867,0.9373968848428106
264868,0.10818512778325705
264869,0.6096281718563228
264870,0.39093541071079574
264871,0.6396616686589008
264872,0.5908345112511988
264873,0.09922234695779039
264874,0.10355375168733894
264875,0.4913849132582799
264876,0.676339985728635
264877,0.10301743924443575
264878,0.8813158743938079
264879,0.39581676294535517
264880,0.7806618459147082
264881,0.22789642806822985
264882,0.04730912049304385
264883,0.29693983756096004
264884,0.08476918112362002
264885,0.8844292135750678
264886,0.6643184059703392
264887,0.8096499879556951
264888,0.28699533226373847
264889,0.9215983928806796
264890,0.12165202412496988
264891,0.887024420396235
264892,0.09905418119179532
264893,0.6991832597797483
264894,0.5565196049468006
264895,0.398002917903291
264896,0.5461569577449426
264897,0.7933015484885534
264898,0.3008167402202517
264899,0.5041655114739049
264900,0.05396757582230787
264901,0.8467282668472556
264902,0.9613355088832429
264903,0.6376891296739857
264904,0.7345207957422246
264905,0.43968984778725667
264906,0.26018880015998475
264907,0.39820744383490664
264908,0.5137418700942183
264909,0.8434104017343799
264910,0.9688575181459952
264911,0.9873921125710727
264912,0.503033801318965
264913,0.1595075015566696
264914,0.24477208993686966
264915,0.4041841460587853
264916,0.34396262174974207
264917,0.9785384122424678
264918,0.6085328218670036
264919,0.8433967666722723
264920,0.340185709545907
264921,0.15630326196135824
264922,0.6674817403793274
264923,0.3034528522277419
264924,0.5518564137059645
264925,0.10245840169801972
264926,0.7329345835170279
264927,0.5691093122929175
264928,0.9844378491144027
264929,0.6886160866462747
264930,0.3669195213184196
264931,0.39548497643406766
264932,0.6671499538680399
264933,0.17911472086755356
264934,0.8500461319601311
264935,0.69863785729544
264936,0.47820435322082894
264937,0.1349007594729594
264938,0.29593084296498967
264939,0.22526031606073968
264940,0.1861822280600488
264941,0.2347003240599761
264942,0.9761340962908087
264943,0.8798478327068779
264944,0.8855336536057922
264945,0.1113893673785684
264946,0.7914153648969872
264947,0.24378127542370956
264948,0.16406161230064403
264949,0.8117634225823899
264950,0.01580758200353603
264951,0.47309120493043844
264952,0.7162498125178961
264953,0.35673412992396175
264954,0.5550015680321425
264955,0.5648506278946102
264956,0.773435262997623
264957,0.25897982465310126
264958,0.6614005026792897
264959,0.6568736620595307
264960,0.0800196344894351
264961,0.6619322701014902
264962,0.1791374459710664
264963,0.8620222615114013
264964,0.6553738052276828
264965,0.9070952318187809
264966,0.17974193372450814
264967,0.8888151585530473
264968,0.7014830402552483
264969,0.9582130796605779
264970,0.7561778193899674
264971,0.19737206902977444
264972,0.7307802437040101
264973,0.1435181187250308
264974,0.3620745292494807
264975,0.8963780730021226
264976,0.07788347475922752
264977,0.9970502815640326
264978,0.3273732961853641
264979,0.03696010835329355
264980,0.4604105971702701
264981,0.2078710668527095
264982,0.23061889546906889
264983,0.947827707355207
264984,0.2651519627671904
264985,0.8138859472504897
264986,0.12584707823344135
264987,0.5842624113152836
264988,0.6632594161466406
264989,0.12036578326614278
264990,0.4839583494302816
264991,0.6317078824294046
264992,0.16944746183318865
264993,0.4248867153589885
264994,0.7015512155657869
264995,0.3122247421837006
264996,0.10201298966916794
264997,0.8038550865599193
264998,0.2861226882888452
264999,0.13536889660532406
265000,0.11206203044254867
265001,0.7377295803582385
265002,0.4952118206898432
265003,0.2674381081805827
265004,0.41820553492621154
265005,0.8826112052940401
265006,0.03967348571272743
265007,0.5815581239972548
265008,0.8877607137500512
265009,0.3335908845064789
265010,0.8655764677008104
265011,0.8097499784111517
265012,0.89817790120034
265013,0.23160061994082384
265014,0.36431067943514484
265015,0.8655946477836207
265016,0.786647638179992
265017,0.018384608741892818
265018,0.979865558287618
265019,0.05858986187682085
265020,0.8284663736643321
265021,0.5915798946464201
265022,0.7537098731484723
265023,0.7466560010180846
265024,0.2136932383727008
265025,0.5539880284154695
265026,0.23081433135927937
265027,0.2262329504910895
265028,0.5090514087291668
265029,0.3582567118593225
265030,0.5985292313006486
265031,0.42680471409547266
265032,0.03990073674785589
265033,0.7816617504692734
265034,0.6552465446480109
265035,0.2841728744074429
265036,0.9917144272592162
265037,0.7477149908417833
265038,0.01995264088427923
265039,0.6378663854813859
265040,0.23910444912076576
265041,0.8050640620668028
265042,0.666695451797783
265043,0.5027565550561083
265044,0.9582312597433881
265045,0.7132819139991183
265046,0.9560132896405343
265047,0.7301893910126761
265048,0.4449075315538062
265049,0.5520382145340672
265050,0.7257261806827531
265051,0.0743928988596543
265052,0.15311265742815458
265053,0.03715099922280146
265054,0.9006322123797275
265055,0.46529649442553206
265056,0.5014521341144709
265057,0.13001940723839997
265058,0.6999377332163749
265059,0.5726044332131933
265060,0.929561269151581
265061,0.9516182546211499
265062,0.8466964517023375
265063,0.04247776348621268
265064,0.04743183605201322
265065,0.4462437676403616
265066,0.6816076647229128
265067,0.004881352234559428
265068,0.4470027860976907
265069,0.21608391926225223
265070,0.291263106703451
265071,0.7111684793724236
265072,0.46668272573981573
265073,0.9352380000090901
265074,0.16040287063507574
265075,0.6960290154121652
265076,0.29416282991169024
265077,0.12126569736525149
265078,0.5355216093009304
265079,0.023979529226755628
265080,0.30446184682371225
265081,0.6699178714759045
265082,0.2101572122661019
265083,0.5919844014889488
265084,0.4816994741411047
265085,0.31453815772130844
265086,0.5480795015021295
265087,0.6973243463123975
265088,0.23355497884292864
265089,0.31271560441957813
265090,0.22136977833934035
265091,0.7164634284909167
265092,0.3647470014225915
265093,0.30551629162670835
265094,0.8510505815353989
265095,0.238595406802078
265096,0.22276964471573169
265097,0.6972834411260744
265098,0.9520000363601656
265099,0.814622240604306
265100,0.9576904022797824
265101,0.32337822298780566
265102,0.7427518282345776
265103,0.8996504879079724
265104,0.8241804191418093
265105,0.3775639598038369
265106,0.4914849037137364
265107,0.6504697278896105
265108,0.865021975175097
265109,0.38817203812363366
265110,0.5184277864385672
265111,0.02428404561382777
265112,0.8448329932142842
265113,0.7203494211916135
265114,0.7276487244399399
265115,0.4512114752682698
265116,0.8612632430540722
265117,0.8936374255184732
265118,0.570391008131042
265119,0.38558137632316913
265120,0.2766190499997727
265121,0.10568082137614136
265122,0.05153144472573072
265123,0.6645774721503857
265124,0.6801850732430086
265125,0.42673199376423154
265126,0.9015366714995386
265127,0.18819567223128703
265128,0.6833711327555098
265129,0.4625149417555597
265130,0.10384917803300593
265131,0.21361142800005453
265132,0.9501911181205431
265133,0.9332472809413647
265134,0.053285822716922476
265135,0.47203221510673976
265136,0.9153717145181597
265137,0.3219147263215784
265138,0.2639520773017121
265139,0.7519873103021985
265140,0.89407374750592
265141,0.2532667336299717
265142,0.7083278414333177
265143,0.5413437808209217
265144,0.9163852541348326
265145,0.9541589211938861
265146,0.8047913608246485
265147,0.30607987419382693
265148,0.3604928620449866
265149,0.13497347980420052
265150,0.6041377868476191
265151,0.3945759722935538
265152,0.8465510110398553
265153,0.9062589480095082
265154,0.09140491134937119
265155,0.2871589530090309
265156,0.626362938083183
265157,0.0466500924911713
265158,0.9734843492212107
265159,0.16411160752837228
265160,0.364519750387463
265161,0.16987923879993275
265162,0.4518386881252244
265163,0.12365637825480294
265164,0.3894855491066762
265165,0.8438239986183138
265166,0.5983201603483305
265167,0.20722112889224212
265168,0.8838429059044365
265169,0.6154594334177192
265170,0.6586416751128301
265171,0.9251753241736017
265172,0.023752278191627167
265173,0.7737488694261003
265174,0.8035914753591703
265175,0.7850432458719849
265176,0.07453833952213651
265177,0.6091236745583376
265178,0.9201439862558575
265179,0.2955717863294867
265180,0.5858258984369674
265181,0.28861790465455567
265182,0.011208021052535894
265183,0.7123819999000095
265184,0.31119756750491995
265185,0.4862399498229714
265186,0.815467614454984
265187,0.3531481085896346
265188,0.992191654432986
265189,0.7648042686834439
265190,0.5908617813754142
265191,0.3991391730789334
265192,0.7158543957167726
265193,0.8193036119279523
265194,0.1681839460778744
265195,0.2748692170292835
265196,0.6095509065043792
265197,0.5348489462369501
265198,0.16904750001136257
265199,0.6897250716977017
265200,0.6372300825830262
265201,0.15797128455920117
265202,0.42555028838156356
265203,0.6099917735125284
265204,0.12227469196122188
265205,0.02539303066525468
265206,0.9861467768985688
265207,0.04420487135318902
265208,0.19196803941441953
265209,0.4535248908058776
265210,0.004495025474841038
265211,0.1910272201289877
265212,0.3113066480017816
265213,0.6588462010444458
265214,0.8336431522445585
265215,0.17409701801191707
265216,0.8726985151417365
265217,0.05197231173387995
265218,0.43095431799691847
265219,0.7611409819971731
265220,0.17841933270006047
265221,0.40131623799546406
265222,0.8461055990110036
265223,0.7968466646365574
265224,0.12022943264506569
265225,0.9524863535753405
265226,0.3317365160598306
265227,0.2458038096363529
265228,0.2290781334508979
265229,0.6376891296739857
265230,0.3323728189581903
265231,0.605574013389631
265232,0.14431804236868298
265233,0.35474341085623645
265234,0.9363651651433272
265235,0.2692742965444207
265236,0.01220338058639857
265237,0.37828207307484285
265238,0.051076942655473793
265239,0.5729498547865887
265240,0.6182228060048814
265241,0.12750601078987917
265242,0.24781270878688855
265243,0.10541721017539235
265244,0.49887510737611407
265245,0.9774839674394717
265246,0.539789383740643
265247,0.9949595720408506
265248,0.34173556160548313
265249,0.051949586630367105
265250,0.7756168729348561
265251,0.37161907272487626
265252,0.9306338940373874
265253,0.3814908576908567
265254,0.4782225333036392
265255,0.020384417851023313
265256,0.7664541111984766
265257,0.15165370578262985
265258,0.665554651601438
265259,0.8508506006244859
265260,0.7434381263606655
265261,0.2998350157484967
265262,0.3545888801523491
265263,0.755791492630249
265264,0.682334868035324
265265,0.2639520773017121
265266,0.7406929338563137
265267,0.6660000636302899
265268,0.4113561887274396
265269,0.19103176514969025
265270,0.6590779971002769
265271,0.0384190599988183
265272,0.1412501533944487
265273,0.2176019561769104
265274,0.6566782261693203
265275,0.3684102881088623
265276,0.539948459465233
265277,0.42480945000704473
265278,0.14644511205748542
265279,0.6039014457710856
265280,0.5505519927643271
265281,0.8553092659337064
265282,0.1791374459710664
265283,0.030806150322014718
265284,0.20458501688475192
265285,0.6063512119297704
265286,0.6790124579017458
265287,0.46488744256230086
265288,0.5306220769835607
265289,0.3293594702323869
265290,0.8639175351443726
265291,0.023079615127646908
265292,0.35215274905577193
265293,0.6913612791506266
265294,0.2236877388976507
265295,0.4345721544761636
265296,0.3816181182705287
265297,0.40243885810899865
265298,0.732639157171361
265299,0.8870107853341271
265300,0.0790424550383827
265301,0.47424564018889104
265302,0.016034833038664494
265303,0.8073774776044106
265304,0.34043568568454824
265305,0.6721176614959481
265306,0.25831170660982355
265307,0.5894937301439408
265308,0.8011326191590803
265309,0.7972193563341681
265310,0.2950263838451784
265311,0.9527272396725768
265312,0.1135073470259657
265313,0.10804877716217998
265314,0.7266942700924003
265315,0.4374446075601874
265316,0.8757800391780785
265317,0.26740629303566477
265318,0.9976002290690434
265319,0.28967234945755177
265320,0.18599133719054092
265321,0.7781393594247822
265322,0.30842055985565014
265323,0.2728694079201531
265324,0.6877661677748943
265325,0.0121397502965626
265326,0.18563228055503794
265327,0.06747992237104639
265328,0.5855304720913004
265329,0.694901850277928
265330,0.17393339726662457
265331,0.8935828852700424
265332,0.6776125915253544
265333,0.6936701496675318
265334,0.8835792947036873
265335,0.19366333213647788
265336,0.3144018071002313
265337,0.13589611900682208
265338,0.8401288967871249
265339,0.5916844301225792
265340,0.4644238504506388
265341,0.9852059576131369
265342,0.26485199140082083
265343,0.9188441103349226
265344,0.30624803995982197
265345,0.7215993018848201
265346,0.23416401161707293
265347,0.14986296762581755
265348,0.433449534362629
265349,0.6838392698878744
265350,0.20399416419341793
265351,0.9067907154317087
265352,0.1013085114602697
265353,0.9480140532040124
265354,0.9899600492680245
265355,0.5663368496643503
265356,0.9149081224064977
265357,0.12368364837901837
265358,0.9155671504083701
265359,0.9064589289204212
265360,0.995800400870826
265361,0.778975643234055
265362,0.09160489226028425
265363,0.8167129501274879
265364,0.8578181173615247
265365,0.7858113543707191
265366,0.7636316533421811
265367,0.7705946250585172
265368,0.637507328845883
265369,0.6971107303393766
265370,0.7061871366824075
265371,0.20511223928624994
265372,0.785834079474232
265373,0.13357361342780918
265374,0.09904054612968761
265375,0.3265279223346862
265376,0.7749805700364965
265377,0.8723485485476387
265378,0.3055526517923289
265379,0.0035314810858963464
265380,0.37187813890492266
265381,0.8711668431649706
265382,0.827739170351921
265383,0.3981710836692861
265384,0.12959217529235845
265385,0.9402057076369983
265386,0.9254434803950532
265387,0.41932815503974613
265388,0.5685639098086093
265389,0.49323928170492815
265390,0.6463019439053546
265391,0.05286313579158353
265392,0.16658864381127259
265393,0.6850391553533527
265394,0.1171933588157494
265395,0.23142336413342365
265396,0.6467655360170166
265397,0.1442907722444676
265398,0.770585535017112
265399,0.492016671135937
265400,0.9276023652287736
265401,0.3169242935901573
265402,0.7999600038178174
265403,0.051876866299125995
265404,0.26816076647229126
265405,0.7208221033446808
265406,0.9243572204471392
265407,0.8339794837765486
265408,0.25634371264561107
265409,0.7401793465169234
265410,0.20389417373796137
265411,0.24701278514323632
265412,0.8955645142963626
265413,0.43698101544852536
265414,0.24191781693565617
265415,0.3368814794951391
265416,0.849877966194136
265417,0.7235672958490326
265418,0.942087346207862
265419,0.8172265374668782
265420,0.860958726667
265421,0.6663136700587672
265422,0.27237854568427555
265423,0.012017034737593229
265424,0.43042255057471784
265425,0.6552510896687135
265426,0.65895982656201
265427,0.3814681325873439
265428,0.09112766508651446
265429,0.6387481194976843
265430,0.3158016734766227
265431,0.02359774748773981
265432,0.5090604987705719
265433,0.6819621763377132
265434,0.5146281491312193
265435,0.4451029674440167
265436,0.3896718949554815
265437,0.7197267533553616
265438,0.564546111507538
265439,0.6124324496298081
265440,0.6906113507347027
265441,0.5137782302598388
265442,0.23212329732161932
265443,0.9404738638584499
265444,0.9353107203403311
265445,0.8371110030406189
265446,0.2242876816303898
265447,0.7205948523095523
265448,0.6778852927675086
265449,0.2999804564109789
265450,0.23463669377014013
265451,0.21565668731621074
265452,0.3475213729598538
265453,0.9893282913903673
265454,0.07678812476990832
265455,0.8766208680080537
265456,0.502306598006554
265457,0.6410751700973999
265458,0.5668731621072534
265459,0.7248126315215365
265460,0.5016066648183582
265461,0.703978256620959
265462,0.891910317651497
265463,0.1062398589225574
265464,0.5759541134709869
265465,0.03248780798196536
265466,0.8239168079410603
265467,0.7992918857745397
265468,0.6939792110753065
265469,0.5679094268274393
265470,0.06517559687484376
265471,0.820880734111744
265472,0.007067507192495261
265473,0.1342553665331946
265474,0.8800432685970885
265475,0.3145154326177956
265476,0.5320673935669777
265477,0.5496520786652183
265478,0.5061971357279533
265479,0.10169483821998808
265480,0.5052881315874395
265481,0.7725035337535963
265482,0.8509051408729168
265483,0.2761236427431926
265484,0.43761731834688505
265485,0.24336313351907318
265486,0.3983846996423068
265487,0.975370532812777
265488,0.4855763768003963
265489,0.9843833088659719
265490,0.1972766235950205
265491,0.27316937928652263
265492,0.20777107639725298
265493,0.8715622599660942
265494,0.7635452979488322
265495,0.8499143263597566
265496,0.9035319355879666
265497,0.9876875389167398
265498,0.643911263015803
265499,0.37585957704037337
265500,0.41949632080574123
265501,0.9937187813890493
265502,0.8893605610373556
265503,0.2897132546438749
265504,0.040950636530149395
265505,0.8931056580962726
265506,0.16478427059235257
265507,0.3138927647815436
265508,0.5247817253807591
265509,0.7858249894328269
265510,0.8309615900300426
265511,0.641834188554729
265512,0.9337154180737294
265513,0.5662095890846783
265514,0.6014607696538058
265515,0.12316551601892546
265516,0.4919803109703164
265517,0.770944591652615
265518,0.7739124901713927
265519,0.10303107430654346
265520,0.2462492216652047
265521,0.3899173260734203
265522,0.8908058776207726
265523,0.27110593988755616
265524,0.9967366751355553
265525,0.06643911263015802
265526,0.5552969943778094
265527,0.26908340567491285
265528,0.6277628044595744
265529,0.907790619986274
265530,0.3618018280073266
265531,0.46367392203471486
265532,0.3956895023656833
265533,0.24479027001967996
265534,0.6448020870735067
265535,0.5629008140132079
265536,0.704760000181801
265537,0.8644765726907886
265538,0.20928002327050602
265539,0.5250226114779953
265540,0.29573086205407667
265541,0.4970661891364915
265542,0.4287408929147672
265543,0.7948059503411038
265544,0.791110848509915
265545,0.8733075479158808
265546,0.972098117906927
265547,0.8177446698269711
265548,0.6907340662936721
265549,0.011312556528694988
265550,0.6800032724149059
265551,0.11413455988292026
265552,0.013989573722508307
265553,0.6530694797314802
265554,0.4172056303716463
265555,0.18365974157012285
265556,0.8431058853473078
265557,0.7107957876748129
265558,0.5182278055276542
265559,0.3828952690879507
265560,0.32775053290367734
265561,0.7354116197999282
265562,0.8634130378463875
265563,0.4760227432835956
265564,0.13911399366424115
265565,0.29648988051140573
265566,0.6255993746051514
265567,0.3808954599788202
265568,0.29187213947759527
265569,0.19644488480645028
265570,0.9058635312083847
265571,0.3095749951141027
265572,0.508574181555397
265573,0.7494102835638417
265574,0.5458524413578704
265575,0.9438235441162435
265576,0.5635143918080547
265577,0.3686602642475036
265578,0.3351998218351884
265579,0.6336167911244835
265580,0.34064021161616387
265581,0.7414110471273196
265582,0.2625294858218079
265583,0.8800796287627091
265584,0.8837201903454671
265585,0.12646065602828824
265586,0.9858104453665787
265587,0.42907267942605476
265588,0.39068543457215443
265589,0.21619754477981648
265590,0.02233423173242554
265591,0.7496329895782675
265592,0.5837851841415138
265593,0.40484771908136036
265594,0.9774521522945537
265595,0.11111212111571168
265596,0.9364015253089478
265597,0.6453383995164098
265598,0.550120215797583
265599,0.6888524277228083
265600,0.3983437944559837
265601,0.717781484494662
265602,0.22051985946795988
265603,0.07693356543239054
265604,0.64846991878048
265605,0.4342812731511992
265606,0.9820653483076616
265607,0.8599179169261116
265608,0.594947754987024
265609,0.09642261420500771
265610,0.6139913917307893
265611,0.9218847291849415
265612,0.7898109725889801
265613,0.9833470441457861
265614,0.4603196967562187
265615,0.2436585598647402
265616,0.8518505051790511
265617,0.19093631971493633
265618,0.7478786115870758
265619,0.17551960949182124
265620,0.6116461610482636
265621,0.4567200403597838
265622,0.4161466405479477
265623,0.4720140350239295
265624,0.5186641275151008
265625,0.160484681007722
265626,0.7710536721494767
265627,0.7780620940728386
265628,0.6502833820408052
265629,0.7944650737884111
265630,0.07048418105544471
265631,0.718317796937565
265632,0.4029251753241736
265633,0.5816672044941165
265634,0.4282545756995923
265635,0.9392285281859459
265636,0.28625449388921964
265637,0.7683312047486376
265638,0.9709891328555001
265639,0.9241117893292005
265640,0.7301757559505684
265641,0.8531549261206884
265642,0.32485535471614074
265643,0.29010412642429584
265644,0.6535012566982242
265645,0.25263497575231453
265646,0.13588248394471436
265647,0.7671858595315901
265648,0.9596811213475077
265649,0.7281532217379251
265650,0.04974979661032356
265651,0.5649551633707692
265652,0.9218483690193209
265653,0.8007508374200645
265654,0.983169788338386
265655,0.2590116397980193
265656,0.7883520209434555
265657,0.6779989182850729
265658,0.41158343976256806
265659,0.3410765336036105
265660,0.39063543934442624
265661,0.8728394107835162
265662,0.03466941791919862
265663,0.1008630994314179
265664,0.7146545102512942
265665,0.30030315288086135
265666,0.14362719922189246
265667,0.7021147981329056
265668,0.22527395112284737
265669,0.1367960331059308
265670,0.4792633430445275
265671,0.9007049327109685
265672,0.8023824998522868
265673,0.40765654187554823
265674,0.7678130723885448
265675,0.8133223646833712
265676,0.6163684375582331
265677,0.822103344680735
265678,0.778680216888388
265679,0.483458397152999
265680,0.2716967925788902
265681,0.3594565973248008
265682,0.5939705755359715
265683,0.10247203676012744
265684,0.27131501083987436
265685,0.3786456747310484
265686,0.7742533667240854
265687,0.22520577581230883
265688,0.4495979929188577
265689,0.9750614714050023
265690,0.34398534685325494
265691,0.2621295239999818
265692,0.7095640870644166
265693,0.6053922125615282
265694,0.3382631657887202
265695,0.416364801541671
265696,0.11539807563823452
265697,0.28369110221297056
265698,0.748773980665482
265699,0.8277846205589466
265700,0.7722944628012781
265701,0.4938028642720467
265702,0.7109866785443207
265703,0.021784284227414658
265704,0.8560273792047124
265705,0.7097049827061963
265706,0.23558205807627455
265707,0.26255675594602335
265708,0.149467550824694
265709,0.018620949818426425
265710,0.8358065820989815
265711,0.30347557733125474
265712,0.48759891101303965
265713,0.8073547525008977
265714,0.9367424018616405
265715,0.021207066598188357
265716,0.3739915735316174
265717,0.001122620113534617
265718,0.14317269715163553
265719,0.19995818580953637
265720,0.2758100363147154
265721,0.8893832861408685
265722,0.3882220333513619
265723,0.42926811531626524
265724,0.3682466673635698
265725,0.32795505883529297
265726,0.8854382081710382
265727,0.5159416601142619
265728,0.112839228982688
265729,0.9246117416064831
265730,0.3430536176092282
265731,0.9476777216720222
265732,0.1255652869498821
265733,0.8444421214338631
265734,0.6097872475809127
265735,0.8802932447357298
265736,0.6932883679285159
265737,0.37197358433967664
265738,0.6833438626312943
265739,0.3419219074542884
265740,0.21254789315565334
265741,0.03831906954336177
265742,0.6174274273819317
265743,0.9736025197594775
265744,0.4740047540916549
265745,0.3629562632657791
265746,0.23785911344826177
265747,0.5489339653942124
265748,0.15263088523368223
265749,0.9956867753532618
265750,0.6147049599810928
265751,0.8568318478690671
265752,0.9360879188804705
265753,0.129660350602897
265754,0.9871739515773494
265755,0.20225342126433385
265756,0.5671504083701102
265757,0.3097113457351798
265758,0.2277146272401271
265759,0.1792419814472255
265760,0.9626899250526086
265761,0.8850246112871044
265762,0.6098508778707488
265763,0.18248712622885999
265764,0.26498379700119534
265765,0.6239313520073084
265766,0.8922239240799742
265767,0.07994691415819398
265768,0.6996014016843847
265769,0.23063253053117658
265770,0.29485367305848076
265771,0.7329709436826485
265772,0.24660827830070767
265773,0.43261325055335625
265774,0.6258493507437927
265775,0.8138314070020589
265776,0.7092095754496162
265777,0.5118284163784367
265778,0.19894464619286342
265779,0.666040968816613
265780,0.481422227878248
265781,0.003281504947255035
265782,0.6353938942191882
265783,0.07719263161243699
265784,0.9958503960985543
265785,0.740183891537626
265786,0.4969616536603324
265787,0.11374823312320187
265788,0.6627958240349785
265789,0.2155885120056722
265790,0.6838847200949001
265791,0.9628899059635218
265792,0.2742965444207598
265793,0.512151112848319
265794,0.27706446202862456
265795,0.558910285836352
265796,0.7895791765331491
265797,0.809081860367874
265798,0.5440071629526273
265799,0.0784652374091564
265800,0.48884879170624623
265801,0.2689788701987537
265802,0.4586062239513501
265803,0.32024215870303285
265804,0.11687066234586697
265805,0.33883129337654133
265806,0.5168733893582885
265807,0.37798664672917587
265808,0.9494184646011063
265809,0.10039950731975585
265810,0.08769162943537208
265811,0.4186100417687402
265812,0.06643911263015802
265813,0.21484312861045082
265814,0.8819158171265471
265815,0.03622381499947732
265816,0.07650633348634903
265817,0.3606973879766022
265818,0.15619418146449657
265819,0.43449488912421996
265820,0.707459742479127
265821,0.05532199199167352
265822,0.6486426295671777
265823,0.7801937087823435
265824,0.9108130587534826
265825,0.1684339222165157
265826,0.34394898668763435
265827,0.6393071570441005
265828,0.2061848641720563
265829,0.9729889419646307
265830,0.9086269037955468
265831,0.06165320583035256
265832,0.024820358056730947
265833,0.6576054103926444
265834,0.15153099022366048
265835,0.05911708427831889
265836,0.26119324973525254
265837,0.5606010335377078
265838,0.9161034628512733
265839,0.3742006444839356
265840,0.6747583185241409
265841,0.22030624349493913
265842,0.9018548229487187
265843,0.6318987732989124
265844,0.795574058839838
265845,0.5602465219229074
265846,0.046963698919648585
265847,0.7171951768240304
265848,0.019866285490930412
265849,0.389276478154358
265850,0.02209789065589194
265851,0.6828530003954169
265852,0.7530326650637894
265853,0.548379472868499
265854,0.10186754900668571
265855,0.49631626072056756
265856,0.9357834024933984
265857,0.16437976374982388
265858,0.5725180778198445
265859,0.2538984915076288
265860,0.3493848314479072
265861,0.9984501479404239
265862,0.2758827566459565
265863,0.7480740474772863
265864,0.11626617459242526
265865,0.23147790438185448
265866,0.5780493680148714
265867,0.11269833334090837
265868,0.3950986496743492
265869,0.7810936228814522
265870,0.41110166756809574
265871,0.616791124483572
265872,0.23896355347898612
265873,0.9220574399716391
265874,0.017516509787702084
265875,0.22034714868126223
265876,0.6360256520968454
265877,0.382163520754837
265878,0.09050954227096503
265879,0.778943828089137
265880,0.9543861722290146
265881,0.027311029401738927
265882,0.859345244317588
265883,0.9014457710854873
265884,0.7033692238468147
265885,0.39408056503697375
265886,0.27885520018543686
265887,0.9951686429931689
265888,0.718908649628899
265889,0.48559910190390915
265890,0.5375350534721686
265891,0.45978338431331556
265892,0.17227446471018676
265893,0.6544920712113844
265894,0.6400889006049424
265895,0.6777398521050264
265896,0.26482926629730796
265897,0.16630685252771327
265898,0.3078160721022084
265899,0.5319083178423878
265900,0.6183182514396354
265901,0.054794769590175485
265902,0.35615691229473545
265903,0.9259388876516332
265904,0.06079419691756696
265905,0.4809859058908013
265906,0.858308979597402
265907,0.4969389285568196
265908,0.4684961890001409
265909,0.9110948500370419
265910,0.4526840619759023
265911,0.46261493221101624
265912,0.641379686484472
265913,0.5932842774098835
265914,0.34677144454392983
265915,0.2528576817667404
265916,0.4075838215443071
265917,0.8744892532985488
265918,0.1306648001781648
265919,0.7225810263565751
265920,0.6073374814222279
265921,0.46581917180632754
265922,0.3582248967144045
265923,0.10312651974129741
265924,0.0490044132151022
265925,0.6294671872230378
265926,0.2903631926043423
265927,0.6238540866553648
265928,0.0587898427877339
265929,0.7939378513869132
265930,0.2069575176914931
265931,0.19985819535407987
265932,0.8182900723112794
265933,0.30401643479486046
265934,0.9284159239345335
265935,0.09413192377091277
265936,0.10739429418100999
265937,0.47720899368696623
265938,0.8531731062034988
265939,0.4421259788838338
265940,0.09445916526149775
265941,0.5557833115929844
265942,0.7914380900005
265943,0.22726012516987015
265944,0.32158748483099336
265945,0.8094000118170538
265946,0.9507001604392309
265947,0.2791824416760218
265948,0.2997168452102299
265949,0.2635657505419937
265950,0.26367483103885536
265951,0.9278659764295226
265952,0.6750173847041873
265953,0.04869535180732748
265954,0.32613705055426523
265955,0.8574136105189959
265956,0.27830525268042594
265957,0.12413360542857271
265958,0.2630339831197931
265959,0.09335018021007085
265960,0.6706087146226951
265961,0.47668631630617075
265962,0.7848159948368565
265963,0.9424873080296882
265964,0.1930542993623336
265965,0.21844278500688571
265966,0.8331568350293835
265967,0.9857286349939324
265968,0.9124719913099205
265969,0.11552988123860904
265970,0.823707736988742
265971,0.5033337726853346
265972,0.10612168838429058
265973,0.753491712154749
265974,0.7308802341594667
265975,0.07792892496625321
265976,0.2427359206621186
265977,0.4765272405815808
265978,0.18865017430154396
265979,0.730084855536517
265980,0.45386576735857026
265981,0.42976806759354785
265982,0.16936565146054242
265983,0.026851982310779426
265984,0.7503965530562993
265985,0.33726780625485747
265986,0.5809899964094336
265987,0.21467950786515833
265988,0.4282818458238077
265989,0.4180373691602165
265990,0.30574808768253936
265991,0.9569268388017508
265992,0.9063862085891801
265993,0.8488280664118425
265994,0.4485753632607796
265995,0.13360997359342974
265996,0.8420605305857168
265997,0.7548915785311402
265998,0.02697924289045137
265999,0.7987464832902315
266000,0.1029947141409229
266001,0.6198635584785088
266002,0.25686184500570397
266003,0.29711709336836023
266004,0.5417210175392349
266005,0.3909763158971189
266006,0.2940582944355311
266007,0.8817567414019571
266008,0.8680535039837106
266009,0.5276269083405675
266010,0.40222069711527536
266011,0.9461596847573641
266012,0.032928674990114586
266013,0.1906727085141873
266014,0.09308656900932183
266015,0.7651360551947314
266016,0.3650378827475559
266017,0.5859440689752342
266018,0.31731062034987567
266019,0.6131278377973012
266020,0.19313156471427728
266021,0.6191818053731235
266022,0.42181882638475415
266023,0.04726821530672073
266024,0.7742306416205726
266025,0.35728862244967524
266026,0.10349012139750297
266027,0.09350016589325563
266028,0.4772998941010176
266029,0.36181091804873167
266030,0.09307293394721412
266031,0.9847469105221774
266032,0.17316074374718776
266033,0.18062366774080657
266034,0.8600133623608656
266035,0.8975734134468983
266036,0.480967725807991
266037,0.49991591711700245
266038,0.5565514200917185
266039,0.5453979392876135
266040,0.9761750014771318
266041,0.7282032169656534
266042,0.6870662345866986
266043,0.062398589225573925
266044,0.5188050231568805
266045,0.9297157998554684
266046,0.6668499825016704
266047,0.5872257648133588
266048,0.9431554260729658
266049,0.885779084723731
266050,0.6746674181100895
266051,0.4473118475054653
266052,0.799700937637771
266053,0.8691624890351376
266054,0.954677053553979
266055,0.48644447575458705
266056,0.6212270646892797
266057,0.576713131928316
266058,0.9883738370428278
266059,0.25430754337086003
266060,0.043082251239654396
266061,0.5929706709814063
266062,0.8814249548906695
266063,0.59616127551461
266064,0.2415542152794506
266065,0.348321296603506
266066,0.494380081901273
266067,0.39641216065739177
266068,0.4552201835279359
266069,0.9121311147572277
266070,0.02547029601719836
266071,0.11704337313256462
266072,0.1485358215806673
266073,0.9229300839465324
266074,0.9624172238104545
266075,0.8830702523849997
266076,0.17426063875720954
266077,0.5061107803346044
266078,0.25743906263493027
266079,0.9276114552701789
266080,0.15886210861690475
266081,0.5547197767485832
266082,0.06426204771362733
266083,0.6543102703832816
266084,0.2013625972066303
266085,0.3633334999840924
266086,0.1979083814726776
266087,0.8972052667699901
266088,0.13006485744542567
266089,0.16558419423600473
266090,0.1646751900954909
266091,0.579835561150981
266092,0.29432645065698276
266093,0.3914035478431604
266094,0.722181064534749
266095,0.2571390912685607
266096,0.12048849882511213
266097,0.3026574736047922
266098,0.4141150162938992
266099,0.6366074147467742
266100,0.48119497684311946
266101,0.538912194745047
266102,0.03716917930561174
266103,0.17563778003008806
266104,0.9644079428781799
266105,0.2740192981579031
266106,0.8876925384395127
266107,0.8055276541784647
266108,0.32206925702546574
266109,0.33584975979565584
266110,0.8787797528417742
266111,0.7722808277391704
266112,0.6766490471364097
266113,0.22058348975779588
266114,0.17721035719317701
266115,0.7925652551347371
266116,0.13846405570377374
266117,0.24421305239045366
266118,0.13716417978283893
266119,0.19615400348148587
266120,0.6165320583035255
266121,0.46419205439480776
266122,0.12696060830557082
266123,0.5271133210011771
266124,0.0494770953681694
266125,0.31652887678903374
266126,0.05905345398848292
266127,0.7501647570004681
266128,0.5842760463773913
266129,0.1815235818399153
266130,0.1113030119852196
266131,0.4688734257184541
266132,0.8361520036723767
266133,0.9240890642256876
266134,0.41711927497829754
266135,0.00422232423268688
266136,0.9680485044609378
266137,0.6791624435849305
266138,0.6734402625203958
266139,0.44630285290949495
266140,0.10592170747337754
266141,0.07685630008044686
266142,0.6870207843796728
266143,0.7756850482453949
266144,0.005626735629780793
266145,0.7874748319478595
266146,0.22710104944528023
266147,0.6924702642020535
266148,0.08628267301757558
266149,0.811572531712882
266150,0.0649165306947973
266151,0.5465887347116867
266152,0.3648424468573454
266153,0.2754691597620227
266154,0.31283831997854744
266155,0.02371591802600661
266156,0.1209839060816922
266157,0.5801718926829712
266158,0.31789692802050706
266159,0.835347535008022
266160,0.1752469082496671
266161,0.45251135118920466
266162,0.5614827675540063
266163,0.652924039068998
266164,0.31906499834106744
266165,0.20792560710114036
266166,0.6809213665968248
266167,0.34701233064116604
266168,0.48194490525904343
266169,0.5959294794587789
266170,0.9924961708200581
266171,0.8334204462301326
266172,0.0727930515723499
266173,0.265915526245222
266174,0.856336440612487
266175,0.19620399870921412
266176,0.568323023711373
266177,0.2631203385131419
266178,0.6763536207907427
266179,0.5775494157375888
266180,0.8351839142627295
266181,0.6969334745319765
266182,0.06614368628449102
266183,0.11542989078315252
266184,0.3134019025456661
266185,0.4598742847273669
266186,0.5747951331918317
266187,0.23834088564273412
266188,0.3122974625149417
266189,0.3222919630398916
266190,0.4869353379904645
266191,0.7915744406215771
266192,0.7786074965571468
266193,0.332122842819549
266194,0.9529772158112181
266195,0.06045332036487427
266196,0.7324891714881762
266197,0.8226532921857459
266198,0.04949073043027711
266199,0.4617059280705023
266200,0.7255807400202708
266201,0.9735025293040209
266202,0.42489580540039357
266203,0.4790042768644811
266204,0.7729989410101763
266205,0.09315474431986037
266206,0.026033878584316952
266207,0.5531017493784685
266208,0.16348439467141773
266209,0.7081414955845124
266210,0.7130682980260975
266211,0.774976025015794
266212,0.2930583898809659
266213,0.3318728666809077
266214,0.9290431367914881
266215,0.6445112057485423
266216,0.9836288354293454
266217,0.4546066057330891
266218,0.8699305975338718
266219,0.25707546097872475
266220,0.08111043945805173
266221,0.9631535171642708
266222,0.9184577835752042
266223,0.5443116793396994
266224,0.6857299985001432
266225,0.13020575308720533
266226,0.8939055817399248
266227,0.42080074174737864
266228,0.13538253166743178
266229,0.4155376077738034
266230,0.5033974029751705
266231,0.005413119656760036
266232,0.5436117461515038
266233,0.23743188150222025
266234,0.8348021325237136
266235,0.16727494193736053
266236,0.29930324832629607
266237,0.9134309906781626
266238,0.7150771971766332
266239,0.9129537635043927
266240,0.8984824175874122
266241,0.13359633853132202
266242,0.8632994123288232
266243,0.30637530053949397
266244,0.9160989178305707
266245,0.14768135768858429
266246,0.14321814735866123
266247,0.79225164870626
266248,0.8492598433785866
266249,0.8144722549211212
266250,0.5383713372814414
266251,0.26213861404138694
266252,0.6531921952904496
266253,0.10689888692442993
266254,0.8432922311961132
266255,0.5401620754382537
266256,0.875330082128524
266257,0.064961980901823
266258,0.11883411128937692
266259,0.2709695892664791
266260,0.9527363297139818
266261,0.3739506683452943
266262,0.11757059553406266
266263,0.808195581330873
266264,0.4673326637002831
266265,0.9388285663641198
266266,0.11753878038914467
266267,0.04058248985324128
266268,0.11182114434531248
266269,0.8385381395412256
266270,0.8750437458242623
266271,0.6241404229596266
266272,0.533235463887538
266273,0.004408670081492221
266274,0.691883956531422
266275,0.6248267210857146
266276,0.9239163534389899
266277,0.9314747228673627
266278,0.9151944587107594
266279,0.7417655587421201
266280,0.32043304957254076
266281,0.33628608178310254
266282,0.21914271819508138
266283,0.35006203953259
266284,0.10399461869548815
266285,0.8534867126319761
266286,0.30070765972339003
266287,0.8484417396521241
266288,0.8438058185355034
266289,0.35462524031796966
266290,0.29426282036714674
266291,0.11391185386849437
266292,0.12814685870894144
266293,0.6342667290849511
266294,0.37984556019652665
266295,0.8426332031942405
266296,0.8197899291431272
266297,0.5363169879238799
266298,0.3127792347094141
266299,0.7926652455901937
266300,0.28527276941746466
266301,0.9764931529263116
266302,0.11723426400207253
266303,0.039841651478722484
266304,0.7403111521172979
266305,0.8227351025583921
266306,0.9528999504592743
266307,0.09574995114102744
266308,0.7745078878834294
266309,0.10928047777257625
266310,0.16637957285895438
266311,0.9632489625990246
266312,0.23315501702110253
266313,0.26583371587257576
266314,0.6390617259261616
266315,0.33806318487780707
266316,0.7613773230737066
266317,0.8308752346366939
266318,0.28080501406683905
266319,0.7155180641847824
266320,0.7162861726835166
266321,0.6381209066407298
266322,0.01434408533730871
266323,0.4994795951295558
266324,0.3265733725417119
266325,0.8940010271746788
266326,0.5036064739274887
266327,0.8957599501865732
266328,0.34966207771076396
266329,0.13160561946359667
266330,0.3094477345344308
266331,0.2689061498675126
266332,0.7284850082492127
266333,0.6159457506328943
266334,0.4765999609128219
266335,0.2876180000999904
266336,0.3009167306757082
266337,0.45662004990432725
266338,0.7444880261429591
266339,0.9149263024893078
266340,0.42723649106221673
266341,0.30857509055953747
266342,0.9730434822130616
266343,0.7530599351880048
266344,0.41629662623113245
266345,0.6317033374087019
266346,0.2816276628140041
266347,0.39368060321514764
266348,0.0744519841287877
266349,0.6144913440080719
266350,0.8112498352429997
266351,0.8132314642693197
266352,0.21397502965626009
266353,0.8823521391139937
266354,0.10181300875825489
266355,0.9268251666886342
266356,0.2155112466537285
266357,0.022252421359779295
266358,0.3918625949341199
266359,0.7158953009030956
266360,0.6092691152208198
266361,0.3972166293217465
266362,0.7381613573249827
266363,0.6630367101322147
266364,0.9555406074874672
266365,0.6496243540389327
266366,0.6619959003913263
266367,0.14422259693392903
266368,0.10744428940873825
266369,0.7516464337495058
266370,0.6374618786388573
266371,0.2593025211229837
266372,0.573408901877548
266373,0.19788565636916478
266374,0.5040882461219611
266375,0.7765349671167753
266376,0.5266951790965408
266377,0.6184318769571996
266378,0.2873543888992414
266379,0.11671158662127706
266380,0.6330259384331496
266381,0.8591998036551057
266382,0.1449861604119607
266383,0.04607741988264757
266384,0.2693879220619849
266385,0.4152967216765672
266386,0.03507392476172729
266387,0.6369619263615747
266388,0.4005799446416478
266389,0.3856586416751128
266390,0.3414128651356007
266391,0.8730984769635626
266392,0.2624976706768899
266393,0.15358988460192438
266394,0.526281582212607
266395,0.3254871125937978
266396,0.8376155003386041
266397,0.5234500343149063
266398,0.23105067243581295
266399,0.3526572463537571
266400,0.8462964898805114
266401,0.23384586016789308
266402,0.2152476354529795
266403,0.022397862022261513
266404,0.0654801132619159
266405,0.14087746169683804
266406,0.41260152439994363
266407,0.32649156216906566
266408,0.8169265661005086
266409,0.08066048240849737
266410,0.8738620404415942
266411,0.7799437326437022
266412,0.5662459492502989
266413,0.9727889610537176
266414,0.2091027674631058
266415,0.19124992614341357
266416,0.7442425950250203
266417,0.706341667386295
266418,0.062175883211148024
266419,0.6923657287258944
266420,0.30225751178296617
266421,0.9080633212284281
266422,0.7052826775625963
266423,0.5799491866685452
266424,0.1975856850027952
266425,0.239154444348494
266426,0.056385526836074736
266427,0.43075433708600536
266428,0.9389967321301149
266429,0.6333440898823294
266430,0.26052058667127226
266431,0.07511101213066025
266432,0.6695769949232119
266433,0.03303321046627367
266434,0.048022688743347225
266435,0.6252085028247304
266436,0.8524504479117903
266437,0.8253393994209643
266438,0.6759582039896191
266439,0.9722753737143273
266440,0.19911281195885847
266441,0.3339363060798742
266442,0.3969575631417001
266443,0.5343399039182624
266444,0.8547729534908032
266445,0.4774635148463101
266446,0.18210534448984417
266447,0.1728789524636285
266448,0.3520073083932897
266449,0.35728407742897267
266450,0.006649365287858885
266451,0.7901427591002678
266452,0.7380250067039056
266453,0.3014075929115857
266454,0.08464646556465065
266455,0.9085360033814954
266456,0.97933833588612
266457,0.9596902113889129
266458,0.6331759241163344
266459,0.3463623926806986
266460,0.1445225683002986
266461,0.6215315810763519
266462,0.05832170565536926
266463,0.8876379981910818
266464,0.7835706591643525
266465,0.5692638429968049
266466,0.707059780657301
266467,0.6879070634166738
266468,0.9854832038759938
266469,0.9429327200585399
266470,0.7078687943423583
266471,0.2846319214984024
266472,0.6764127060598761
266473,0.31560623758641215
266474,0.30268928874971024
266475,0.9582948900332241
266476,0.536485153689875
266477,0.09816335713409174
266478,0.7910108580544585
266479,0.11937951377368523
266480,0.9348153130837512
266481,0.9801155344262593
266482,0.438335431617891
266483,0.6341121983810637
266484,0.18756391435362987
266485,0.5754132560073811
266486,0.5530926593370633
266487,0.3563387131228382
266488,0.8322841910544903
266489,0.8298980551856413
266490,0.4356220542584571
266491,0.564314315451707
266492,0.7221946995968567
266493,0.709000504497298
266494,0.4388490189572813
266495,0.5823489575995019
266496,0.17321528399561859
266497,0.8196081283150245
266498,0.05871712245649279
266499,0.5717908745074334
266500,0.5498656946382391
266501,0.12326096145367942
266502,0.6820621667931698
266503,0.07067052690425003
266504,0.9875966385026884
266505,0.6101463042164158
266506,0.2259193440626122
266507,0.2966353211738879
266508,0.2715013566886797
266509,0.27624181328145947
266510,0.34644874807404746
266511,0.4138832202380681
266512,0.19695847214584064
266513,0.14373173469805156
266514,0.7165906890705888
266515,0.30093491075851847
266516,0.36163820726203405
266517,0.013066934519886737
266518,0.893491984855991
266519,0.9036319260434231
266520,0.09641352416360256
266521,0.500302243876721
266522,0.9973957031374278
266523,0.4748137677767122
266524,0.6560191981674477
266525,0.7705173597065734
266526,0.39265797355706955
266527,0.40209343653560337
266528,0.3169788338385881
266529,0.7865658278073457
266530,0.5658868926147959
266531,0.7712854682053076
266532,0.5301766649547088
266533,0.18028279118811386
266534,0.2431495175460524
266535,0.6053285822716923
266536,0.05991246290126852
266537,0.10692615704864535
266538,0.9945414301362143
266539,0.9158443966712269
266540,0.8296026288399744
266541,0.7947605001340782
266542,0.14091382186245857
266543,0.9362197244808451
266544,0.07205221319783112
266545,0.6483290231387004
266546,0.24742638202717013
266547,0.6408751891864868
266548,0.3918762299962276
266549,0.22356956835938388
266550,0.3905899891374005
266551,0.5662595843124065
266552,0.4617059280705023
266553,0.02087073506619823
266554,0.10536266992696151
266555,0.642856818212807
266556,0.40829284477390787
266557,0.6892705696274446
266558,0.8405061335054381
266559,0.7637634589425555
266560,0.5757904927256944
266561,0.49737525054426623
266562,0.26826530194845033
266563,0.4368401198067457
266564,0.6421887001695293
266565,0.5678185264133878
266566,0.6682089436917384
266567,0.9061771376368619
266568,0.4987160316515241
266569,0.7996600324514479
266570,0.08570545538834928
266571,0.44164420668936144
266572,0.97737488694261
266573,0.5618463692102118
266574,0.857972648065412
266575,0.31107939696665315
266576,0.6677544416214816
266577,0.6044013980483681
266578,0.07217038373609791
266579,0.210820785288677
266580,0.25422573299821377
266581,0.7911199385513201
266582,0.07958785752269101
266583,0.48909422282418497
266584,0.8502097527054235
266585,0.7555460615123102
266586,0.5658187173042574
266587,0.301234882124888
266588,0.5465660096081738
266589,0.6273901127619637
266590,0.5420982542575482
266591,0.654960208343749
266592,0.19906281673113022
266593,0.4629239936187909
266594,0.3711009403647833
266595,0.6588916512514714
266596,0.7665041064262048
266597,0.5841715109012322
266598,0.4899032365092423
266599,0.7899609582721651
266600,0.20353511710245842
266601,0.5966930429368106
266602,0.33166379572858956
266603,0.7443471305011795
266604,0.5096286263583931
266605,0.9620672572163567
266606,0.40352057303621014
266607,0.9377332163748006
266608,0.7633862222242422
266609,0.965925979792838
266610,0.2810686252675881
266611,0.8212625158507597
266612,0.7759532044668463
266613,0.9725980701842096
266614,0.19204075974566065
266615,0.35063471214111375
266616,0.07948332204653191
266617,0.027697356161457316
266618,0.9406965698728759
266619,0.790679071543171
266620,0.7153089932324642
266621,0.629517182450766
266622,0.1033355906936156
266623,0.49911144845264765
266624,0.9652805868530732
266625,0.6528922239240801
266626,0.261915908026961
266627,0.39499411419819014
266628,0.8297344344403489
266629,0.4375900482226696
266630,0.8672217651951405
266631,0.8604542293690147
266632,0.33964030706159865
266633,0.6741129255843761
266634,0.3995482249421646
266635,0.09025502111162116
266636,0.9746069693347453
266637,0.22818276437249171
266638,0.8040777925743453
266639,0.020566218679126086
266640,0.10783061616845664
266641,0.06810713522800095
266642,0.11231655160189254
266643,0.9045091150390191
266644,0.16950200208161947
266645,0.5157780393689694
266646,0.14626331122938266
266647,0.6863890265020157
266648,0.7700946727812346
266649,0.5173369814699506
266650,0.9202712468355294
266651,0.013798682853000396
266652,0.5569377468514369
266653,0.30960226523831813
266654,0.8396607596547603
266655,0.7073733870857782
266656,0.8275528245031156
266657,0.7332754600697206
266658,0.5541698292435722
266659,0.08226032969580176
266660,0.943100885824535
266661,0.08546911431181568
266662,0.10198117452424994
266663,0.4138059548861245
266664,0.6377254898396063
266665,0.9016548420378055
266666,0.7190450002499761
266667,0.5920253066752719
266668,0.05582194426895614
266669,0.6545966066875435
266670,0.6526377027647361
266671,0.6004563200785379
266672,0.1434726685180051
266673,0.36410615350352915
266674,0.10263111248471736
266675,0.8723576385890438
266676,0.9803336954199826
266677,0.4202962444493934
266678,0.48409924507206126
266679,0.8099545043427673
266680,0.34778043913990025
266681,0.19186804895896303
266682,0.9797428427286486
266683,0.43935806127596905
266684,0.5601647115502612
266685,0.5632916857936288
266686,0.9548724894441895
266687,0.778321160252885
266688,0.5341308329659441
266689,0.9568223033255917
266690,0.8226987423927716
266691,0.6888706078056186
266692,0.8848791706246222
266693,0.5486658091727608
266694,0.5940251157844024
266695,0.21553851677794392
266696,0.26512469264297495
266697,0.566150503815545
266698,0.9233936760581946
266699,0.15541698292435724
266700,0.09698619677212629
266701,0.7469105221774286
266702,0.1396366710450366
266703,0.811245290222297
266704,0.4744274410169938
266705,0.021825189413737782
266706,0.6648728984960527
266707,0.9024093154744319
266708,0.4110653074024752
266709,0.7084278318887742
266710,0.8585907708809614
266711,0.9672985760450139
266712,0.2964989705528108
266713,0.6459201621663386
266714,0.7116684316497062
266715,0.22119252253194016
266716,0.6765808718258711
266717,0.4882397589321019
266718,0.5161643661286878
266719,0.9402511578440239
266720,0.7205584921439318
266721,0.6081919453143109
266722,0.9724344494389172
266723,0.09009140036632866
266724,0.8568591179932825
266725,0.9737615954840675
266726,0.15535789765522384
266727,0.731339281250426
266728,0.18432785961340056
266729,0.8253530344830721
266730,0.5042427768258484
266731,0.2861408683716554
266732,0.06350302925629825
266733,0.9175896846210134
266734,0.855481976720404
266735,0.3018302798369246
266736,0.8910104035523881
266737,0.12311097577049462
266738,0.23543661741379232
266739,0.32772326277946195
266740,0.31263379404693187
266741,0.3036210179937369
266742,0.862563118975007
266743,0.6257130001227156
266744,0.953199921825644
266745,0.9259434326723359
266746,0.03243781275423709
266747,0.778057549052136
266748,0.8147313211011676
266749,0.7011012585162326
266750,0.708050595170461
266751,0.36559692029397195
266752,0.08722803732371
266753,0.5345898800569037
266754,0.38789024684007434
266755,0.7360024724912623
266756,0.7735397984737821
266757,0.06691179478322523
266758,0.6498697851568714
266759,0.7369796519423146
266760,0.0587898427877339
266761,0.35866121870185114
266762,0.5972384454211189
266763,0.09351380095536335
266764,0.5852441357870386
266765,0.9059635216638412
266766,0.4441576031378822
266767,0.07807436562873543
266768,0.7314392717058826
266769,0.8797023920443957
266770,0.993805136782398
266771,0.41845551106485285
266772,0.13759141172888043
266773,0.3945986973970666
266774,0.9397830207116593
266775,0.4586244040341603
266776,0.7204266865435572
266777,0.8112316551601892
266778,0.9824880352330004
266779,0.7678403425127601
266780,0.4445939251253289
266781,0.7926107053417628
266782,0.5308765981429046
266783,0.22287418019189079
266784,0.686175410528995
266785,0.5106921612027944
266786,0.6558283072979398
266787,0.5443662195881303
266788,0.6637320982997077
266789,0.7440607941969176
266790,0.8520595761313693
266791,0.07441107894246457
266792,0.1010721703837361
266793,0.05548561273696601
266794,0.6781170888233397
266795,0.18579135627962784
266796,0.8294890033224102
266797,0.46289672349457545
266798,0.3388585635007567
266799,0.8623449579812836
266800,0.30733884492843866
266801,0.04478663400311788
266802,0.7452924948073139
266803,0.21155707864249323
266804,0.48527186041332415
266805,0.7475240999722754
266806,0.7774712413815045
266807,0.462342230968862
266808,0.4784679644215779
266809,0.37320528495007294
266810,0.6729812154294363
266811,0.3954758863926625
266812,0.7479695120011272
266813,0.3096386254039387
266814,0.366978606587553
266815,0.4122833729507638
266816,0.9806109416828395
266817,0.42089618718213256
266818,0.660564218870017
266819,0.514314542702742
266820,0.06595279541498311
266821,0.2306098054276637
266822,0.0379736479699665
266823,0.8153130837510965
266824,0.8844792088027962
266825,0.891687611637071
266826,0.3515846214679508
266827,0.04884533749051227
266828,0.8035323900900369
266829,0.1265651915044473
266830,0.675158280345967
266831,0.25707546097872475
266832,0.9861604119606765
266833,0.8080137805027702
266834,0.5388258393516983
266835,0.7808800069084315
266836,0.6698769662895815
266837,0.6770399189168307
266838,0.4268001690747701
266839,0.4767226764717913
266840,0.8951690974952391
266841,0.2654382990714522
266842,0.17528326841528763
266843,0.7975329627626454
266844,0.3480122351957313
266845,0.7822207880156894
266846,0.6182364410669892
266847,0.5306129869421555
266848,0.7500511314829039
266849,0.5278541593756959
266850,0.7229355379713756
266851,0.021807009330927503
266852,0.9747887701628482
266853,0.35157098640584306
266854,0.6128460465137419
266855,0.6668954327086961
266856,0.2060212434267638
266857,0.7734943482667563
266858,0.403447852704969
266859,0.11542989078315252
266860,0.7256080101444863
266861,0.2026761081896728
266862,0.5068107135228002
266863,0.7589820971634526
266864,0.35549333927216037
266865,0.11130755700592215
266866,0.7912835592966126
266867,0.47866340031178845
266868,0.7859340699296885
266869,0.4471345916980652
266870,0.9780657300894006
266871,0.16631139754841584
266872,0.8114043659468869
266873,0.17654223914989933
266874,0.03860086082692107
266875,0.6526967880338694
266876,0.17290622258784388
266877,0.015048563546206952
266878,0.8903286504470028
266879,0.4088746074238368
266880,0.6707541552851773
266881,0.5255271087759805
266882,0.8021097986101328
266883,0.7121365687820709
266884,0.699260525131692
266885,0.2506942519123175
266886,0.5801491675794583
266887,0.11933406356665953
266888,0.15892573890674072
266889,0.10828057321801099
266890,0.583898809659078
266891,0.2828684534658055
266892,0.742642747737716
266893,0.5965112421087078
266894,0.35806127596911197
266895,0.8453920307607001
266896,0.5183505210866236
266897,0.23823635016657502
266898,0.025829352652701334
266899,0.5691184023343228
266900,0.0482635748405834
266901,0.3339317610591716
266902,0.035710227660086996
266903,0.11031219747205948
266904,0.12390180937274169
266905,0.003049708891424
266906,0.3894855491066762
266907,0.3676694497343435
266908,0.38074547429563543
266909,0.10394007844705733
266910,0.31252471355007017
266911,0.3329364015253089
266912,0.11526172501715745
266913,0.39894828220942546
266914,0.410624440394326
266915,0.3148426741083805
266916,0.6801168979324701
266917,0.29063589384649646
266918,0.36354257093641057
266919,0.6440839738025007
266920,0.7544643465850988
266921,0.8362610841692384
266922,0.2807368387563005
266923,0.1894137377795756
266924,0.5762586298580591
266925,0.02561573667968058
266926,0.13404629558087638
266927,0.2120206707541553
266928,0.4275046472836684
266929,0.7408747346844166
266930,0.32976397707491556
266931,0.5260134259911554
266932,0.1409865421936997
266933,0.766585916798851
266934,0.9098722394680507
266935,0.4782225333036392
266936,0.4977888474282
266937,0.5587603001531672
266938,0.7316847028238214
266939,0.9071406820258067
266940,0.4817403793274278
266941,0.16515241726926067
266942,0.9683712009308202
266943,0.28730439367151317
266944,0.8302025715727135
266945,0.08994141468314387
266946,0.8233441353325365
266947,0.3157471332281918
266948,0.9050227023784093
266949,0.8863653923943623
266950,0.43540843828543635
266951,0.0634666690906777
266952,0.500606760263793
266953,0.33161834552156383
266954,0.10710341285604555
266955,0.9048590816331169
266956,0.8256848209943597
266957,0.24835811127119684
266958,0.49362560846464654
266959,0.9166488653355817
266960,0.21466132778234806
266961,0.5320264883806546
266962,0.5265497384340586
266963,0.4979842833184105
266964,0.06508924148149493
266965,0.2823685011885229
266966,0.9943641743288142
266967,0.6740083901082169
266968,0.5959840197072098
266969,0.2616704769090223
266970,0.04605923979983729
266971,0.524749910235841
266972,0.4546384208780071
266973,0.39710754882488486
266974,0.197967466741811
266975,0.024074974661509586
266976,0.5979565586921249
266977,0.5305084514659965
266978,0.23417764667918062
266979,0.1266379118356884
266980,0.4316587962058167
266981,0.13073297548870336
266982,0.15144917985101422
266983,0.5120874825584831
266984,0.5676140004817722
266985,0.07861522309234117
266986,0.7571050036132916
266987,0.36771035492066667
266988,0.15528517732398273
266989,0.23757732216470245
266990,0.23439580767290397
266991,0.7019693574704233
266992,0.3922807368387563
266993,0.5496611687066235
266994,0.1966812258829839
266995,0.3862358593043391
266996,0.20076719949459368
266997,0.33078660673299365
266998,0.12314733593611518
266999,0.387999327336936
267000,0.19613582339867558
267001,0.46217861022356954
267002,0.9489548724894442
267003,0.6410751700973999
267004,0.13610518995914028
267005,0.9752705423573205
267006,0.3175696865299221
267007,0.56435522063803
267008,0.4005072243104067
267009,0.5454706596188545
267010,0.1293512891951223
267011,0.738452238649947
267012,0.6150912867408111
267013,0.7011694338267711
267014,0.9366651365096968
267015,0.2113843678557956
267016,0.6039832561437318
267017,0.8118043277687129
267018,0.5767767622181519
267019,0.815013112384727
267020,0.6863163061707747
267021,0.27561914544520744
267022,0.03804182328050504
267023,0.9437144636193818
267024,0.9058953463533026
267025,0.42080074174737864
267026,0.037041918725939794
267027,0.12654701142163702
267028,0.30696615323082793
267029,0.6101144890714978
267030,0.8643084069247936
267031,0.1637389158307616
267032,0.1460178801114439
267033,0.020257157271351373
267034,0.994650510633076
267035,0.15886665363760732
267036,0.31521536580599124
267037,0.7750941955540608
267038,0.35860667845342037
267039,0.7200903550115672
267040,0.17631498811477087
267041,0.8896196272174021
267042,0.9831425182141704
267043,0.40746565100604026
267044,0.3234191281741288
267045,0.16105735361624574
267046,0.37066461837733666
267047,0.4949618445512019
267048,0.9248798978279347
267049,0.765890528631358
267050,0.9642079619672668
267051,0.3166652274101108
267052,0.1286559010276292
267053,0.38750392008035595
267054,0.7219719935824308
267055,0.1057217265624645
267056,0.29568086682634837
267057,0.7126228859972458
267058,0.7796074011117121
267059,0.03124247230946137
267060,0.6609141854641148
267061,0.08273301184886896
267062,0.9329791247199132
267063,0.7077960740111171
267064,0.9522409224574019
267065,0.9857059098904195
267066,0.6073283913808227
267067,0.48873971120938453
267068,0.3486212679698756
267069,0.07579731025674821
267070,0.13573704328223216
267071,0.30068493461987716
267072,0.7518964098881471
267073,0.5748178582953446
267074,0.38972189018320974
267075,0.381604483208421
267076,0.48773071661341416
267077,0.6383390676344531
267078,0.6005563105339945
267079,0.5676458156266903
267080,0.5268360747383205
267081,0.44933892673881126
267082,0.7314347266851801
267083,0.5043791274469256
267084,0.47555006113052845
267085,0.7328845882892997
267086,0.9204212325187141
267087,0.206821167070416
267088,0.1482449402557029
267089,0.5650642438676309
267090,0.1077033555887847
267091,0.26160230159848374
267092,0.1039718935919753
267093,0.7137318710486726
267094,0.3060980542766372
267095,0.9790110943955349
267096,0.09515000840828829
267097,0.11372550801968902
267098,0.9746387844796633
267099,0.32834138559501136
267100,0.5396757582230788
267101,0.1251925952522714
267102,0.5513837315528972
267103,0.2145795174097018
267104,0.996982106253494
267105,0.3490166847709991
267106,0.3776775853214011
267107,0.929856695497248
267108,0.24541293785593196
267109,0.3311229382649838
267110,0.5941478313433718
267111,0.04014162284509206
267112,0.175078742483672
267113,0.547111412092482
267114,0.44293499256889113
267115,0.743801728016871
267116,0.7126774262456765
267117,0.2535439798928284
267118,0.3276959926552465
267119,0.43686738993096114
267120,0.5509110493998302
267121,0.39135355261543214
267122,0.7955240636121098
267123,0.021407047509101405
267124,0.07871975856850028
267125,0.8247621817917381
267126,0.4704141877366251
267127,0.349039409874512
267128,0.7582730739338518
267129,0.39368060321514764
267130,0.3451625072152203
267131,0.7241536035196641
267132,0.914608151040128
267133,0.7566277764395216
267134,0.4932756418705487
267135,0.10501270333286368
267136,0.9656078283436581
267137,0.8703850996041287
267138,0.22016534785315947
267139,0.7394975934115381
267140,0.9020048086319034
267141,0.3679194258729849
267142,0.7055371987219402
267143,0.5647824525840716
267144,0.7566914067293576
267145,0.7358479417873748
267146,0.6329395830398008
267147,0.833606792078938
267148,0.8516777943923535
267149,0.8174492434813041
267150,0.83292049395285
267151,0.0
267152,0.7369160216524787
267153,0.8047822707832435
267154,0.6756127824162239
267155,0.23865449207121137
267156,0.12690606805714
267157,0.8827339208530095
267158,0.0024315860758745756
267159,0.5701546670545085
267160,0.7924425395757678
267161,0.12833774957844932
267162,0.3374132469173397
267163,0.8087455288358838
267164,0.29649442553210825
267165,0.48051776875843666
267166,0.21365687820708024
267167,0.7674040205253135
267168,0.3578067548097681
267169,0.2427222856000109
267170,0.565400575399621
267171,0.6185818626403843
267172,0.6771626344758
267173,0.7916835211184388
267174,0.7708764163420765
267175,0.5038928102317507
267176,0.9385240499770476
267177,0.5607919244072157
267178,0.14289090586807623
267179,0.8978279346062421
267180,0.07274760136532421
267181,0.7250716977015831
267182,0.6762536303352862
267183,0.24365401484403762
267184,0.4681644024888533
267185,0.17630135305266317
267186,0.12752419087268943
267187,0.11684339222165156
267188,0.5412574254275728
267189,0.7260079719663124
267190,0.44709823153244466
267191,0.1394594152376364
267192,0.16011653433081388
267193,0.5142963626199318
267194,0.1087850705159962
267195,0.6988923784547839
267196,0.10737611409819971
267197,0.2228378200262702
267198,0.9623535935206184
267199,0.266801805282223
267200,0.23152789960958273
267201,0.49243026801987083
267202,0.3041300603124247
267203,0.3553160834647602
267204,0.08005144963435308
267205,0.25914799041909636
267206,0.5542925448025416
267207,0.09967230400734474
267208,0.5532517350616533
267209,0.4078747028692716
267210,0.7249080769562906
267211,0.7883156607778349
267212,0.48792160748292207
267213,0.08828702714740864
267214,0.12149294840037995
267215,0.6738856745492475
267216,0.191899864103881
267217,0.6032878679762386
267218,0.764349766613187
267219,0.9108039687120775
267220,0.7603137882293054
267221,0.4765408756436885
267222,0.9587993873312094
267223,0.3701192158930284
267224,0.1153117202448857
267225,0.996423068707078
267226,0.9753614427713718
267227,0.8155448798069276
267228,0.887097140727476
267229,0.7544461665022885
267230,0.6968516641593303
267231,0.5378941101076716
267232,0.7822207880156894
267233,0.6836438339976639
267234,0.5171233654969298
267235,0.48234941210157206
267236,0.7388931056580963
267237,0.5954886124506298
267238,0.5302993805136782
267239,0.2671154117107003
267240,0.5390076401798011
267241,0.4241958722121979
267242,0.09529999409147308
267243,0.39250798787388474
267244,0.5550197481149527
267245,0.1897409792701606
267246,0.610882597570232
267247,0.7682084891896683
267248,0.4671644979342881
267249,0.409642715922571
267250,0.5414528613177834
267251,0.6221996991196296
267252,0.4268138041368778
267253,0.79980547311393
267254,0.9105494475527336
267255,0.7956285990882689
267256,0.7037191904409126
267257,0.7653905763540754
267258,0.4061839551679158
267259,0.9448461737743216
267260,0.4978161175524154
267261,0.4012935128919512
267262,0.4499252344094427
267263,0.45403847814526793
267264,0.6023834088564274
267265,0.016162093618336433
267266,0.34564882443039524
267267,0.8061775921389323
267268,0.7613682330323015
267269,0.5367033146835984
267270,0.7692538439512593
267271,0.6206998422877816
267272,0.7815026747446835
267273,0.8227487376204998
267274,0.9734752591798056
267275,0.8179446507378841
267276,0.9778384790542721
267277,0.9313111021220701
267278,0.742706378027552
267279,0.6447202767008604
267280,0.5293903763731644
267281,0.9962685380031907
267282,0.17982374409715435
267283,0.441353325364397
267284,0.4826402934265366
267285,0.23170061039628034
267286,0.2617977374886943
267287,0.9527545097967921
267288,0.8499325064425669
267289,0.791733516346167
267290,0.6236995559514774
267291,0.4542793642425041
267292,0.7575640507042509
267293,0.5252225923889083
267294,0.5313038300889461
267295,0.09170942773644333
267296,0.271065034701233
267297,0.5439708027870067
267298,0.3017575595056835
267299,0.7530508451465997
267300,0.2473263915717136
267301,0.16848391744424396
267302,0.04310497634316725
267303,0.9802927902336596
267304,0.011276196363074434
267305,0.5477886201771649
267306,0.950182028079138
267307,0.8900468591634435
267308,0.8337204175965022
267309,0.12302916539784838
267310,0.9612627885520019
267311,0.575276905386304
267312,0.6187500284063794
267313,0.5677548961235519
267314,0.7634498525140783
267315,0.5304220960726477
267316,0.707068870698706
267317,0.6638729939414875
267318,0.7208993686966244
267319,0.08685534562609931
267320,0.6103917353343544
267321,0.6379845560196528
267322,0.34002208880061446
267323,0.0844283045709273
267324,0.3001258970734611
267325,0.7196903931897409
267326,0.8339703937351435
267327,0.054172101753923486
267328,0.8004326859708847
267329,0.30980679116993376
267330,0.9348880334149923
267331,0.9319837651860505
267332,0.8265892801141709
267333,0.8868471645888347
267334,0.7597138454965663
267335,0.0749110312197472
267336,0.02268419832652338
267337,0.4592652519532226
267338,0.34928484099245066
267339,0.09707709718617769
267340,0.9748569454733866
267341,0.6069784247867249
267342,0.18672308552365455
267343,0.9275205548561274
267344,0.2147704082792097
267345,0.996191272651247
267346,0.6798623767731262
267347,0.4783225237590957
267348,0.2635884756455066
267349,0.8019916280718659
267350,0.3661923180060085
267351,0.7917789665531927
267352,0.1883456579144718
267353,0.953336272446721
267354,0.7304075520063994
267355,0.45391576258629857
267356,0.15111739333972668
267357,0.8371382731648342
267358,0.16014834947573187
267359,0.4437076460883279
267360,0.3006167593093386
267361,0.30988405652187745
267362,0.12420178073911126
267363,0.3766822257875384
267364,0.16371619072724877
267365,0.24993068843428584
267366,0.31450179755568786
267367,0.17431972402634294
267368,0.17115184459665214
267369,0.3457169997409338
267370,0.44192599797292076
267371,0.48286299944096245
267372,0.3921171160934638
267373,0.2081255880120534
267374,0.15060835102103892
267375,0.19520863917535144
267376,0.018798205625826625
267377,0.9892919312247468
267378,0.7683721099349607
267379,0.7209448189036501
267380,0.3709009594538703
267381,0.2906268038050913
267382,0.138250439730753
267383,0.27861431408820064
267384,0.6940882915721682
267385,0.9273614791315375
267386,0.2233604974070657
267387,0.6649910690343195
267388,0.7387976602233424
267389,0.3758550320196708
267390,0.4344358038550865
267391,0.9091314010935321
267392,0.9480595034110381
267393,0.2027806436658319
267394,0.3539616672953945
267395,0.6566145958794842
267396,0.5339990273655697
267397,0.1475586421296149
267398,0.5207639270796879
267399,0.5336808759163899
267400,0.7864203871448635
267401,0.4527204221415228
267402,0.3105294494616423
267403,0.5666322760100172
267404,0.5073197558414879
267405,0.8478645220228979
267406,0.979138354975207
267407,0.15311720244885718
267408,0.9227528281391322
267409,0.9629035410256295
267410,0.19545861531399275
267411,0.423382313506438
267412,0.3948623085978157
267413,0.44685734543520844
267414,0.37757304984524204
267415,0.6308715986201318
267416,0.23697737943196331
267417,0.9595038655401076
267418,0.6343121792919767
267419,0.484703732825503
267420,0.25701637570959135
267421,0.5854304816358439
267422,0.41931906499834104
267423,0.5213865949159399
267424,0.26950609260025177
267425,0.9244844810268111
267426,0.4494934574426986
267427,0.03641470586898524
267428,0.5930115761677295
267429,0.6717722399225529
267430,0.7555824216779308
267431,0.10082219424509478
267432,0.3990437276441794
267433,0.525227137409611
267434,0.5502338413151473
267435,0.06816167547643179
267436,0.039832561437317344
267437,0.40066630003499665
267438,0.9513682784825086
267439,0.12450175210548083
267440,0.09183668831611529
267441,0.2225469387013058
267442,0.1349916598870108
267443,0.6596870298744211
267444,0.540875643688557
267445,0.16010744428940876
267446,0.2403543298139723
267447,0.9281750378372974
267448,0.6768717531508356
267449,0.5251998672853955
267450,0.43719917644224865
267451,0.8343067252671337
267452,0.9478458874380173
267453,0.5974384263320319
267454,0.21522945537016921
267455,0.8260984178782934
267456,0.6521559305702638
267457,0.5375168733893583
267458,0.07766531376550419
267459,0.36010199026456563
267460,0.8323841815099469
267461,0.5091286740811105
267462,0.19742660927820527
267463,0.7241808736438795
267464,0.27118320523949985
267465,0.681257698128815
267466,0.18950918321432955
267467,0.23466396389435557
267468,0.8403970530085765
267469,0.2998759209348198
267470,0.03570568263938442
267471,0.9886419932642794
267472,0.6622140613850496
267473,0.013466896341712836
267474,0.7246126506106236
267475,0.3067070870507815
267476,0.21310238568136677
267477,0.017161998172901677
267478,0.8675944568927512
267479,0.17141545579740117
267480,0.7720490316833394
267481,0.13861404138695851
267482,0.5168370291926679
267483,0.2062030442548666
267484,0.9376559510228569
267485,0.6656728221397049
267486,0.15597147545007067
267487,0.8067957149544815
267488,0.0359011185295949
267489,0.763168061230519
267490,0.32986396753037206
267491,0.7413655969202939
267492,0.3274278364337949
267493,0.8034142195517701
267494,0.9806018516414343
267495,0.3753141745560651
267496,0.3401629844423941
267497,0.9955004295044564
267498,0.6962153612609705
267499,0.8448920784834175
267500,0.268342567300394
267501,0.6003699646851892
267502,0.795605873984756
267503,0.9750251112393817
267504,0.42697742488217033
267505,0.03123338226805623
267506,0.10579899191440816
267507,0.10204025979338335
267508,0.08880515950750155
267509,0.9284295589966413
267510,0.03198331068398017
267511,0.5463069434281274
267512,0.04949527545097968
267513,0.16825666640911552
267514,0.8738938555865122
267515,0.5040700660391508
267516,0.9459097086187228
267517,0.9258843474032024
267518,0.9808336476972652
267519,0.16411615254907488
267520,0.5546425113966394
267521,0.3956758673035755
267522,0.5071243199512774
267523,0.39957549506638
267524,0.4753864403852359
267525,0.7222719649488003
267526,0.8515687138954918
267527,0.8055594693233827
267528,0.29192667972602615
267529,0.6364665191049945
267530,0.6700224069520637
267531,0.7860795105921707
267532,0.844919348607633
267533,0.24271319555860577
267534,0.7324346312397453
267535,0.21426136596052198
267536,0.8373473441171525
267537,0.7697447061871366
267538,0.17743760822830548
267539,0.19623581385413214
267540,0.8999686393571523
267541,0.505429027229219
267542,0.41808736438794475
267543,0.5136873298457875
267544,0.9742660927820527
267545,0.7505647188222943
267546,0.8415378532049214
267547,0.1681066807259307
267548,0.28845882892996577
267549,0.8917330618440967
267550,0.7199721844733002
267551,0.6398934647147317
267552,0.056671863140336606
267553,0.6831211566168685
267554,0.6265629189940961
267555,0.05191322646474655
267556,0.6558419423600474
267557,0.715363533480895
267558,0.860040632485081
267559,0.86276309988592
267560,0.009194576881297694
267561,0.5270178755664233
267562,0.08532821867003604
267563,0.8869017048372656
267564,0.9940414778589317
267565,0.8746710541266516
267566,0.5569241117893292
267567,0.6313806409388195
267568,0.7835570241022448
267569,0.49268024415851214
267570,0.5364578835656597
267571,0.9846878252530441
267572,0.7391930770244659
267573,0.442503215602147
267574,0.7693129292203926
267575,0.8216897477968013
267576,0.6444521204794088
267577,0.04520932092845683
267578,0.4859581585394121
267579,0.7835615691229474
267580,0.6604869535180733
267581,0.7761031901500312
267582,0.20053994845946524
267583,0.3771639979820108
267584,0.28634539430327105
267585,0.5862622204244141
267586,0.8617359252071394
267587,0.4863217601956176
267588,0.7983465214684053
267589,0.7917380613668695
267590,0.47146408751891866
267591,0.010221751560078355
267592,0.5472432176928567
267593,0.874266547284123
267594,0.8260438776298626
267595,0.137564141604665
267596,0.43734916212543345
267597,0.2859636125642552
267598,0.4203871448634448
267599,0.4682643929443098
267600,0.9923734552610888
267601,0.4922439221710655
267602,0.11796601233518618
267603,0.09896328077774394
267604,0.39620763472577614
267605,0.44997068461646844
267606,0.5198003826907432
267607,0.406624822176065
267608,0.28964507933333633
267609,0.7835888392471628
267610,0.6758263983892447
267611,0.6112189291022221
267612,0.7795165006976608
267613,0.025488476100008636
267614,0.9304430031678795
267615,0.29785793174287906
267616,0.10478090727703264
267617,0.2856454611150753
267618,0.5406620277155363
267619,0.80357329527636
267620,0.2476990832693243
267621,0.3626108416923839
267622,0.823675921843824
267623,0.4469482458492598
267624,0.2987123956349621
267625,0.7469696074465619
267626,0.987792074392899
267627,0.09286386299489593
267628,0.9573449807063871
267629,0.593829679894192
267630,0.28773617063825724
267631,0.3097113457351798
267632,0.6962199062816732
267633,0.031087941605574012
267634,0.6855845578376609
267635,0.4269683348407652
267636,0.9979274705596284
267637,0.24295408165584192
267638,0.8478508869607901
267639,0.6808940964726095
267640,0.8962735375259635
267641,0.47988601088077953
267642,0.3198103817362888
267643,0.3337635952931765
267644,0.5422573299821382
267645,0.6910431277014467
267646,0.7081778557501329
267647,0.3575567786711268
267648,0.09317746942337321
267649,0.12700605851259653
267650,0.00753109930415733
267651,0.6609869057953559
267652,0.42543211784329676
267653,0.960217433790411
267654,0.8023097795210457
267655,0.8964598833747688
267656,0.10046313760959182
267657,0.10745792447084597
267658,0.9315928934056295
267659,0.2611341644661191
267660,0.27939151262834
267661,0.29781702655655595
267662,0.2765008794615059
267663,0.5112466537285077
267664,0.2990578172083574
267665,0.03730098490598625
267666,0.1199476413615064
267667,0.7015784856900024
267668,0.9375241454224824
267669,0.6690724976252268
267670,0.7410838056367347
267671,0.10919866739993
267672,0.1822326050695161
267673,0.10542630021679748
267674,0.6176955836033834
267675,0.8432240558855746
267676,0.37065552833593157
267677,0.7836433794955936
267678,0.1838142722740102
267679,0.5344853445807446
267680,0.743265415573968
267681,0.43122701923907264
267682,0.3441944178055731
267683,0.9643352225469387
267684,0.8322114707232492
267685,0.10181300875825489
267686,0.853023120520314
267687,0.521004813176924
267688,0.5329945777903018
267689,0.03268324387217584
267690,0.4700005908526913
267691,0.44058067184496025
267692,0.8732984578744757
267693,0.591211747969512
267694,0.6489698710577626
267695,0.5783038891742152
267696,0.46385117784211505
267697,0.8545047972693516
267698,0.377668495279996
267699,0.9452597706582554
267700,0.46729175851396
267701,0.9798791933497257
267702,0.7994736866026425
267703,0.36633775866849067
267704,0.7989237390976317
267705,0.577853932124661
267706,0.8629721708382382
267707,0.3385722271964948
267708,0.2873771140027543
267709,0.16044832084210145
267710,0.1517218810931684
267711,0.5686775353261735
267712,0.32231923316410704
267713,0.0773380722749192
267714,0.43473577522145607
267715,0.7109139582130797
267716,0.9062725830716158
267717,0.1570486453565796
267718,0.8426468382563483
267719,0.3182514396353075
267720,0.30846146504197325
267721,0.5988928329568541
267722,0.4497525236227451
267723,0.815117647860886
267724,0.3270187845705637
267725,0.08575090559537497
267726,0.6468018961826372
267727,0.6986242222333323
267728,0.7835842942264603
267729,0.564577926652456
267730,0.5542334595334082
267731,0.6597188450193391
267732,0.18654128469555178
267733,0.30000772653519436
267734,0.23267778984733276
267735,0.20323060071538626
267736,0.5030110762154523
267737,0.9624990341831007
267738,0.19900373146199682
267739,0.08226487471650433
267740,0.023997709309565907
267741,0.6840528858608952
267742,0.9033455897391612
267743,0.0868144404397762
267744,0.041114257275441886
267745,0.31185205048608994
267746,0.6695906299853196
267747,0.6335349807518373
267748,0.35851577803936896
267749,0.4050795151371914
267750,0.42575935933388176
267751,0.4245185686820803
267752,0.4988569272933038
267753,0.11693429263570296
267754,0.8615041291513083
267755,0.7673176651319648
267756,0.04210052676789943
267757,0.7840433413174197
267758,0.5475386440385236
267759,0.039019002731557444
267760,0.052781325418937285
267761,0.9413465078333432
267762,0.4876216361165525
267763,0.03240145258861654
267764,0.6149503910990315
267765,0.2739647579094722
267766,0.829057226355666
267767,0.16914749046681907
267768,0.30098036096554415
267769,0.5938933101840279
267770,0.5177233082296689
267771,0.16014834947573187
267772,0.020802559755659686
267773,0.26730175755950564
267774,0.7569095677230809
267775,0.9597492966580463
267776,0.41141072897587044
267777,0.47827707355207
267778,0.08631903318319616
267779,0.8973052572254467
267780,0.3695238181809918
267781,0.7761986355847851
267782,0.18247349116675227
267783,0.43992618886379026
267784,0.5402575208730076
267785,0.5438980824557657
267786,0.5836897387067599
267787,0.41641025174869667
267788,0.021066170956408708
267789,0.450175210548084
267790,0.08552819958094908
267791,0.45074333813590517
267792,0.10581262697651588
267793,0.08924602651565076
267794,0.7191813508710532
267795,0.06608914603606018
267796,0.5362669926961517
267797,0.8420605305857168
267798,0.6526422477854388
267799,0.3455079287886156
267800,0.6625867530826602
267801,0.6711359370241932
267802,0.17500147713172834
267803,0.32701423954986114
267804,0.014966753173560705
267805,0.9636716495243637
267806,0.6551920043995801
267807,0.3318592316188
267808,0.6976015925752542
267809,0.03413765049699802
267810,0.465846441930543
267811,0.5892437540052995
267812,0.6938883106612551
267813,0.9437917289713255
267814,0.1825871166843165
267815,0.27578276619049996
267816,0.07981965357852204
267817,0.3018711850232478
267818,0.019075451888683353
267819,0.30345739724844445
267820,0.24089973229828063
267821,0.80111443907627
267822,0.6296308079683303
267823,0.8208034687598003
267824,0.692243013166925
267825,0.5424936710586717
267826,0.2669427009240027
267827,0.1906727085141873
267828,0.011221656114643602
267829,0.8488826066602734
267830,0.014430440730657527
267831,0.8510369464732912
267832,0.9406238495416347
267833,0.3681512219288159
267834,0.9673349362106345
267835,0.13852314097290713
267836,0.9094768226669272
267837,0.2882588480190527
267838,0.17361979083814727
267839,0.21027083778366612
267840,0.5771221837915472
267841,0.8937056008290117
267842,0.27061962267238127
267843,0.3303730098490599
267844,0.08336476972652611
267845,0.7274351084669191
267846,0.2311188477463515
267847,0.8089682348503098
267848,0.7269942414587699
267849,0.572027215583967
267850,0.2547347753169016
267851,0.7155498793297004
267852,0.37432336004290495
267853,0.2041577849387104
267854,0.8564546111507538
267855,0.4924348130405734
267856,0.6844846628276392
267857,0.2915358079456052
267858,0.9062407679266979
267859,0.3902627476468155
267860,0.8826884706459839
267861,0.8738029551724609
267862,0.2322141977356707
267863,0.12947854977479423
267864,0.9882874816494789
267865,0.10922139250344284
267866,0.6764263411219839
267867,0.6342530940228432
267868,0.8477872566709541
267869,0.2868589816426613
267870,0.7214947664086611
267871,0.21021175251453272
267872,0.8208307388840156
267873,0.5566286854436622
267874,0.9978547502283873
267875,0.3828770890051404
267876,0.7948377654860218
267877,0.24043614018661855
267878,0.3706737084187418
267879,0.7989646442839548
267880,0.5590511814781317
267881,0.21859731571077307
267882,0.18590952681789466
267883,0.09708164220688024
267884,0.036282900268610724
267885,0.4393398811931588
267886,0.9319201348962145
267887,0.6354575245090242
267888,0.06842074165647824
267889,0.47645452025033974
267890,0.23025074879216076
267891,0.044763908899605034
267892,0.23824089518727756
267893,0.3669513364633376
267894,0.20385326855163827
267895,0.419614491344008
267896,0.2404725003522391
267897,0.458501688475191
267898,0.8615541243790366
267899,0.7375159643852178
267900,0.711618436421978
267901,0.5578694760954637
267902,0.7480922275600965
267903,0.18599588221124347
267904,0.3477713490984951
267905,0.437512782870726
267906,0.6822803277868931
267907,0.9380831829688985
267908,0.038882652110480365
267909,0.9892646611005312
267910,0.9112539257616319
267911,0.39140809286386297
267912,0.5538153176287719
267913,0.7498193354270729
267914,0.10945318855927387
267915,0.6360620122624658
267916,0.6073829316292536
267917,0.8572090845873803
267918,0.3277414428622722
267919,0.1905499929552179
267920,0.6233723144608924
267921,0.8481781284513752
267922,0.9149490275928207
267923,0.24215870303289233
267924,0.1324600833556797
267925,0.388326568827521
267926,0.585598647401839
267927,0.947341390140032
267928,0.7463832997759304
267929,0.1346780534585335
267930,0.9177805754905214
267931,0.7847432745056154
267932,0.015189459187986601
267933,0.04187327573277096
267934,0.45571104576381344
267935,0.3137291440362511
267936,0.27711445725635275
267937,0.5687229855331992
267938,0.7938787661177796
267939,0.20338513141927364
267940,0.9135037110094038
267941,0.756814122288327
267942,0.9555587875702775
267943,0.4525840715204458
267944,0.2655746496925293
267945,0.4310043132246467
267946,0.009040046177410338
267947,0.035946568736620596
267948,0.5196049468005327
267949,0.6634366719540408
267950,0.03960985542289146
267951,0.29858968007599274
267952,0.5209093677421701
267953,0.11786147685902709
267954,0.07784256957290439
267955,0.892246649183487
267956,0.6065011976129552
267957,0.9494184646011063
267958,0.6660773289822335
267959,0.833015939387604
267960,0.8809522727376023
267961,0.3840042541393776
267962,0.24408124679007911
267963,0.9122174701505765
267964,0.7179042000536313
267965,0.5289858695306358
267966,0.2754464346585099
267967,0.992709786793079
267968,0.2513169197485694
267969,0.3118475054653874
267970,0.15572604433213194
267971,0.5156144186236769
267972,0.27301030356193273
267973,0.9588902877452607
267974,0.7180269156126006
267975,0.3435762949900236
267976,0.46320123988164763
267977,0.01123983619745388
267978,0.5027701901182161
267979,0.8971098213352362
267980,0.892142113707328
267981,0.6640275246453747
267982,0.029783520663936625
267983,0.39699392330732064
267984,0.5515791674431076
267985,0.5495975384167876
267986,0.5396575781402684
267987,0.03584657828116407
267988,0.04763181696292627
267989,0.3410947136864208
267990,0.6899659577949379
267991,0.6313715508974144
267992,0.9611037128274119
267993,0.33325000795378623
267994,0.6497834297635225
267995,0.8131905590829966
267996,0.16528876789033775
267997,0.6613050572445358
267998,0.6073102112980124
267999,0.41996900295880846
268000,0.3384767817617409
268001,0.17271987673903855
268002,0.260470591443544
268003,0.8801887092595707
268004,0.3714372718967735
268005,0.2767690356829575
268006,0.7380250067039056
268007,0.7597411156207816
268008,0.21120256702769283
268009,0.4829948050413369
268010,0.14336358802114343
268011,0.15947114139104904
268012,0.680994086928066
268013,0.14158648492643885
268014,0.8030324378127542
268015,0.693688329750342
268016,0.7029692620249886
268017,0.8387199403693284
268018,0.9290295017293804
268019,0.8520004908622358
268020,0.331795601328964
268021,0.7891610346285127
268022,0.5563787093050209
268023,0.9933960849191669
268024,0.4823766822257875
268025,0.683421127983238
268026,0.8427695538153177
268027,0.11380731839233527
268028,0.04022343321773831
268029,0.9122720103990074
268030,0.46056967289486006
268031,0.6429977138545866
268032,0.16648410833511348
268033,0.4814631330645711
268034,0.514473618427332
268035,0.8042505033610429
268036,0.24708096045377487
268037,0.28934965298766935
268038,0.5900709477731672
268039,0.4928665900073175
268040,0.7539734843492212
268041,0.26119324973525254
268042,0.009976320442139613
268043,0.2221469768794797
268044,0.8248576272264921
268045,0.4850037041918726
268046,0.7069052499534135
268047,0.0013635062107707902
268048,0.9187895700864918
268049,0.9281614027751897
268050,0.47435926570645526
268051,0.7319937642315961
268052,0.6868980688207035
268053,0.9131401093531982
268054,0.2569527454197553
268055,0.5477522600115444
268056,0.9689347834979388
268057,0.3008258302616568
268058,0.9564041614209553
268059,0.34131287468014415
268060,0.6569054772044487
268061,0.13575976838574502
268062,0.4165102422041532
268063,0.35613418719122264
268064,0.039523500029542635
268065,0.3695783584294226
268066,0.32502352048213573
268067,0.016298444239413512
268068,0.9547952240922457
268069,0.8587862067711719
268070,0.20910731248380837
268071,0.7469196122188337
268072,0.665745542470946
268073,0.25653460351511903
268074,0.7622454220278974
268075,0.6552192745237955
268076,0.2269737888656083
268077,0.9519864012980579
268078,0.06853891219474505
268079,0.5281314056385528
268080,0.7807527463287596
268081,0.4966753173560705
268082,0.4119152262738557
268083,0.9334790769971958
268084,0.1923316410706251
268085,0.42653201285331854
268086,0.8115907117956923
268087,0.6455247453652151
268088,0.22624204053249464
268089,0.8675717317892384
268090,0.09769976502242966
268091,0.16131187477558961
268092,0.97917926016153
268093,0.13041936906022608
268094,0.37318710486726264
268095,0.1844823903172879
268096,0.6481790374555156
268097,0.12496988923784547
268098,0.3429399920916639
268099,0.8844655737406885
268100,0.25832988669263385
268101,0.4496207180223706
268102,0.75225546652365
268103,0.7048872607614728
268104,0.10187663904809086
268105,0.2023988619268161
268106,0.17419700846737357
268107,0.9888965144236233
268108,0.2584526022516032
268109,0.8724667190859055
268110,0.5356034196735766
268111,0.9437917289713255
268112,0.5366805895800856
268113,0.1257789029229028
268114,0.06711632071484086
268115,0.9096449884329223
268116,0.33679512410179024
268117,0.7817026556555966
268118,0.6940064811995218
268119,0.593375177823935
268120,0.2380909095040928
268121,0.46561010085400933
268122,0.14250912412906042
268123,0.9626308397834753
268124,0.16404797723853634
268125,0.9359288431558807
268126,0.29180396416705673
268127,0.4173828861790465
268128,0.7074233823135065
268129,0.058362610841692385
268130,0.40632485080969544
268131,0.8622813276914477
268132,0.32874134741683747
268133,0.7792301643933988
268134,0.27176042286872615
268135,0.3379995545879711
268136,0.25428027324664465
268137,0.15319446780080084
268138,0.13571886319942186
268139,0.033237736397889295
268140,0.18830020770744613
268141,0.29431736061557756
268142,0.16995195913117384
268143,0.3672285827261943
268144,0.640429777157635
268145,0.7001286240858827
268146,0.6240858827111958
268147,0.6998150176574055
268148,0.490539539407602
268149,0.4320996632139659
268150,0.2546802350684707
268151,0.39793474259275247
268152,0.524509024138605
268153,0.4913031028856336
268154,0.003922352866317306
268155,0.7331118393244281
268156,0.038332704605469475
268157,0.8052685879984184
268158,0.4930756609596357
268159,0.3407720172165384
268160,0.8575908663263961
268161,0.8058912558346704
268162,0.44526204316860657
268163,0.13853223101431228
268164,0.7559642034169466
268165,0.31137482331232014
268166,0.07608364656101008
268167,0.40827011967039506
268168,0.3497120729384922
268169,0.9258070820512588
268170,0.5324491753059936
268171,0.5564877898018826
268172,0.7510464910167666
268173,0.6790260929638534
268174,0.3311638434513069
268175,0.5672822139704846
268176,0.38829475368260297
268177,0.5145917889655988
268178,0.9639125356215998
268179,0.5020020816194818
268180,0.23262324959890193
268181,0.5792174383354317
268182,0.19382695288177038
268183,0.5341490130487545
268184,0.5469932415542154
268185,0.15895300903095613
268186,0.7695765404211417
268187,0.8683580203707828
268188,0.38867653542161884
268189,0.027574640602487942
268190,0.39703482849364374
268191,0.1641843278596134
268192,0.6297535235272996
268193,0.6895478158903015
268194,0.9744433485894528
268195,0.339994818676399
268196,0.514473618427332
268197,0.054135741588302935
268198,0.10789879147899518
268199,0.05509019593584249
268200,0.6292762963535299
268201,0.03412856045559288
268202,0.3097840660664209
268203,0.8058867108139678
268204,0.22909631353370816
268205,0.8795387712991033
268206,0.24721276605414938
268207,0.42241422409679075
268208,0.39079451506901614
268209,0.47316392526167955
268210,0.43692193017939196
268211,0.6150412915130828
268212,0.01879366060512406
268213,0.9821607937424155
268214,0.7182814367719446
268215,0.719131355643325
268216,0.28663627562823546
268217,0.7915062653110385
268218,0.1481222246967335
268219,0.8521186614005027
268220,0.8386517650587899
268221,0.6888615177642134
268222,0.42099163261688655
268223,0.24549929324928074
268224,0.04972252648610815
268225,0.7414019570859146
268226,0.8848155403347863
268227,0.3686466291853959
268228,0.8194081474041115
268229,0.5360351966403207
268230,0.9912235650233386
268231,0.4235595693138382
268232,0.11983856086464474
268233,0.6492607523827272
268234,0.8525822535121648
268235,0.7095731771058217
268236,0.5373850677889839
268237,0.4899759568404834
268238,0.3669967866703633
268239,0.9373559796564874
268240,0.9356061466859982
268241,0.2230650710613987
268242,0.9815381259061636
268243,0.38469509728616813
268244,0.2530394825948432
268245,0.39541225610282654
268246,0.8480417778302981
268247,0.5556833211375278
268248,0.1617754668872517
268249,0.9851196022197882
268250,0.4484617377432154
268251,0.9276432704150968
268252,0.30314833584066975
268253,0.6621277059917009
268254,0.5343535389803701
268255,0.3169242935901573
268256,0.24317678767026785
268257,0.9544134423532299
268258,0.06437112821048899
268259,0.018489144218051912
268260,0.9068361656387345
268261,0.7560278337067826
268262,0.3584566927702355
268263,0.4489162398134723
268264,0.7573731598347431
268265,0.8047731807418383
268266,0.3041982356229632
268267,0.7742988169311111
268268,0.8601451679612401
268269,0.6652910404006891
268270,0.28369564723367313
268271,0.0640302516577963
268272,0.9417782848000873
268273,0.9472732148294936
268274,0.08284209234573062
268275,0.6012698787842978
268276,0.617341071988583
268277,0.13072843046800078
268278,0.1301966630458002
268279,0.8716986105871712
268280,0.14588152949036684
268281,0.9621217974647875
268282,0.592457083642016
268283,0.24419941732834594
268284,0.5077469877875295
268285,0.8160130169392922
268286,0.5771040037087369
268287,0.856568236668318
268288,0.610850782425314
268289,0.03720553947123229
268290,0.25761177342162794
268291,0.8749982956172365
268292,0.44822994168738434
268293,0.4375491430363465
268294,0.30225751178296617
268295,0.9173260734202644
268296,0.6139823016893842
268297,0.08517368796614869
268298,0.011476177273987483
268299,0.8390471818599134
268300,0.6811077124456302
268301,0.36644683916535237
268302,0.5465160143804456
268303,0.18359611128028688
268304,0.8649356197817482
268305,0.9740797469332473
268306,0.4974797860204253
268307,0.7808072865771905
268308,0.14934938028642722
268309,0.27074688325205315
268310,0.5885801809827244
268311,0.21901545761540944
268312,0.5598783752459993
268313,0.6352211834324906
268314,0.08016053013121474
268315,0.8960099263252145
268316,0.2500034087655269
268317,0.6414296817122003
268318,0.47712263829361745
268319,0.34935756132369183
268320,0.7130046677362616
268321,0.5273951122847365
268322,0.8566727721444772
268323,0.009967230400734476
268324,0.48751255561969087
268325,0.22003354225278496
268326,0.8627267397202995
268327,0.06838438149085768
268328,0.3231555169733798
268329,0.31511083032983217
268330,0.6226314760863736
268331,0.22092891133119114
268332,0.027347389567359482
268333,0.13966394116925204
268334,0.5532471900409507
268335,0.7081460406052149
268336,0.2011807963785275
268337,0.4195554060748747
268338,0.5502111162116344
268339,0.8640538857654497
268340,0.6445384758727576
268341,0.7694447348207671
268342,0.5740770199208257
268343,0.04916348893969212
268344,0.589111948404925
268345,0.7872521259334336
268346,0.5584512387453925
268347,0.06850255202912447
268348,0.7251080578672036
268349,0.7724489935051655
268350,0.2575299630489817
268351,0.8087773439808018
268352,0.47029147217765577
268353,0.7775894119197714
268354,0.20972998032006038
268355,0.6305761722744647
268356,0.26089782338958556
268357,0.16617050190663618
268358,0.4135650687888883
268359,0.7425109421373415
268360,0.2609705437208267
268361,0.20815285813626883
268362,0.27657359979274704
268363,0.693392903404675
268364,0.3364906077147181
268365,0.8977279441507856
268366,0.030751610073583884
268367,0.988782888906059
268368,0.15078106180773654
268369,0.6601597120274884
268370,0.4180146440567037
268371,0.9143990800878099
268372,0.46492834774862396
268373,0.580162802641566
268374,0.9724389944596198
268375,0.9955458797114821
268376,0.6635093922852819
268377,0.08811431636071101
268378,0.3047345480658664
268379,0.8464964707914244
268380,0.8239668031687885
268381,0.16666590916321625
268382,0.9646261038719032
268383,0.31274287454379357
268384,0.8485871803146063
268385,0.6459610673526618
268386,0.7204175965021521
268387,0.6415024020434413
268388,0.7277896200817194
268389,0.5801400775380532
268390,0.3743915353534435
268391,0.6272401270787789
268392,0.33548161311874775
268393,0.44581653569432006
268394,0.06210316287990692
268395,0.20425777539416692
268396,0.6267810799878194
268397,0.2397680221433409
268398,0.16180273701146708
268399,0.7219674485617282
268400,0.7980920003090615
268401,0.9870875961840007
268402,0.6976924929893056
268403,0.8104453665786449
268404,0.9894010117216084
268405,0.052249557996736674
268406,0.7268215306720722
268407,0.6469246117416065
268408,0.6384617831934225
268409,0.36881933997209354
268410,0.9291885774539703
268411,0.587825707546098
268412,0.7946241495130011
268413,0.6100917639679849
268414,0.35907027056508245
268415,0.9143399948186763
268416,0.7320301243972166
268417,0.12214288636084737
268418,0.5814535885210957
268419,0.4282773008031051
268420,0.48439921643843087
268421,0.5238272710332196
268422,0.7507601547125048
268423,0.5534880761381868
268424,0.3784047886338122
268425,0.7559187532099209
268426,0.6032060576035924
268427,0.6292353911672068
268428,0.6294308270574173
268429,0.474541066534558
268430,0.007067507192495261
268431,0.013780502770190118
268432,0.1469405193140655
268433,0.46396934838038184
268434,0.9671167752169112
268435,0.594461437771849
268436,0.4982978897468878
268437,0.9217483785638644
268438,0.42080074174737864
268439,0.03442398680125988
268440,0.7663768458465329
268441,0.1877684402852455
268442,0.26606096690770425
268443,0.6267947150499271
268444,0.6444384854173011
268445,0.12491534898941464
268446,0.5257589048318116
268447,0.6319442235059382
268448,0.19873103021984267
268449,0.6742447311847506
268450,0.38349975684139237
268451,0.25470750519268615
268452,0.6385026883797457
268453,0.8763572568073048
268454,0.7336890569536545
268455,0.4755046109235027
268456,0.2745192504351857
268457,0.26703814635875667
268458,0.47816799305520835
268459,0.5724408124679008
268460,0.9475550061130529
268461,0.4421305239045364
268462,0.49235300266792714
268463,0.25003976893114743
268464,0.3206148504006435
268465,0.4357993100658573
268466,0.09085950886506287
268467,0.8160811922498308
268468,0.00694479163352589
268469,0.004790451820508042
268470,0.9116402525213503
268471,0.8280891369460188
268472,0.053935760677389886
268473,0.22011080760472865
268474,0.581112711968403
268475,0.5772358093091114
268476,0.01383958803932352
268477,0.03787820253521255
268478,0.31895591784420574
268479,0.6726403388767437
268480,0.535567059507956
268481,0.7781938996732131
268482,0.5979656487335301
268483,0.0019998091091304924
268484,0.6622140613850496
268485,0.5933660877825299
268486,0.32365092422995984
268487,0.25348034960299237
268488,0.2463810272655792
268489,0.06625276678135268
268490,0.940673844769363
268491,0.41244699369605625
268492,0.8872607614727684
268493,0.665650097036192
268494,0.1895182732557347
268495,0.3691556715040837
268496,0.2775280541402866
268497,0.41708291481267695
268498,0.3962530849328018
268499,0.8185764086155413
268500,0.5531244744819813
268501,0.7319301339417602
268502,0.27012421541580117
268503,0.2690743156335077
268504,0.8348294026479292
268505,0.5182187154862491
268506,0.0427413746869617
268507,0.7701037628226397
268508,0.6066557283168426
268509,0.04995886756264175
268510,0.2194654146649638
268511,0.38172719876739036
268512,0.6932701878457056
268513,0.4864535657959922
268514,0.9542270965044246
268515,0.7874112016580235
268516,0.6821167070416007
268517,0.12903768276664498
268518,0.05754905213593248
268519,0.40457501783920624
268520,0.80422777825753
268521,0.9142581844460301
268522,0.21478404334131743
268523,0.4018480054176647
268524,0.3278641584212416
268525,0.44279409692711147
268526,0.2794142377318528
268527,0.8827248308116044
268528,0.08041050626985606
268529,0.328577726671545
268530,0.642138704941801
268531,0.26127051508719623
268532,0.5345307947877703
268533,0.6310352193654242
268534,0.3448489007867431
268535,0.1667613545979702
268536,0.1080442321414774
268537,0.3213284186509469
268538,0.33562250876052735
268539,0.8872743965348763
268540,0.6238268165311494
268541,0.7220128987687539
268542,0.5180959999272797
268543,0.48985324128151403
268544,0.56681407683812
268545,0.06038969007503829
268546,0.32400543584476027
268547,0.6816440248885334
268548,0.7384795087741626
268549,0.9548224942164613
268550,0.47399566405024973
268551,0.21319328609541816
268552,0.8171174569700165
268553,0.4609514546338758
268554,0.2423223237781848
268555,0.07152499079633308
268556,0.3266415478522504
268557,0.08236941019266343
268558,0.17785120511223929
268559,0.5475613691420365
268560,0.7106867071779512
268561,0.6647774530612988
268562,0.09672258557137726
268563,0.755759677485331
268564,0.5957931288377019
268565,0.8598861017811936
268566,0.31445180232795955
268567,0.8316524331768331
268568,0.06135323446398299
268569,0.14514523613655061
268570,0.7328618631857868
268571,0.5789629171760877
268572,0.08311024856718222
268573,0.9844969343835361
268574,0.6290899505047246
268575,0.41761922725558015
268576,0.9569222937810482
268577,0.44406670272383086
268578,0.14531794692324823
268579,0.31073397539325787
268580,0.7828661809554542
268581,0.24480390508178768
268582,0.6544011707973331
268583,0.1208339203985074
268584,0.11921134800769018
268585,0.013216920203071523
268586,0.7610000863553933
268587,0.12021125256225541
268588,0.520118534139923
268589,0.5327036964653373
268590,0.9146217861022357
268591,0.889787792983397
268592,0.09063680285063698
268593,0.36810122670108764
268594,0.09221392503442853
268595,0.4417305620827103
268596,0.6193363360770109
268597,0.5182050804241414
268598,0.5275541880093264
268599,0.984846900977634
268600,0.038891742151885504
268601,0.9079451506901615
268602,0.7858068093500167
268603,0.058921648388108414
268604,0.6230814331359279
268605,0.04690915867121775
268606,0.9244026706541649
268607,0.4133014575881393
268608,0.10047677267169951
268609,0.8973279823289595
268610,0.9013957758577591
268611,0.5123601838006373
268612,0.5657505419937188
268613,0.5413937760486499
268614,0.12652883133882675
268615,0.2597479331518355
268616,0.34535794310543083
268617,0.45511564805177684
268618,0.5846850982406224
268619,0.9481594938664946
268620,0.25876166365937797
268621,0.2709241390594534
268622,0.6964971525445298
268623,0.9592084391944405
268624,0.39853014030478906
268625,0.6334259002549757
268626,0.7422109707709719
268627,0.8350248385381396
268628,0.414360447411838
268629,0.854436621958813
268630,0.6219451779602856
268631,0.9910735793401539
268632,0.0953863494848219
268633,0.7805027701901183
268634,0.5596420341694657
268635,0.12096572599888192
268636,0.2959762931720154
268637,0.07130228478190717
268638,0.25880711386640365
268639,0.12164747910426732
268640,0.2900359511137573
268641,0.46825984792360725
268642,0.9813245099331428
268643,0.5798310161302785
268644,0.5104785452297735
268645,0.6320260338785844
268646,0.09995409529090404
268647,0.49862513123747276
268648,0.26663818453693056
268649,0.9550179301066717
268650,0.2024443121338418
268651,0.6701678476145458
268652,0.6610823512301098
268653,0.09639534408079227
268654,0.13365087877975285
268655,0.6120324878079819
268656,0.5502020261702293
268657,0.17057462696742584
268658,0.9411828870880508
268659,0.7644997522963717
268660,0.09150035678412514
268661,0.1749605719454052
268662,0.4442894087382568
268663,0.3915944387126683
268664,0.6002654292090301
268665,0.8478645220228979
268666,0.9322655564696097
268667,0.13769594720503953
268668,0.5502747465014703
268669,0.8439648942600934
268670,0.9548724894441895
268671,0.15551697337981377
268672,0.17843751278287073
268673,0.3750596533967212
268674,0.9095540880188709
268675,0.6171047309120493
268676,0.7310393098840565
268677,0.1969948323114612
268678,0.8387881156798669
268679,0.8308252394089655
268680,0.7407020238977189
268681,0.49683439308066046
268682,0.6864617468332568
268683,0.2931720153985301
268684,0.008535548879425144
268685,0.9455961021902455
268686,0.08591452634066747
268687,0.5342671835870212
268688,0.8765254225732999
268689,0.2513305548106771
268690,0.6371346371482722
268691,0.7735079833288641
268692,0.0477454424804905
268693,0.1481494948209489
268694,0.8896605324037251
268695,0.8500506769808337
268696,0.7588502915630781
268697,0.6660136986923976
268698,0.8261847732716423
268699,0.47291849414374076
268700,0.1514719049545271
268701,0.9265751905499929
268702,0.5289358743029074
268703,0.5743497211629799
268704,0.25145781539034906
268705,0.2305552651792329
268706,0.5795537698674218
268707,0.3258779843742188
268708,0.6408433740415688
268709,0.13581885365487842
268710,0.9184577835752042
268711,0.04138241349689348
268712,0.2690743156335077
268713,0.33108657809936326
268714,0.5491157662223152
268715,0.25388031142481854
268716,0.9037455515609873
268717,0.7438562682653019
268718,0.8307479740570218
268719,0.0047768167584003336
268720,0.8407061144163511
268721,0.8984415124010889
268722,0.8900741292876589
268723,0.5892482990260021
268724,0.7279077906199863
268725,0.2518441421500675
268726,0.6850936956017836
268727,0.7386249494366448
268728,0.7536326077965285
268729,0.8982460765108785
268730,0.16987469377923017
268731,0.41936906022606935
268732,0.9665441026083874
268733,0.3373768867517191
268734,0.4474254730230296
268735,0.648142677289895
268736,0.9530181209975411
268737,0.2708150585625917
268738,0.44958890287745257
268739,0.48610359920189433
268740,0.26792442539575767
268741,0.5480704114607242
268742,0.7147499556860482
268743,0.3906172592616159
268744,0.6740811104394581
268745,0.21516582508033325
268746,0.9078406152140024
268747,0.6681134982569846
268748,0.9280114170920049
268749,0.09127310574899669
268750,0.14687688902422952
268751,0.45996064012071575
268752,0.23499120538494053
268753,0.97392521622936
268754,0.3278550683798364
268755,0.49590720885733636
268756,0.6054876579962822
268757,0.7543734461710474
268758,0.9611037128274119
268759,0.31284286499925
268760,0.40353875311902043
268761,0.24604924075429163
268762,0.1356006926611551
268763,0.8895105467205403
268764,0.6402116161639116
268765,0.26576099554133464
268766,0.2578662945809718
268767,0.6309397739306702
268768,0.2780870916867026
268769,0.8329750342012808
268770,0.3302639293521982
268771,0.8321887456197363
268772,0.18685943614473163
268773,0.27025147599547317
268774,0.17777848478099817
268775,0.5359852014125924
268776,0.3591884411033492
268777,0.840097081642207
268778,0.7273396630321651
268779,0.3380131896500788
268780,0.7073370269201577
268781,0.3374223369587448
268782,0.9176805850350648
268783,0.11101667568095772
268784,0.7792119843105886
268785,0.37911835688411555
268786,0.503129246753719
268787,0.9093177469423374
268788,0.6373664332041032
268789,0.6971834506706178
268790,0.48361292785688637
268791,0.6691815781220883
268792,0.7610818967280397
268793,0.9195213184196055
268794,0.48602633384995064
268795,0.10034042205062244
268796,0.3627835524790815
268797,0.4182737102367501
268798,0.5609282750282928
268799,0.5987428472736693
268800,0.7485240045268406
268801,0.6862163157153182
268802,0.7302939264888352
268803,0.31088850609714525
268804,0.16267083596565785
268805,0.008799160080174164
268806,0.9149172124479027
268807,0.10681707655178369
268808,0.07935151644615741
268809,0.5279859649760705
268810,0.384031524263593
268811,0.93440626122052
268812,0.10673072115843486
268813,0.2352366365028793
268814,0.2706923430036224
268815,0.11193022484217414
268816,0.32476445430208933
268817,0.2991759877466242
268818,0.9874921030265293
268819,0.545529744887988
268820,0.04077338072274919
268821,0.22733739052181384
268822,0.221215247635453
268823,0.3203012439721663
268824,0.42771826325668916
268825,0.4366810440821558
268826,0.7399111902954718
268827,0.9905827171042765
268828,0.8200762654473892
268829,0.9530226660182438
268830,0.23057344526204315
268831,0.8575090559537498
268832,0.6444703005622191
268833,0.17252444084882806
268834,0.2627385567741261
268835,0.4072565800537222
268836,0.7692720240340695
268837,0.0690025043064071
268838,0.6066557283168426
268839,0.5546334213552343
268840,0.15058108089682348
268841,0.21054808404652284
268842,0.6675680957726763
268843,0.3818817294712777
268844,0.06421205248589906
268845,0.7471877684402852
268846,0.18807295667231766
268847,0.7216811122574663
268848,0.4983115248089955
268849,0.09506819803564204
268850,0.5439844378491144
268851,0.7776303171060944
268852,0.21592029851695974
268853,0.2789870057858113
268854,0.09198667399930005
268855,0.5586830348012235
268856,0.10769881056808213
268857,0.7433108657809937
268858,0.5127237854568428
268859,0.09684075610964407
268860,0.953631698792388
268861,0.4280591398093818
268862,0.7190177301257608
268863,0.2551029219938097
268864,0.8947827707355207
268865,0.5638416332986397
268866,0.7049145308856882
268867,0.704378218442785
268868,0.2741965539653033
268869,0.35686593552433626
268870,0.45297494330086674
268871,0.10337649587993873
268872,0.41348780343694463
268873,0.9152808141041083
268874,0.720744837992737
268875,0.852527713263734
268876,0.2731148390380918
268877,0.5237136455156554
268878,0.10522177428518187
268879,0.7675767313120112
268880,0.7118138723121884
268881,0.5277496238995368
268882,0.5899709573177107
268883,0.19022275146463294
268884,0.8678671581349053
268885,0.7005285859077088
268886,0.9266251857777212
268887,0.8521095713590976
268888,0.05105876257266352
268889,0.33594520523040977
268890,0.8586862163157153
268891,0.1874593788774708
268892,0.41029719890374095
268893,0.12430177119456778
268894,0.528245031156117
268895,0.9710982133523618
268896,0.49187123047345477
268897,0.6463837542780008
268898,0.6488835156644139
268899,0.5883256598233806
268900,0.6546056967289486
268901,0.32119661305057245
268902,0.8515050836056559
268903,0.5389712800141805
268904,0.2478445239318065
268905,0.7550052040487044
268906,0.25868894332813686
268907,0.4358583953349907
268908,0.8267029056317351
268909,0.6954790679071543
268910,0.3387722081074079
268911,0.07460651483267505
268912,0.10192663427581912
268913,0.14386808531912862
268914,0.9681984901441226
268915,0.8479099722299235
268916,0.268174401534399
268917,0.963994345994246
268918,0.3802682471218656
268919,0.47763168061230515
268920,0.1519718572318097
268921,0.32435540243885813
268922,0.1673385722271965
268923,0.5762131796510334
268924,0.5848850791515355
268925,0.8128724076338169
268926,0.1357006831166116
268927,0.7143590839056273
268928,0.9411101667568096
268929,0.7953240827011967
268930,0.050858781661750466
268931,0.43740824739456685
268932,0.035605692183927895
268933,0.9195849487094414
268934,0.40360238340885646
268935,0.20873916580690025
268936,0.3031846960062903
268937,0.5928570454638421
268938,0.42290054131196564
268939,0.4569427463742097
268940,0.39810745337945014
268941,0.7165588739256707
268942,0.7065598283800183
268943,0.14512705605374035
268944,0.021388867426291126
268945,0.967930333922671
268946,0.12464264774726048
268947,0.27262397680221434
268948,0.18392789779157442
268949,0.8636266538194082
268950,0.9177124001799828
268951,0.008421923361860912
268952,0.11663432126933337
268953,0.19977183996073103
268954,0.9631171569986502
268955,0.8167674903759188
268956,0.009444553019939005
268957,0.6788079319701301
268958,0.8005054063021257
268959,0.8709350471091396
268960,0.15966657728125952
268961,0.9701846641911454
268962,0.7796528513187378
268963,0.9173215283995619
268964,0.5452115934388081
268965,0.6508742347321392
268966,0.6877116275264634
268967,0.7997463878447967
268968,0.1633980392780689
268969,0.7119184077883475
268970,0.3882402134341722
268971,0.5464069338835839
268972,0.1829007231127938
268973,0.4804359583857904
268974,0.5362624476754493
268975,0.6047059144354403
268976,0.06370755518791388
268977,0.9793974211552534
268978,0.39760750110216747
268979,0.5605419482685744
268980,0.8558728485008249
268981,0.7994509614991296
268982,0.36661954995205
268983,0.27220583489757794
268984,0.01885729089496003
268985,0.5000295426345667
268986,0.04700460410597171
268987,0.7827707355207003
268988,0.6371664522931902
268989,0.832361456406434
268990,0.49566632276010014
268991,0.24483572022670563
268992,0.5078924284500117
268993,0.9328518641402411
268994,0.23931352007308393
268995,0.16344803450579717
268996,0.11717063371223656
268997,0.5972702605660368
268998,0.1509037773667059
268999,0.48569454733866313
269000,0.6644002163429854
269001,0.0471227746442385
269002,0.15395803127883248
269003,0.4946391480813195
269004,0.6976834029479004
269005,0.07894700960362874
269006,0.04276864481117712
269007,0.16704769090223207
269008,0.9661395957658587
269009,0.9672076756309625
269010,0.6954063475759132
269011,0.885092786597643
269012,0.9947277759850197
269013,0.6700678571590895
269014,0.7376477699855923
269015,0.7933606337576868
269016,0.4169011139845742
269017,0.9484367401293513
269018,0.4024888533367269
269019,0.8482917539689394
269020,0.9190031860595125
269021,0.47587730262111344
269022,0.9847014603151518
269023,0.12868771617254718
269024,0.2630839783475214
269025,0.7352252739511228
269026,0.9749842060530586
269027,0.11144390762699924
269028,0.8811068034414897
269029,0.9067634453074934
269030,0.10913503711009404
269031,0.5151553715327174
269032,0.8365792356184183
269033,0.3824953072661246
269034,0.537298712395635
269035,0.335667958967553
269036,0.0915958022188791
269037,0.0478636130187573
269038,0.2644792997032101
269039,0.51319646760991
269040,0.7058053549433918
269041,0.8022825093968303
269042,0.6888115225364851
269043,0.5943387222128798
269044,0.857613591429909
269045,0.7815799400966272
269046,0.33420900732202835
269047,0.44540293881038623
269048,0.40559310247658176
269049,0.6169729253116748
269050,0.7211766149594812
269051,0.09408647356388708
269052,0.7360297426154776
269053,0.2572799869103404
269054,0.09869966957699491
269055,0.5742997259352517
269056,0.5303039255343809
269057,0.18215533971757245
269058,0.7198949191213566
269059,0.5803855086559919
269060,0.9554633421355234
269061,0.8033051390549084
269062,0.5283904718185992
269063,0.5817853750323834
269064,0.4504070066039151
269065,0.0019270887778893833
269066,0.7954831584257867
269067,0.46863708464192055
269068,0.9496502606569374
269069,0.2261284150149304
269070,0.8961190068220761
269071,0.8300844010344467
269072,0.9061862276782672
269073,0.9058317160634668
269074,0.3133973575249635
269075,0.9013003304230052
269076,0.8054503888265212
269077,0.002422496034469437
269078,0.838565409665441
269079,0.6659364333404539
269080,0.03402857000013635
269081,0.6099099631398821
269082,0.5157416792033488
269083,0.7799528226851073
269084,0.29802609750887415
269085,0.4555065198321978
269086,0.940387508465101
269087,0.5000340876552694
269088,0.6212043395857668
269089,0.6200089991409911
269090,0.2374546066057331
269091,0.421346144231687
269092,0.3109703164697915
269093,0.5367623999527319
269094,0.03754641602392499
269095,0.8547502283872903
269096,0.33461805918525955
269097,0.29609900873098477
269098,0.6830075310993042
269099,0.8091591257198176
269100,0.25180323696374435
269101,0.18358702123888174
269102,0.4852809504547293
269103,0.7174769681075898
269104,0.69306566191409
269105,0.6034378536594235
269106,0.7422700560401053
269107,0.4775044200326332
269108,0.6545693365633282
269109,0.1078215261270515
269110,0.3623972257193631
269111,0.529985774085201
269112,0.8554365265133783
269113,0.0386554010753519
269114,0.6928611359824743
269115,0.9128128678626132
269116,0.03401038991732607
269117,0.7858886197226629
269118,0.6538012280645938
269119,0.9078951554624332
269120,0.8066048240849738
269121,0.7828889060589671
269122,0.8563318955917845
269123,0.9317792392544348
269124,0.015625781175433253
269125,0.5544970707341572
269126,0.8482099435962931
269127,0.9783338863108522
269128,0.7234809404556838
269129,0.7162498125178961
269130,0.5001749832970489
269131,0.8120633939487595
269132,0.6579826471109577
269133,0.19323610019043638
269134,0.505060880552311
269135,0.1434135832488717
269136,0.7741670113307367
269137,0.43567204948618543
269138,0.4536203362406316
269139,0.2484081064989251
269140,0.836601960721931
269141,0.3214829493548343
269142,0.60518314160921
269143,0.1798191990764518
269144,0.15053108566909523
269145,0.8590407279305158
269146,0.6658546229678077
269147,0.39623944987069415
269148,0.14574517886928975
269149,0.4939710300380418
269150,0.6365437844569383
269151,0.9219029092677518
269152,0.24514023661377776
269153,0.6972743510846693
269154,0.4599379150172029
269155,0.02228423650469728
269156,0.3100294971843597
269157,0.9269524272683063
269158,0.9961321873821136
269159,0.1937633225919344
269160,0.38284981888092495
269161,0.11494811858868016
269162,0.645938342249149
269163,0.29137673222101523
269164,0.9904827266488199
269165,0.8213170560991906
269166,0.6144095336354257
269167,0.32635975656869115
269168,0.2436676499061453
269169,0.4337222356047831
269170,0.9335790674526523
269171,0.7365660550583808
269172,0.914439985274133
269173,0.01285331854686598
269174,0.5182641656932747
269175,0.5321764740638394
269176,0.3495393621517946
269177,0.6152867226310216
269178,0.1775103285595466
269179,0.08120133987210311
269180,0.35403893264733816
269181,0.30268928874971024
269182,0.18860017907381568
269183,0.6339122174701506
269184,0.03424218597315711
269185,0.48792160748292207
269186,0.9282068529822153
269187,0.7222583298866927
269188,0.04240049813426901
269189,0.9521136618777298
269190,0.26500652210470815
269191,0.5915571695429073
269192,0.5684366492289372
269193,0.9638534503524664
269194,0.09951777330345739
269195,0.7636316533421811
269196,0.07461105985337763
269197,0.6506742538212262
269198,0.405379486503561
269199,0.6709950413824135
269200,0.05644915712591071
269201,0.5011567077688039
269202,0.5953295367260398
269203,0.8301071261379596
269204,0.8924739002186156
269205,0.16207089323291868
269206,0.6654773862494944
269207,0.32847319119538587
269208,0.8753664422941447
269209,0.06054422077892565
269210,0.862731284741002
269211,0.2997077551688248
269212,0.37760486499016
269213,0.754650692433904
269214,0.019648124497207087
269215,0.47162770826421113
269216,0.1346053331272924
269217,0.6900386781261789
269218,0.19814926756991377
269219,0.9362788097499785
269220,0.1994809586357666
269221,0.4147058689852332
269222,0.7223401402593389
269223,0.2358956645047518
269224,0.8235804764090701
269225,0.8384790542720922
269226,0.9817835570241022
269227,0.1303011985219593
269228,0.6176364983342499
269229,0.627090141395594
269230,0.28330932047395474
269231,0.022988714713595523
269232,0.9391512628340022
269233,0.3708464192054394
269234,0.13450988769253844
269235,0.1693838315433527
269236,0.8614314088200672
269237,0.1805464023888629
269238,0.5981292694788225
269239,0.7105321764740639
269240,0.9577403975075106
269241,0.474077474422896
269242,0.4010617168361202
269243,0.15344898896014472
269244,0.18284618286436294
269245,0.9669349743888084
269246,0.4770135577967557
269247,0.8982233514073656
269248,0.3180150985587739
269249,0.3596429431736062
269250,0.5587557551324647
269251,0.8361429136309717
269252,0.41157889474186554
269253,0.5933797228446376
269254,0.38344521659296155
269255,0.44133514528158674
269256,0.05593556978652038
269257,0.05994882306688907
269258,0.744837992737057
269259,0.7062371319101359
269260,0.4906849800700842
269261,0.013189650078856108
269262,0.6861117802391591
269263,0.8797160271065034
269264,0.4357038646311034
269265,0.8163720735747952
269266,0.20822103344680737
269267,0.5532790051858687
269268,0.6532149203939625
269269,0.8206034878488871
269270,0.10379009276387254
269271,0.9999454597515691
269272,0.3655560151076488
269273,0.5008158312161112
269274,0.3390903595565878
269275,0.05498111543898083
269276,0.7459015275814582
269277,0.3126883342953627
269278,0.19349062134978023
269279,0.6836938292253921
269280,0.926047968148495
269281,0.8872425813899583
269282,0.13224192236195637
269283,0.7642088709714073
269284,0.629676258175356
269285,0.681225882983897
269286,0.7632453265824627
269287,0.3454761136436976
269288,0.19084087428018234
269289,0.19842651383277052
269290,0.9828152767235855
269291,0.35164370673708417
269292,0.40826557464969254
269293,0.2907267942605478
269294,0.9030637984556019
269295,0.8820203526027062
269296,0.6918612314279092
269297,0.23151880956817758
269298,0.14436803759641126
269299,0.9485503656469155
269300,0.846460110625804
269301,0.3669513364633376
269302,0.18225078515232637
269303,0.5978611132573709
269304,0.839315338081365
269305,0.22291054035751134
269306,0.5818126451565987
269307,0.3101885729089496
269308,0.7900745837897293
269309,0.35686139050363375
269310,0.6803032437812755
269311,0.96720313061026
269312,0.4523522754646147
269313,0.260997813845042
269314,0.017825571195476796
269315,0.7724989887328937
269316,0.6438203626017517
269317,0.40881097713400083
269318,0.5196049468005327
269319,0.38688125224410397
269320,0.3305093604701369
269321,0.33251825962067255
269322,0.9750932865499203
269323,0.6355393348816705
269324,0.6845073879311521
269325,0.0015543970802787007
269326,0.9192122570118307
269327,0.9221983356134187
269328,0.6740356602324324
269329,0.6036196544875263
269330,0.050926956972289016
269331,0.5671413183287051
269332,0.9185259588857427
269333,0.6739265797355707
269334,0.5057744488026144
269335,0.013221465223774093
269336,0.6398161993627881
269337,0.5075151917316983
269338,0.6452247739988456
269339,0.04090064130242114
269340,0.4153285368214852
269341,0.7638725394394171
269342,0.867848978052095
269343,0.31299739570313745
269344,0.4574745137964103
269345,0.6269447007331118
269346,0.49338926738811295
269347,0.8309797701128528
269348,0.003604201417137455
269349,0.9293749233027756
269350,0.49184850536994196
269351,0.3759595674958299
269352,0.7101640297971556
269353,0.44839356243267686
269354,0.2534667145408847
269355,0.029924416305716274
269356,0.6661455042927721
269357,0.4781134528067775
269358,0.11598892832956853
269359,0.8560228341840097
269360,0.9087587093959213
269361,0.724408124679008
269362,0.953009030956136
269363,0.9749433008667354
269364,0.14875398257439063
269365,0.6452884042886815
269366,0.8383699737752306
269367,0.14044113970939137
269368,0.12531531081124075
269369,0.44291681248608084
269370,0.4893987392112571
269371,0.4984706005335854
269372,0.10774426077510783
269373,0.9869194304180056
269374,0.45465660096081734
269375,0.28076410888051595
269376,0.6291035855668323
269377,0.2633430445275678
269378,0.4183782457129092
269379,0.36895114557246805
269380,0.5767631271560442
269381,0.7226446566464111
269382,0.12811049854332088
269383,0.04408215579421964
269384,0.5632916857936288
269385,0.4900714022752373
269386,0.2852954945209775
269387,0.35567059507956056
269388,0.3456124642647747
269389,0.876566327759623
269390,0.20964816994741411
269391,0.4308725076242722
269392,0.29152217288349747
269393,0.7357661314147286
269394,0.0325559832925039
269395,0.28264574745137966
269396,0.619536316987924
269397,0.1581894455529245
269398,0.719163170788243
269399,0.5893482894814586
269400,0.3448443557660405
269401,0.9130401188977416
269402,0.017584685098240623
269403,0.06988878334340812
269404,0.7699401420773472
269405,0.41554669781520853
269406,0.38909467732625524
269407,0.30085310038587226
269408,0.45249771612709694
269409,0.5196276719040455
269410,0.7127274214734048
269411,0.4102472036760127
269412,0.4151103758277619
269413,0.9658396243994892
269414,0.02976079556042378
269415,0.6343485394575973
269416,0.5513110112216562
269417,0.43581294512796503
269418,0.5944887078960646
269419,0.2810049949777521
269420,0.8150767426745629
269421,0.8144449847969059
269422,0.6170047404565928
269423,0.6189045591102668
269424,0.18245076606323943
269425,0.6999604583198877
269426,0.30468909785884074
269427,0.4223460487862522
269428,0.4799041909635898
269429,0.26003881447679994
269430,0.4395944023525027
269431,0.8664172965307858
269432,0.38009553633516796
269433,0.21260243340408416
269434,0.06933883583839724
269435,0.5345898800569037
269436,0.5742315506247131
269437,0.6745128874062022
269438,0.5333490894051022
269439,0.9158398516505243
269440,0.550383826998332
269441,0.06641638752664518
269442,0.6312579253798501
269443,0.8764299771385459
269444,0.7444653010394463
269445,0.5300084991887138
269446,0.3937896837120093
269447,0.6375255089286932
269448,0.20183073433899493
269449,0.49625263043073153
269450,0.8468237122820095
269451,0.2556574145195231
269452,0.2399270978679308
269453,0.4390171847232764
269454,0.544907077051736
269455,0.08380109171397275
269456,0.19904009162761738
269457,0.9000913549161217
269458,0.41558760300153164
269459,0.16492062121342962
269460,0.8119815835761132
269461,0.27266033696783487
269462,0.5760086537194178
269463,0.6167138591316284
269464,0.8974688779707392
269465,0.5925661641388776
269466,0.32874589243754004
269467,0.5556196908476918
269468,0.5914662691288559
269469,0.5904300044086702
269470,0.8558773935215275
269471,0.21710654892033035
269472,0.058535321628390015
269473,0.20533040027997326
269474,0.05985792265283769
269475,0.8719122265601921
269476,0.07228400925366214
269477,0.15503065616463882
269478,0.27489648715349896
269479,0.7065280132351004
269480,0.3888174310633985
269481,0.8641902363865267
269482,0.16847482740283884
269483,0.697192540712023
269484,0.5006931156571418
269485,0.8133632698696943
269486,0.9576540421141618
269487,0.9363969802882453
269488,0.06760263793001577
269489,0.9936097008921876
269490,0.83242508669627
269491,0.045395666777262166
269492,0.31059307975147826
269493,0.4420850736975107
269494,0.5671640434322178
269495,0.7282350321105713
269496,0.04122333777230355
269497,0.30846146504197325
269498,0.861485949068498
269499,0.8700714931756515
269500,0.7903927352389091
269501,0.3450943319046818
269502,0.06087146226951064
269503,0.5793446989151035
269504,0.6036560146531468
269505,0.48729439462596746
269506,0.17413792319824017
269507,0.5007249308020598
269508,0.9690529540362057
269509,0.7586094054658419
269510,0.7965466932701879
269511,0.7431608800978089
269512,0.6873752959944732
269513,0.4394716867935333
269514,0.7536007926516105
269515,0.3534071747696811
269516,0.38923557296803485
269517,0.14670872325823445
269518,0.7413610518995915
269519,0.44158512142022804
269520,0.6413842315051745
269521,0.8815340353875312
269522,0.6928929511273924
269523,0.15703046527376932
269524,0.4625831170660982
269525,0.4232959581130892
269526,0.6200544493480168
269527,0.4653783047981783
269528,0.4225187595729498
269529,0.7890792242558665
269530,0.5433208648265394
269531,0.6838210898050641
269532,0.6517832388726531
269533,0.6417569232027852
269534,0.8796842119615855
269535,0.25557560414687686
269536,0.29487185314129105
269537,0.5408438285436391
269538,0.6215679412419725
269539,0.6449384376945838
269540,0.6404525022611479
269541,0.3019711754787043
269542,0.14523159152989942
269543,0.1487585275950932
269544,0.4268728894060112
269545,0.42371864503842815
269546,0.3761186432204198
269547,0.0077038100908549635
269548,0.26454747501374865
269549,0.2686516287081687
269550,0.7558642129614901
269551,0.1452543166334123
269552,0.28061412319733114
269553,0.8826612005217683
269554,0.1641434226732903
269555,0.8342158248530823
269556,0.8127905972611706
269557,0.07997872930311198
269558,0.28973143472668517
269559,0.9614945846078329
269560,0.656469155217002
269561,0.36177455788311114
269562,0.5298085182778008
269563,0.42934538066820893
269564,0.61632753237191
269565,0.8189491003131519
269566,0.5569786520377601
269567,0.9363060798741938
269568,0.06497107094322814
269569,0.4413078751573713
269570,0.9037819117266079
269571,0.7879520591216294
269572,0.09617263806636639
269573,0.49718435967475827
269574,0.9199076451793239
269575,0.8510778516596144
269576,0.9810745337945015
269577,0.7919289522363775
269578,0.6156912294735503
269579,0.4946027879156989
269580,0.08177401248062684
269581,0.822462401316238
269582,0.24701278514323632
269583,0.8219488139768477
269584,0.9259343426309308
269585,0.8313524618104636
269586,0.024452211379822834
269587,0.49118038732666425
269588,0.7519054999295522
269589,0.5848259938824022
269590,0.2060212434267638
269591,0.24792633430445277
269592,0.43742642747737714
269593,0.14373173469805156
269594,0.1038537230537085
269595,0.8119088632448721
269596,0.08615541243790364
269597,0.48402197972011757
269598,0.28690897687038963
269599,0.36275628235486607
269600,0.3579158353066298
269601,0.5800855372896224
269602,0.04127333300003182
269603,0.0085719090450457
269604,0.18638220897096186
269605,0.33669058862563117
269606,0.9091541261970448
269607,0.40720658482599387
269608,0.978452056849119
269609,0.9140536585144146
269610,0.015084923711827507
269611,0.003131519264070248
269612,0.5592602524304499
269613,0.5664322950991042
269614,0.551006494834584
269615,0.8253303093795592
269616,0.01864821994264184
269617,0.3573158925738907
269618,0.3996754855218365
269619,0.1587257579958277
269620,0.9496457156362348
269621,0.36460156076010924
269622,0.19015912117479694
269623,0.38594952300007723
269624,0.7654133014575881
269625,0.715722590116398
269626,0.6548647629089951
269627,0.15901209430008956
269628,0.8179855559242073
269629,0.6759627490103218
269630,0.11182568936601506
269631,0.18580953636243813
269632,0.2060985087787075
269633,0.8685898164266138
269634,0.08395562241786012
269635,0.8478327068779798
269636,0.7419564496116281
269637,0.515032655973748
269638,0.5583285231864231
269639,0.47332300098626945
269640,0.17915108103317412
269641,0.1349143945350671
269642,0.7634998477418065
269643,0.006126687907063416
269644,0.8583317047009149
269645,0.35745678821567034
269646,0.09953140836556511
269647,0.030956136005199506
269648,0.025311220292608436
269649,0.15493066570918232
269650,0.5169779248344477
269651,0.9556315079015185
269652,0.5648233577703946
269653,0.16584780543675376
269654,0.6243767640361603
269655,0.03007894700960363
269656,0.6451293285640916
269657,0.5389849150762882
269658,0.6013971393639699
269659,0.7375205094059204
269660,0.6476154548883971
269661,0.6628594543248144
269662,0.896278082546666
269663,0.9682166702269329
269664,0.19464505660823286
269665,0.38996277628044596
269666,0.09061407774712413
269667,0.9814835856577327
269668,0.33082751191931675
269669,0.7745351580076447
269670,0.6755309720435777
269671,0.04506388026597461
269672,0.02313415537607774
269673,0.9021729743978985
269674,0.4861263243054072
269675,0.4966435022111525
269676,0.7806482108526005
269677,0.8556137823207784
269678,0.799764567927607
269679,0.23315956204180513
269680,0.7726307943332682
269681,0.26071602256148274
269682,0.28052322278327974
269683,0.9357743124519932
269684,0.7029556269628808
269685,0.7107594275091923
269686,0.5629053590339104
269687,0.23004167783984258
269688,0.6429522636475609
269689,0.35719317701492126
269690,0.6999604583198877
269691,0.7376704950891051
269692,0.7608637357343162
269693,0.8670945046154684
269694,0.16265720090355013
269695,0.3406674817403793
269696,0.9380013725962523
269697,0.49083496575326896
269698,0.41240608850973315
269699,0.9908599633671331
269700,0.02936537875930025
269701,0.8657946286945337
269702,0.9472504897259807
269703,0.615473068479827
269704,0.24738547684084702
269705,0.25428481826734717
269706,0.15459887919789475
269707,0.28244122151976403
269708,0.3038664491116757
269709,0.2021261606846619
269710,0.16707950604715005
269711,0.167765804173238
269712,0.9712572890769517
269713,0.8512142022806914
269714,0.29364469755159733
269715,0.04836811031674249
269716,0.02722921902909268
269717,0.9610673526617914
269718,0.9371423636834666
269719,0.0425641188795615
269720,0.2652383181605392
269721,0.25344853445807447
269722,0.46935974293362903
269723,0.8356884115607147
269724,0.28801341690111393
269725,0.07678357974920576
269726,0.5419800837192813
269727,0.8357202267056326
269728,0.7847069143399948
269729,0.18245531108394197
269730,0.1005085878166175
269731,0.348321296603506
269732,0.3137200539948459
269733,0.43955804218688216
269734,0.23905899891374005
269735,0.9998227441925998
269736,0.46157866749083043
269737,0.030506178955645145
269738,0.8043641288786071
269739,0.2423814090473182
269740,0.6996650319742207
269741,0.18921375686866257
269742,0.27216492971125483
269743,0.7823616836574692
269744,0.9561405502202063
269745,0.17088823339590314
269746,0.012067029965321491
269747,0.6546556919566768
269748,0.9147308665990974
269749,0.10032678698851472
269750,0.10209480004181419
269751,0.46806895705409934
269752,0.05472659427963694
269753,0.5991655341990083
269754,0.12317915108103317
269755,0.2708605087696174
269756,0.2854136650592443
269757,0.36314715413528703
269758,0.08189672803959622
269759,0.6584098790569992
269760,0.30780243704010074
269761,0.18065093786502198
269762,0.032778689306929794
269763,0.41586939428509095
269764,0.7249853423082343
269765,0.13083751096486246
269766,0.1219747205948523
269767,0.07710173119838559
269768,0.06374846037423701
269769,0.7396430340740202
269770,0.5316219815381259
269771,0.9188577453970302
269772,0.47154589789156487
269773,0.21622026988332932
269774,0.9403193331545625
269775,0.26866526377027644
269776,0.5981565396030378
269777,0.23661377777575776
269778,0.9343471759513865
269779,0.8795887665268315
269780,0.8202444312133842
269781,0.4823721372050849
269782,0.03040618850018862
269783,0.8495098195172279
269784,0.12679698756027832
269785,0.2646429204485026
269786,0.7274532885497293
269787,0.46610096308988685
269788,0.9407374750591989
269789,0.5015430345285223
269790,0.009867239945277951
269791,0.08756436885570014
269792,0.46460565127874154
269793,0.25939796655773767
269794,0.7733807227491921
269795,0.9616991105394485
269796,0.731784693279278
269797,0.14150012953309002
269798,0.9030047131864686
269799,0.1118938646765536
269800,0.6805350398371064
269801,0.6576917657859932
269802,0.6734584426032061
269803,0.44868898877834384
269804,0.9780475500065903
269805,0.7421791556260539
269806,0.04393217011103486
269807,0.6392389817335619
269808,0.5971202748828521
269809,0.12384726912431085
269810,0.7011785238681763
269811,0.1495584512387454
269812,0.022116070738702216
269813,0.5500020452593162
269814,0.10091309465914616
269815,0.27852795869485186
269816,0.30348466737265983
269817,0.061485040064357496
269818,0.6316306170774608
269819,0.6475745497020738
269820,0.5215911208475555
269821,0.3138836747401384
269822,0.6592597979283796
269823,0.08744165329673076
269824,0.059439780748201304
269825,0.14322269237936378
269826,0.33005485839988
269827,0.7989600992632522
269828,0.45877438971734513
269829,0.8180537312347458
269830,0.10058130814785861
269831,0.3761368233032301
269832,0.3704373673422082
269833,0.9044227596456702
269834,0.3422400589034683
269835,0.5335717954195281
269836,0.3400766290490453
269837,0.5915617145636098
269838,0.04258684398307434
269839,0.8204898623313229
269840,0.3586112234741229
269841,0.6087055326537013
269842,0.9766113234645785
269843,0.3084978252075938
269844,0.4199417328345931
269845,0.34942119161352775
269846,0.594979570131942
269847,0.9288249757977648
269848,0.2346548738529504
269849,0.16223451397821118
269850,0.7010285381849914
269851,0.19721299330518452
269852,0.5117784211507084
269853,0.1483267506283491
269854,0.7441289695074561
269855,0.6806077601683476
269856,0.6345167052235924
269857,0.3606292126660637
269858,0.5045972884406489
269859,0.7599910917594229
269860,0.06032605978520232
269861,0.8700851282377591
269862,0.2852227741897364
269863,0.5379759204803178
269864,0.10644892987487557
269865,0.7888610632621431
269866,0.456665500111353
269867,0.40053449443462213
269868,0.5159734752591798
269869,0.40201617118365973
269870,0.7386703996436704
269871,0.10032224196781216
269872,0.8525640734293545
269873,0.018984551474631968
269874,0.7437517327891429
269875,0.36617413792319825
269876,0.5918389608264666
269877,0.4403034255821035
269878,0.5679503320137623
269879,0.5187732080119626
269880,0.8355066107326119
269881,0.8972461719563133
269882,0.7649769794701414
269883,0.010558083092068484
269884,0.015889392376182275
269885,0.6898932374636967
269886,0.30189845514746316
269887,0.9373332545529746
269888,0.985374123379132
269889,0.13605064971070943
269890,0.4510751246471928
269891,0.6298216988378382
269892,0.9611173478895196
269893,0.9466050967862158
269894,0.6620049904327314
269895,0.2747737715945296
269896,0.9588039323519119
269897,0.38979915553515343
269898,0.23754550701978447
269899,0.7348298571499994
269900,0.668395289540544
269901,0.15289904145513383
269902,0.3848723530935683
269903,0.9694483708373292
269904,0.004463210329923052
269905,0.3674921939269433
269906,0.5927161498220624
269907,0.6644093063843906
269908,0.014971298194263273
269909,0.05706273492075757
269910,0.24220415323991804
269911,0.5990564537021467
269912,0.15047200039996184
269913,0.2279918735029838
269914,0.059167079506047146
269915,0.255584694188282
269916,0.8474600151803692
269917,0.013835043018620949
269918,0.9171351825507565
269919,0.8428240940637485
269920,0.04540930183936988
269921,0.010921684748274027
269922,0.7726353393539708
269923,0.34060385145054334
269924,0.9487276214543158
269925,0.6900295880847737
269926,0.2553165379668304
269927,0.0682343958076729
269928,0.9153353543525391
269929,0.5333809045500202
269930,0.335795219547225
269931,0.2770826421114348
269932,0.47379113811863416
269933,0.439939823925898
269934,0.5879529681257698
269935,0.047245490203207875
269936,0.7181405411301649
269937,0.8759391149026684
269938,0.9809881784011526
269939,0.3939169442916812
269940,0.5050063403038801
269941,0.1884092882043078
269942,0.8963280777743943
269943,0.6401207157498602
269944,0.7475195549515729
269945,0.6575008749164852
269946,0.7090595897664315
269947,0.07348389471914045
269948,0.44215324900804925
269949,0.42537303257416337
269950,0.213279641488767
269951,0.38867199040091627
269952,0.8654673872039488
269953,0.6129551270106036
269954,0.4663236691043127
269955,0.29565814172283555
269956,0.6244313042845911
269957,0.7068734348084956
269958,0.8258302616568418
269959,0.8394244185782266
269960,0.33497711582076256
269961,0.14158648492643885
269962,0.3086978061185069
269963,0.195835852032306
269964,0.33116838847200947
269965,0.2975079651487812
269966,0.728216852027761
269967,0.8231623345044337
269968,0.27597820208071044
269969,0.9841833279550589
269970,0.04555928752255466
269971,0.8993232464173875
269972,0.07482467582639837
269973,0.3619563587112139
269974,0.10688979688302479
269975,0.7202994259638853
269976,0.7543007258398062
269977,0.6782261693202013
269978,0.03431036128369565
269979,0.9076497243444944
269980,0.9529272205834898
269981,0.12228378200262702
269982,0.7621681566759536
269983,0.6859708845973793
269984,0.10831693338363155
269985,0.5134009935415257
269986,0.15561241881456772
269987,0.29315383531571987
269988,0.2686970789151944
269989,0.0470500543129974
269990,0.2879134264456575
269991,0.46550556537785026
269992,0.920348512187473
269993,0.5202412496988925
269994,0.9988501097622501
269995,0.941105621736107
269996,0.28390471818599133
269997,0.8474645602010717
269998,0.48451738697669766
269999,0.30452093209284564
270000,0.4054840219797201
270001,0.8393607882883907
270002,0.7150544720731203
270003,0.07507919698574227
270004,0.13897764304316407
270005,0.7271169570177393
270006,0.9309884056521878
270007,0.500015907572459
270008,0.4552020034451257
270009,0.572090845873803
270010,0.3595838579044727
270011,0.958613041482404
270012,0.4249367105867167
270013,0.6567054962935356
270014,0.20767108594179648
270015,0.1394503251962313
270016,0.12443812181564486
270017,0.8322069257025466
270018,0.6707541552851773
270019,0.6057603592384364
270020,0.4500661300512223
270021,0.11268015325809809
270022,0.8184900532221925
270023,0.027279214256820943
270024,0.33607246581008177
270025,0.6207725626190228
270026,0.7461696838029097
270027,0.023152335458888017
270028,0.38555410619895375
270029,0.8027551915498976
270030,0.24400852645883803
270031,0.8288617904654556
270032,0.10769881056808213
270033,0.3022347866794533
270034,0.01883911081214975
270035,0.8161402775189641
270036,0.1438862654019389
270037,0.41554669781520853
270038,0.9419055453797592
270039,0.26227041964176145
270040,0.5673503892810231
270041,0.5118738665854623
270042,0.4265183777912108
270043,0.6425477568050323
270044,0.683907445198413
270045,0.9671940405688547
270046,0.7067825343944442
270047,0.2585798628312752
270048,0.5069561541852824
270049,0.8122133796319443
270050,0.23003258779843744
270051,0.45079787838433605
270052,0.6167229491730335
270053,0.9291567623090523
270054,0.5098922375591421
270055,0.9920507587912063
270056,0.2442039623490485
270057,0.6897159816562966
270058,0.9072270374191556
270059,0.140382054440258
270060,0.7210675344626195
270061,0.6680271428636357
270062,0.4372991668977052
270063,0.4557292258466237
270064,0.8657082733011849
270065,0.8854654782952537
270066,0.29602628839974365
270067,0.1488630630712523
270068,0.5430481635843852
270069,0.5143009076406343
270070,0.9343335408892788
270071,0.3697465241954177
270072,0.5839169897418883
270073,0.32760963726189773
270074,0.7217674676508152
270075,0.7768940237522782
270076,0.6381754468891606
270077,0.8522459219801747
270078,0.07586094054658418
270079,0.536444248503552
270080,0.9748160402870635
270081,0.5527563278050731
270082,0.5398257439062635
270083,0.7621863367587639
270084,0.47893155653324
270085,0.641052444993887
270086,0.7913290095036383
270087,0.5660096081737652
270088,0.5351489176033197
270089,0.5487521645661096
270090,0.1903454670236023
270091,0.5081014994023298
270092,0.7168724803541481
270093,0.7571549988410198
270094,0.3628335477068098
270095,0.942373682512124
270096,0.09736797851114211
270097,0.3961758195808582
270098,0.9365378759300249
270099,0.6343258143540844
270100,0.4528658628040051
270101,0.8102862908540548
270102,0.7502056621867913
270103,0.7804482299416874
270104,0.8794296908022416
270105,0.9736888751528264
270106,0.5686002699742297
270107,0.8304252775871395
270108,0.12989214665872803
270109,0.39166261402320685
270110,0.47430018043732186
270111,0.7730671163207148
270112,0.05377668495279996
270113,0.6487380750019317
270114,0.2541166525013521
270115,0.12785143236327443
270116,0.34568063957531325
270117,0.49856604596833937
270118,0.6020107171588167
270119,0.8156403252416815
270120,0.8273255734679871
270121,0.15464432940492046
270122,0.19054544793451536
270123,0.20310334013571432
270124,0.32696878934283546
270125,0.7352389090132306
270126,0.15904390944500751
270127,0.9234027660995996
270128,0.8924784452393181
270129,0.1995400439049
270130,0.2022488762436313
270131,0.7602456129187669
270132,0.6463201239881649
270133,0.9741024720367601
270134,0.46683725644370305
270135,0.41354234368537546
270136,0.7075597329345836
270137,0.9512546529649443
270138,0.1191613527799619
270139,0.11021220701660295
270140,0.7517418791842597
270141,0.26674272001308963
270142,0.017771030947045963
270143,0.9155626053876675
270144,0.19581767194949573
270145,0.6490562264511115
270146,0.1803964167056781
270147,0.1772467173587976
270148,0.12416996559419327
270149,0.31783329773067115
270150,0.5377850296108099
270151,0.9943369042045986
270152,0.33986755809672714
270153,0.5730862054076656
270154,0.9686302671108666
270155,0.10074947391385368
270156,0.6810804423214148
270157,0.5809581812645157
270158,0.011308011507992417
270159,0.04098699669576995
270160,0.951890955863304
270161,0.8174310633984938
270162,0.4611468905240863
270163,0.5942069166125052
270164,0.03884174692415724
270165,0.19478140722930992
270166,0.3151153753505347
270167,0.644829357197722
270168,0.24261320510314924
270169,0.33790865417391974
270170,0.8803568750255658
270171,0.41196067648088136
270172,0.21619754477981648
270173,0.3169606537557778
270174,0.2701560305607192
270175,0.14992205289495095
270176,0.014316815213093295
270177,0.32534167193131563
270178,0.39027638270892323
270179,0.37099640488862423
270180,0.6056967289486004
270181,0.23808181946268764
270182,0.8109135037110095
270183,0.32489625990246385
270184,0.09529090405006795
270185,0.9868148949418465
270186,0.22816458428968145
270187,0.2765645097513419
270188,0.7572731693792865
270189,0.330677526236132
270190,0.1846414660418778
270191,0.459092541166525
270192,0.3070434185827716
270193,0.5899073270278746
270194,0.5897573413446898
270195,0.8724758091273106
270196,0.8381836279264253
270197,0.7385113239190805
270198,0.708409651805964
270199,0.018493689238754482
270200,0.6742447311847506
270201,0.3964076156366892
270202,0.2047031874230187
270203,0.09075497338890379
270204,0.7332800050904232
270205,0.42584116970652797
270206,0.26918339613036935
270207,0.056085555469705166
270208,0.5189004685916344
270209,0.15839397148454012
270210,0.004754091654887488
270211,0.3293094750046586
270212,0.8696306261675022
270213,0.743265415573968
270214,0.40414778589316475
270215,0.2790779061998627
270216,0.3993846041968721
270217,0.8177855750132942
270218,0.3443262234059476
270219,0.7335345262497671
270220,0.4180555492430268
270221,0.5533789956413251
270222,0.28608178310252197
270223,0.1677248989869149
270224,0.5688775162370865
270225,0.825216683861995
270226,0.5018339158534868
270227,0.22865544652555891
270228,0.3872266738174992
270229,0.3414992205289495
270230,0.6874980115534427
270231,0.8189945505201777
270232,0.12655610146304216
270233,0.5179641943269052
270234,0.0915367169497457
270235,0.35903845542016444
270236,0.13335545243408584
270237,0.681353143563569
270238,0.5425709364106154
270239,0.9125856168274847
270240,0.025502111162116346
270241,0.5259179805564015
270242,0.930702069347926
270243,0.3479031546988696
270244,0.8701169433826771
270245,0.15307175224183148
270246,0.9915008112861955
270247,0.7275532790051858
270248,0.17818753664422943
270249,0.3588930147576822
270250,0.14059567041327875
270251,0.5611418910013136
270252,0.4433349543907172
270253,0.04139150353829862
270254,0.3338726757900382
270255,0.11956585962249057
270256,0.869157944014435
270257,0.29880329604901346
270258,0.7728171401820735
270259,0.1389003776912204
270260,0.29329018593679695
270261,0.6240995177733034
270262,0.8210988951054673
270263,0.34622149703891897
270264,0.7981510855781948
270265,0.33852677698946915
270266,0.9499775021475223
270267,0.9873966575917754
270268,0.32087391658069003
270269,0.6699451416001201
270270,0.5863122156521423
270271,0.5735497975193278
270272,0.5817126547011422
270273,0.7479740570218298
270274,0.019666304580017363
270275,0.06951609164579745
270276,0.5718226896523514
270277,0.8877698037914563
270278,0.16152094572790782
270279,0.7213538707668814
270280,0.5638643584021525
270281,0.9568041232427813
270282,0.057712672881224975
270283,0.6127233309547725
270284,0.02443403129701256
270285,0.26400661755014293
270286,0.013785047790892688
270287,0.7653224010435368
270288,0.42053258552592704
270289,0.10125851623254142
270290,0.48436740129351286
270291,0.44143968075774587
270292,0.0062812186109507725
270293,0.6721858368064866
270294,0.7900836738311343
270295,0.15961658205353124
270296,0.699819562678108
270297,0.09244572109025957
270298,0.34658509869512455
270299,0.18382336231541535
270300,0.5992155294267366
270301,0.1520491225837534
270302,0.8829339017639226
270303,0.2796642138704941
270304,0.49034864853809407
270305,0.29258570772789866
270306,0.18794569609264572
270307,0.4689188759254798
270308,0.7754214370446457
270309,0.8272255830125307
270310,0.5613327818708214
270311,0.06290308652355911
270312,0.748869426100236
270313,0.07312483808363746
270314,0.9478686125415302
270315,0.6354438894469165
270316,0.24659009821789737
270317,0.11696156275991837
270318,0.8958144904350039
270319,0.6005154053476714
270320,0.5053244917530599
270321,0.3171924498116089
270322,0.635216638411788
270323,0.5156098736029743
270324,0.12439267160861917
270325,0.029133582703469215
270326,0.7193086114507252
270327,0.794583244326678
270328,0.5469750614714051
270329,0.15972566255039292
270330,0.31710154939755747
270331,0.3088205216774762
270332,0.3464442030533449
270333,0.7781075442798642
270334,0.658232623249599
270335,0.29568086682634837
270336,0.03958258529867603
270337,0.29550815603965075
270338,0.7930243022256966
270339,0.669058862563119
270340,0.47289576904022795
270341,0.018570954590698165
270342,0.33344544384399666
270343,0.9082178519323155
270344,0.29129946686907154
270345,0.08510096763490757
270346,0.586389481004086
270347,0.8535457979011095
270348,0.2014035023929534
270349,0.37250535176187727
270350,0.23181423591384462
270351,0.6018789115584422
270352,0.04704096427159226
270353,0.21501583939714847
270354,0.4978615677594411
270355,0.7792210743519937
270356,0.7233809500002273
270357,0.39340790197299347
270358,0.033610428095499974
270359,0.17849659805200413
270360,0.740215706682544
270361,0.20458047186404935
270362,0.6994150558355794
270363,0.5584966889524182
270364,0.3329818517323346
270365,0.09035046654637512
270366,0.9897418882743012
270367,0.2203880538675854
270368,0.6752764508842338
270369,0.07480195072288554
270370,0.8591134482617568
270371,0.13620518041459678
270372,0.8883106612550621
270373,0.41216974743319956
270374,0.11912499261434135
270375,0.17220174437894564
270376,0.5714409079133357
270377,0.8052504079156081
270378,0.17074733775412348
270379,0.3819726298853291
270380,0.034573972484444666
270381,0.028610905322673744
270382,0.46429204485026426
270383,0.9511819326337031
270384,0.42017807391112666
270385,0.993341544670736
270386,0.9470096036287445
270387,0.9171669976956746
270388,0.8454920212161567
270389,0.5795810399916372
270390,0.19236345621554307
270391,0.19269978774753319
270392,0.8651401457133637
270393,0.43003622381499945
270394,0.5011339826652911
270395,0.4044113970939137
270396,0.7346071511355735
270397,0.5253362179064726
270398,0.3631880593216102
270399,0.7831616073011213
270400,0.3863676649047136
270401,0.582285327309666
270402,0.5522063803000623
270403,0.5776857663586659
270404,0.9933688147949514
270405,0.6398934647147317
270406,0.24006344848900787
270407,0.967921243881266
270408,0.7142500034087655
270409,0.9108857790847238
270410,0.7050554265274679
270411,0.7185904981797192
270412,0.6202498852382272
270413,0.5748814885851805
270414,0.3827043782184428
270415,0.3403266051876866
270416,0.51073761140982
270417,0.8513278277982557
270418,0.0511496629867149
270419,0.5869121583848814
270420,0.9052863135791583
270421,0.6314397262079529
270422,0.02235695683593839
270423,0.6147367751260108
270424,0.5196049468005327
270425,0.8205989428281847
270426,0.31606982969807423
270427,0.4214052295008203
270428,0.3453624881261334
270429,0.8771026402025262
270430,0.8792615250362465
270431,0.5346353302639294
270432,0.265229228119134
270433,0.7078187991146301
270434,0.07994691415819398
270435,0.30912958308525096
270436,0.3514300907640634
270437,0.7257807209311838
270438,0.10853054935665231
270439,0.1751696428977234
270440,0.6933656332804596
270441,0.8707759713845497
270442,0.21754741592847956
270443,0.6418387335754314
270444,0.1054672054031206
270445,0.42148703987346664
270446,0.027011058035369354
270447,0.34754864308406924
270448,0.5701864821994265
270449,0.808890969498366
270450,0.5473750232932311
270451,0.6424023161425501
270452,0.3280368692079392
270453,0.12785143236327443
270454,0.44115788947418655
270455,0.6193499711391186
270456,0.20546675090105038
270457,0.8940919275887301
270458,0.8158903013803228
270459,0.3003304230050768
270460,0.9121538398607406
270461,0.04271410456274629
270462,0.495361806373028
270463,0.9271705882620296
270464,0.36498788751982764
270465,0.3530435731134755
270466,0.15065834624876717
270467,0.7981010903504666
270468,0.490475909117766
270469,0.8915421709745888
270470,0.7903927352389091
270471,0.6806259402511579
270472,0.25926616095736316
270473,0.9596220360783744
270474,0.11477540780198253
270475,0.07334754409806335
270476,0.3845314765408756
270477,0.5431117938742211
270478,0.20684389217392887
270479,0.29106767081324053
270480,0.48860790560901
270481,0.9035410256293718
270482,0.2439085360033815
270483,0.5698274255639235
270484,0.7924470845964704
270485,0.1380413687784348
270486,0.38182264420214435
270487,0.7221765195140465
270488,0.11773876130005771
270489,0.5029247208221034
270490,0.32399180078265255
270491,0.15232182382590753
270492,0.37757304984524204
270493,0.5413801409865422
270494,0.551533717236082
270495,0.25661186886706266
270496,0.7430472545802447
270497,0.3379995545879711
270498,0.5479158807568368
270499,0.36044286681725834
270500,0.822980533676331
270501,0.23155516973379814
270502,0.47707264306588915
270503,0.5966385026883798
270504,0.9735207093868313
270505,0.08616904750001136
270506,0.7202767008603724
270507,0.7615454888397017
270508,0.576163184423305
270509,0.018657309984046976
270510,0.23797728398652856
270511,0.5281404956799579
270512,0.3213284186509469
270513,0.14698596952109116
270514,0.42376409524545383
270515,0.22598297435244818
270516,0.6678907922425587
270517,0.1809872693970121
270518,0.5577740306607096
270519,0.48099954095290903
270520,0.5030519814017753
270521,0.5210911685702729
270522,0.28213216011198927
270523,0.041736925111693884
270524,0.8827293758323069
270525,0.7156998650128852
270526,0.6501833915853487
270527,0.04520023088705169
270528,0.6728312297462514
270529,0.04787270306016244
270530,0.11130755700592215
270531,0.4180510042223242
270532,0.1634434894850946
270533,0.867585366851346
270534,0.019975365987792076
270535,0.7132091936678772
270536,0.7408974597879293
270537,0.6314533612700606
270538,0.4574017934651692
270539,0.7614864035705683
270540,0.43878993368814795
270541,0.8199217347435018
270542,0.8138995823125974
270543,0.0298607860158803
270544,0.7545916071647707
270545,0.41616482063075794
270546,0.48419469050681524
270547,0.2207380204616832
270548,0.9022138795842215
270549,0.05887619818108271
270550,0.1393139745751542
270551,0.58156721403866
270552,0.7129637625499385
270553,0.05702182973443444
270554,0.16754764317951468
270555,0.6984878716122552
270556,0.12165202412496988
270557,0.4379400148167675
270558,0.3219965366942246
270559,0.5220638030006226
270560,0.15145826989241937
270561,0.15579876466337303
270562,0.2756418705487203
270563,0.5657505419937188
270564,0.4903259234345812
270565,0.7885929070406916
270566,0.5788356565964158
270567,0.6669227028329114
270568,0.5367033146835984
270569,0.10126760627394657
270570,0.13266460928729532
270571,0.3227146499652306
270572,0.8697078915194458
270573,0.17001104440030726
270574,0.9609855422891452
270575,0.09252298644220323
270576,0.2649428918148722
270577,0.4461528672263102
270578,0.48056776398616496
270579,0.6221406138504961
270580,0.8602269783338863
270581,0.5587648451738698
270582,0.4479436053831225
270583,0.3667422655110194
270584,0.09017775575967747
270585,0.7582912540166621
270586,0.09010958044913894
270587,0.6096327168770254
270588,0.7886656273719327
270589,0.49350289290567717
270590,0.5310174937846842
270591,0.5483567477649861
270592,0.876734493525618
270593,0.26476563600747194
270594,0.44734820767108596
270595,0.9953549888419742
270596,0.4782498034278546
270597,0.28280936819667213
270598,0.2856818212806959
270599,0.13195104103699193
270600,0.4796223996800305
270601,0.9490548629449007
270602,0.6067102685652733
270603,0.35871121392957944
270604,0.18862290417732855
270605,0.7119456779125629
270606,0.9259388876516332
270607,0.6667181769012959
270608,0.04547747714990842
270609,0.9777248535367079
270610,0.42588661991355364
270611,0.024593107021602483
270612,0.36301989355561515
270613,0.5582512578344794
270614,0.93424718549593
270615,0.6956608687352571
270616,0.5888210670799606
270617,0.6073374814222279
270618,0.5257361797282988
270619,0.2619977183996073
270620,0.6715222637839116
270621,0.5472568527549644
270622,0.07595638598133815
270623,0.7405065880075085
270624,0.1706109871330464
270625,0.6507969693801956
270626,0.7106503470123307
270627,0.23954531612891497
270628,0.46952790869962413
270629,0.675812763327137
270630,0.18579135627962784
270631,0.789601901636662
270632,0.7557778575681412
270633,0.33950395644052156
270634,0.024470391462633113
270635,0.9379059271614982
270636,0.625549379377423
270637,0.8049413465078334
270638,0.46966425932070116
270639,0.47341390140032086
270640,0.9540771108212398
270641,0.41782829820789835
270642,0.1205975793219738
270643,0.5052335913390086
270644,0.8100044995704956
270645,0.7154817040191619
270646,0.13378268438012736
270647,0.7414065021066171
270648,0.05429936233359543
270649,0.023034164920621214
270650,0.08449647988146586
270651,0.9544907077051736
270652,0.15589875511882959
270653,0.33880856827302847
270654,0.3714599970002863
270655,0.9826652910404007
270656,0.40623395039564403
270657,0.27414201371687247
270658,0.3069888783343408
270659,0.19916280718658674
270660,0.2128660446048332
270661,0.8975143281777649
270662,0.27863249417101094
270663,0.13633244099426875
270664,0.4274273819317247
270665,0.14272274010208116
270666,0.3390085491839415
270667,0.1401729834879398
270668,0.6931701973902492
270669,0.4139923007349299
270670,0.3276187273033029
270671,0.037437335527063326
270672,0.9142763645288404
270673,0.3117747851341463
270674,0.30013044209416373
270675,0.8452920403052436
270676,0.9479186077692584
270677,0.5042200517223355
270678,0.6960699205984884
270679,0.9777475786402208
270680,0.1224928529549452
270681,0.5879075179187442
270682,0.5470023315956205
270683,0.650960590125488
270684,0.8770708250576081
270685,0.6663954804314134
270686,0.32146931429272657
270687,0.057776303171060944
270688,0.10099490503179241
270689,0.4148240395235
270690,0.5914980842737739
270691,0.12476536330622985
270692,0.4602015262179519
270693,0.09132310097672494
270694,0.5066607278396154
270695,0.32206471200476317
270696,0.9910872144022616
270697,0.7086414478617951
270698,0.7534553519891283
270699,0.07042055076560874
270700,0.8081728562273601
270701,0.48532640066175503
270702,0.9763477122638293
270703,0.37150544720731205
270704,0.2754100744928893
270705,0.9821062534939847
270706,0.8031187932061031
270707,0.46369210211752515
270708,0.02130251203294231
270709,0.6277582594388718
270710,0.31150208389199213
270711,0.9635262088618815
270712,0.5188731984674191
270713,0.4993341544670735
270714,0.513396448520823
270715,0.5380486408115589
270716,0.8862335867939879
270717,0.9082087618909104
270718,0.059771567259488866
270719,0.8332113752778144
270720,0.7291894864581109
270721,0.5444343948986688
270722,0.6896932565527837
270723,0.195899482322142
270724,0.7120638484508297
270725,0.40933365451479625
270726,0.5726907886065421
270727,0.12064302952899951
270728,0.7091095849941597
270729,0.7541371050945138
270730,0.5360306516196182
270731,0.5197958376700406
270732,0.9843969439280796
270733,0.8923693647424564
270734,0.6537966830438913
270735,0.13201921634753047
270736,0.5177414883124793
270737,0.7255671049581631
270738,0.35835670231477906
270739,0.9899100540402961
270740,0.20871189568268483
270741,0.8860654210279928
270742,0.19493139291249473
270743,0.7355161552760873
270744,0.4889578722031079
270745,0.6157184995977657
270746,0.926702451129665
270747,0.892796596688498
270748,0.652069575176915
270749,0.6637139182168975
270750,0.09961776375891392
270751,0.3560160166529558
270752,0.7805391303557389
270753,0.19987637543689013
270754,0.022252421359779295
270755,0.29653078569772884
270756,0.4433622245149326
270757,0.02975170551901864
270758,0.038719031365187874
270759,0.18960008362838093
270760,0.9013457806300308
270761,0.8945873348453103
270762,0.40527040600669934
270763,0.5660596034014935
270764,0.6528422286963518
270765,0.5126465201048991
270766,0.4332540984724185
270767,0.17602865181050903
270768,0.7211493448352657
270769,0.46860526949700254
270770,0.276605414937665
270771,0.06839347153226281
270772,0.34264002072529437
270773,0.08011962494489161
270774,0.816131187477559
270775,0.8173583430672527
270776,0.8405515837124639
270777,0.6098372428086409
270778,0.25836170183755186
270779,0.34027660995995834
270780,0.11507083414764953
270781,0.8316160730112125
270782,0.5836124733548161
270783,0.9423009621808828
270784,0.2121933815408529
270785,0.8958372155385168
270786,0.5086741720108536
270787,0.06176228632721422
270788,0.8580180982724376
270789,0.5640416142095527
270790,0.09684075610964407
270791,0.2638748119497684
270792,0.14307270669617903
270793,0.7281941269242482
270794,0.85784538748574
270795,0.6962471764058885
270796,0.6578690215933934
270797,0.6172547165952341
270798,0.7656132823685012
270799,0.5689638716304353
270800,0.7703128337749579
270801,0.775407801982538
270802,0.9040546129687621
270803,0.9932642793187922
270804,0.030251657796301262
270805,0.7725853441262426
270806,0.14413169651987764
270807,0.09287295303630107
270808,0.9163079887828889
270809,0.27773258007190216
270810,0.8133087296212634
270811,0.12764236141095625
270812,0.03556478699760477
270813,0.563468941601029
270814,0.1809918144177147
270815,0.8457556324169057
270816,0.6459110721249335
270817,0.009780884551929134
270818,0.5315856213725054
270819,0.15659414328632268
270820,0.23146881434044933
270821,0.9220710750337469
270822,0.3252462264965617
270823,0.6506378936556056
270824,0.5024793087932516
270825,0.6613096022652384
270826,0.5974338813113295
270827,0.19431781511764787
270828,0.5771585439571677
270829,0.40157075915480794
270830,0.3993346089691438
270831,0.04873171197294804
270832,0.8721531126574282
270833,0.907263397584776
270834,0.7429063589384649
270835,0.7724898986914887
270836,0.016352984487844342
270837,0.3563296230814331
270838,0.2565618736393344
270839,0.06466200953545344
270840,0.49523909081405865
270841,0.9826925611646161
270842,0.6742310961226429
270843,0.2654928393198831
270844,0.7715945296130824
270845,0.9735525245317493
270846,0.7674585607737443
270847,0.6844664827448289
270848,0.9719799473686603
270849,0.5380850009771795
270850,0.15042200517223356
270851,0.6569691074942846
270852,0.7099595038655401
270853,0.4919030456183728
270854,0.2507533371814508
270855,0.22037896382618022
270856,0.029774430622531486
270857,0.5182641656932747
270858,0.9191622617841024
270859,0.31937405974884214
270860,0.7538962189972775
270861,0.22003354225278496
270862,0.9159625672094936
270863,0.9725208048322661
270864,0.3019075451888683
270865,0.9324291772149023
270866,0.3674240186164048
270867,0.01922998259257071
270868,0.9056726403388767
270869,0.45295676321805645
270870,0.11151208293753777
270871,0.22744647101867552
270872,0.9332563709827698
270873,0.32584162420859825
270874,0.4252957672222197
270875,0.7231582439858013
270876,0.9870285109148672
270877,0.8718531412910586
270878,0.20708023325046246
270879,0.9311974766045059
270880,0.4202007990146395
270881,0.09348653083114793
270882,0.24834902122979172
270883,0.054649328927693266
270884,0.9699619581767196
270885,0.2438812658791661
270886,0.2948809431826962
270887,0.7866749083042074
270888,0.337104185509565
270889,0.2264238413605974
270890,0.9164852445902891
270891,0.41362869907872424
270892,0.14180919094086472
270893,0.4846673726598824
270894,0.8450647892701152
270895,0.554615241272424
270896,0.8627494648238123
270897,0.1693838315433527
270898,0.5141781920816649
270899,0.6571509083223874
270900,0.9598538321342054
270901,0.20078992459810655
270902,0.49965685093695594
270903,0.13481894910031317
270904,0.10813967757623136
270905,0.6225133055481068
270906,0.24091791238109092
270907,0.4758545775176006
270908,0.23889992318915013
270909,0.8778252984942347
270910,0.8896468973416174
270911,0.7943423582294418
270912,0.9627126501561215
270913,0.2701014903122883
270914,0.11854322996441248
270915,0.7116002563391677
270916,0.7446607369296567
270917,0.025970248294480983
270918,0.2975852305007249
270919,0.07926970607351116
270920,0.14161375505065424
270921,0.632789597356616
270922,0.9316110734884397
270923,0.6847437290076857
270924,0.5553378995641325
270925,0.3513937305984428
270926,0.17438335431617893
270927,0.10758064002981532
270928,0.29278114361810914
270929,0.6984878716122552
270930,0.9194531431090669
270931,0.08179673758413969
270932,0.2626612914221824
270933,0.22760554674326544
270934,0.03799182805277678
270935,0.17589230118943192
270936,0.051490539539407604
270937,0.9984683280232342
270938,0.41319692211198017
270939,0.30367101322146517
270940,0.6169411101667568
270941,0.5639916189818245
270942,0.8569091132210108
270943,0.4280455047472741
270944,0.6326123415492159
270945,0.6185091423091432
270946,0.00220888006144868
270947,0.08316478881561304
270948,0.9744478936101555
270949,0.07522009262752191
270950,0.939260343330864
270951,0.8872516714313634
270952,0.5843487667086324
270953,0.4030251657796301
270954,0.21174342449129857
270955,0.36892842046895524
270956,0.32068757073188464
270957,0.251026038423605
270958,0.1228928147767713
270959,0.01325328036869208
270960,0.9592857045463842
270961,0.3933260916003472
270962,0.9852105026338396
270963,0.7335118011462542
270964,0.8479872375818672
270965,0.796651228746347
270966,0.00980815467614455
270967,0.8096408979142901
270968,0.18886833529526728
270969,0.4674962844455756
270970,0.576944927984147
270971,0.47162770826421113
270972,0.2896178092091209
270973,0.010335377077642588
270974,0.9558405788538367
270975,0.5485067334481708
270976,0.9885101876639049
270977,0.32024215870303285
270978,0.5136327895973566
270979,0.06583007985601373
270980,0.3776775853214011
270981,0.48413106021697927
270982,0.49082587571186387
270983,0.44033069570631894
270984,0.1430272564891533
270985,0.18680035087559824
270986,0.6962971716336168
270987,0.36677408065593736
270988,0.7482967534917122
270989,0.5563741642843184
270990,0.6635912026579281
270991,0.8129951231927862
270992,0.4435440253430354
270993,0.10909867694447348
270994,0.3788729257661768
270995,0.8146949609355472
270996,0.0190981769921962
270997,0.24610832602342503
270998,0.8465919162261785
270999,0.2740647483649288
271000,0.2965216956563237
271001,0.2909404102335686
271002,0.5850668799796384
271003,0.5403575113284641
271004,0.7938151358279437
271005,0.20694388262938537
271006,0.7564459756114189
271007,0.3344680735020748
271008,0.32555074288363384
271009,0.1598211079851469
271010,0.3907808800069084
271011,0.8083137518691398
271012,0.7613909581358144
271013,0.07986964880625032
271014,0.601110803059708
271015,0.15673049390739974
271016,0.6559555678776117
271017,0.665059244344858
271018,0.6752491807600184
271019,0.9653214920393962
271020,0.7253716690679527
271021,0.4465710091309466
271022,0.3898627858249894
271023,0.8262529485821809
271024,0.0365237863658469
271025,0.23444580290063222
271026,0.4365174233368633
271027,0.8179582857999919
271028,0.9480504133696329
271029,0.5610328105044519
271030,0.7211084396489426
271031,0.17066098236077468
271032,0.42938174083382946
271033,0.5696774398807387
271034,0.2560119261343235
271035,0.10364465210139032
271036,0.9358197626590189
271037,0.28529094950027495
271038,0.6434703960076539
271039,0.14438621767922152
271040,0.7323528208670991
271041,0.334254457529054
271042,0.08572363547115956
271043,0.7821662477672586
271044,0.7203766913158289
271045,0.5193776957654042
271046,0.3852404997704764
271047,0.7596093100204072
271048,0.7819708118770481
271049,0.43902627476468153
271050,0.933233645879257
271051,0.49462551301921176
271052,0.7194449620718023
271053,0.608096499879557
271054,0.47695447252762235
271055,0.0027951877320801194
271056,0.8154312542893634
271057,0.0703523754550702
271058,0.6194363265324674
271059,0.7978602042532305
271060,0.4671099576858572
271061,0.6971380004635922
271062,0.07962421768831156
271063,0.26213406902068437
271064,0.9141172888042506
271065,0.8258984369673804
271066,0.04084610105399031
271067,0.9428872698515142
271068,0.6202589752796324
271069,0.7505874439258071
271070,0.7303075615509429
271071,0.07233854950209298
271072,0.40673390267292664
271073,0.9487821617027465
271074,0.5121602028897242
271075,0.45825625735725223
271076,0.46720085809990863
271077,0.08261029628989959
271078,0.6864526567918517
271079,0.9334427168315752
271080,0.4682007626544739
271081,0.7604728639538954
271082,0.6358165811445271
271083,0.7444516659773386
271084,0.6171956313261008
271085,0.049686166320487585
271086,0.1614754955208821
271087,0.5355761495493613
271088,0.7232218742756373
271089,0.7578731121120257
271090,0.12015216729312202
271091,0.916835211184387
271092,0.06844801178069365
271093,0.5125556196908477
271094,0.9276432704150968
271095,0.5809081860367874
271096,0.09931779239254435
271097,0.4625149417555597
271098,0.027138318615041294
271099,0.8978415696683498
271100,0.7140727476013653
271101,0.53828043686739
271102,0.8368473918398699
271103,0.5581376323169152
271104,0.4488117043373132
271105,0.8046913703691921
271106,0.5270587807527464
271107,0.8995414074111108
271108,0.486012698787843
271109,0.6249585266860891
271110,0.6795396803032439
271111,0.7291576713131929
271112,0.23814090473182106
271113,0.6757900382236242
271114,0.1461678657946287
271115,0.5995518609587267
271116,0.9158034914849038
271117,0.8118861381413593
271118,0.4829857149999318
271119,0.13998663763913446
271120,0.744247140045723
271121,0.4816403888719713
271122,0.5592829775339626
271123,0.9780702751101031
271124,0.7578822021534308
271125,0.7642679562405408
271126,0.008580999086450838
271127,0.9442598661036901
271128,0.9928915876211817
271129,0.47846341940087533
271130,0.7746942337322347
271131,0.9815154008026508
271132,0.24062703105612646
271133,0.6570690979497411
271134,0.7294349175760495
271135,0.11883411128937692
271136,0.023352316369801066
271137,0.18533685420937093
271138,0.4334540793833316
271139,0.4917939651215111
271140,0.9503547388658355
271141,0.4917076097281623
271142,0.6499606855709228
271143,0.9903963712554711
271144,0.5650778789297386
271145,0.9701028538184991
271146,0.4628058230805241
271147,0.9529272205834898
271148,0.6917021557033193
271149,0.6314397262079529
271150,0.6916930656619141
271151,0.6875525518018735
271152,0.7239308975052382
271153,0.2886133596338531
271154,0.7373477986192227
271155,0.4802223424127697
271156,0.7426927429654443
271157,0.7757623135973384
271158,0.16862026806532104
271159,0.8250757882202154
271160,0.5137736852391364
271161,0.14259093450170665
271162,0.4328950418369155
271163,0.7388431104303681
271164,0.4158466691815781
271165,0.8569772885315493
271166,0.07875611873412082
271167,0.29262206789351924
271168,0.5454252094118288
271169,0.8870380554583427
271170,0.2835093013848678
271171,0.1367687629817154
271172,0.45577013103294683
271173,0.6233041391503539
271174,0.7534689870512361
271175,0.01505765358761209
271176,0.9613809590902687
271177,0.8590361829098132
271178,0.10842601388049322
271179,0.616391162661746
271180,0.4434576699496866
271181,0.9244981160889189
271182,0.7979374696051741
271183,0.8531322010171757
271184,0.01174887851614164
271185,0.1602756100554038
271186,0.9199530953863495
271187,0.15846214679507867
271188,0.8840656119188622
271189,0.9542634566700451
271190,0.8317433335908845
271191,0.21422500579490142
271192,0.8018461874093837
271193,0.2992168929329473
271194,0.21716108916876117
271195,0.7801937087823435
271196,0.1504629103585567
271197,0.36519695847214584
271198,0.44218506415296716
271199,0.016675680957726764
271200,0.48810340831102483
271201,0.5394894123742734
271202,0.3173515255361988
271203,0.5957294985478658
271204,0.13032846864617467
271205,0.21943359952004582
271206,0.11421637025556651
271207,0.2319460415142191
271208,0.7773530708432378
271209,0.9257570868235305
271210,0.04746819621763377
271211,0.4801859822471491
271212,0.23150062948536732
271213,0.8068502552029124
271214,0.3154744319860377
271215,0.48910785788629263
271216,0.11009403647833615
271217,0.9805836715586239
271218,0.8608405561287332
271219,0.5522927356934111
271220,0.7389658259893375
271221,0.1673249371650888
271222,0.27436471973129833
271223,0.6600324514478164
271224,0.7780120988451102
271225,0.8888742438221806
271226,0.20326696088100682
271227,0.9752614523159154
271228,0.15756677771667252
271229,0.46880525040791554
271230,0.9622172428995414
271231,0.007290213206921157
271232,0.11419819017275623
271233,0.892310279473323
271234,0.20539857559051183
271235,0.9052181382686199
271236,0.4524068157130456
271237,0.9598311070306926
271238,0.14629967139500322
271239,0.6733266370028316
271240,0.4907895155462433
271241,0.7141591029947142
271242,0.4666281854913849
271243,0.5013930488453375
271244,0.7182359865649188
271245,0.5118238713577341
271246,0.8916376164093428
271247,0.6356120552129115
271248,0.18537775939569404
271249,0.8675626417478333
271250,0.6116052558619406
271251,0.134841674203826
271252,0.760118352339095
271253,0.000440867008149222
271254,0.4374582426222951
271255,0.32592343458124445
271256,0.5928615904845447
271257,0.8564500661300513
271258,0.36738765845078425
271259,0.4241186068602542
271260,0.9270206025788448
271261,0.554151649160762
271262,0.06734357174996931
271263,0.30156666863617565
271264,0.4147195040473409
271265,0.4037205539471232
271266,0.4950936501515764
271267,0.9766613186923067
271268,0.3086205407665632
271269,0.8615404893169288
271270,0.7824207689266025
271271,0.43449488912421996
271272,0.6816076647229128
271273,0.10762154521613845
271274,0.8399152808141042
271275,0.4065702819276341
271276,0.13941396503061074
271277,0.6865617372887134
271278,0.5717181541761923
271279,0.5910663073070298
271280,0.5768812976943111
271281,0.06333486349030319
271282,0.03591475359170261
271283,0.48718076910840324
271284,0.5697956104190055
271285,0.987896609869058
271286,0.9747387749351198
271287,0.15725771630889782
271288,0.1511083032983215
271289,0.9871557714945391
271290,0.6540966544102609
271291,0.8958599406420296
271292,0.4731684702823821
271293,0.3974302452947673
271294,0.783670649619809
271295,0.6415387622090618
271296,0.16019379968275757
271297,0.11834324905349944
271298,0.9910235841124256
271299,0.9330063948441285
271300,0.8243576749492094
271301,0.029056317351525536
271302,0.9967639452597706
271303,0.2960808286481745
271304,0.6002427041055173
271305,0.222396953018121
271306,0.26162048168129404
271307,0.3976665863713009
271308,0.44364401579849194
271309,0.35078469782429855
271310,0.09420918912285645
271311,0.00850827875520973
271312,0.6231223383222511
271313,0.2986169502002081
271314,0.9311838415423982
271315,0.6478290708614178
271316,0.5170188300207708
271317,0.12141568304843628
271318,0.6290717704219143
271319,0.6110962135432527
271320,0.568354838856291
271321,0.4607651087850705
271322,0.018893651060580583
271323,0.30243931261106893
271324,0.5742679107903337
271325,0.44585289585994065
271326,0.1878275255543789
271327,0.7546643274960118
271328,0.21305239045363852
271329,0.8034005844896625
271330,0.5938933101840279
271331,0.5529608537366888
271332,0.6266447293667423
271333,0.9625899345971521
271334,0.06931611073488439
271335,0.5786084055612873
271336,0.5965157871294104
271337,0.4771771785420482
271338,0.13795955840578852
271339,0.31869685166415934
271340,0.8102590207298395
271341,0.2773098931465633
271342,0.08972779871012311
271343,0.5735634325814355
271344,0.3628744528931329
271345,0.8573908854154831
271346,0.8261938633130474
271347,0.8690988587453016
271348,0.8863790274564701
271349,0.6273810227205585
271350,0.914376354984297
271351,0.06727539643943077
271352,0.288899695938115
271353,0.04501843005894892
271354,0.8475009203666923
271355,0.5294903668286209
271356,0.9288567909426828
271357,0.21976993105203593
271358,0.5499111448452648
271359,0.1933951759150263
271360,0.6706087146226951
271361,0.49244844810268107
271362,0.11552533621790646
271363,0.8757982192608887
271364,0.341367414928575
271365,0.706341667386295
271366,0.31079760568309384
271367,0.20585307766076874
271368,0.8583180696388073
271369,0.4060294244640284
271370,0.4219824471300467
271371,0.4797905654460256
271372,0.6180546402388863
271373,0.5327945968793889
271374,0.6337440517041556
271375,0.15958476690861328
271376,0.4943437217356525
271377,0.1341008358293072
271378,0.0766744992523441
271379,0.7135137100549493
271380,0.3494075565514201
271381,0.12322460128805886
271382,0.5760359238436331
271383,0.6933974484253776
271384,0.580785470477818
271385,0.7828616359347517
271386,0.4531022038805386
271387,0.5121465678276165
271388,0.21310238568136677
271389,0.1509037773667059
271390,0.78667945332491
271391,0.2462628567273124
271392,0.4805450388826521
271393,0.7793074297453425
271394,0.5112921039355335
271395,0.9798882833911309
271396,0.6202135250726067
271397,0.06357120456683679
271398,0.7885156416887479
271399,0.892564800632667
271400,0.5067152680880462
271401,0.0453320364874262
271402,0.04831357006831166
271403,0.7554233459533408
271404,0.7113139200349058
271405,0.7142363683466578
271406,0.4302180246431022
271407,0.7558505778993824
271408,0.12651974129742163
271409,0.08194672326732447
271410,0.7056690043223147
271411,0.7370114670872326
271412,0.5770994586880344
271413,0.10468546184227868
271414,0.206525740724749
271415,0.20093991028129132
271416,0.1978038459965185
271417,0.400757200449048
271418,0.8695260906913431
271419,0.48003145154326177
271420,0.035505701728471374
271421,0.5568195763131701
271422,0.1035855668322569
271423,0.18510051313283732
271424,0.3642924993523345
271425,0.6688543366315033
271426,0.933560887369842
271427,0.7337208720985725
271428,0.19755841487857978
271429,0.4298544229868967
271430,0.4529794883215693
271431,0.6267856250085219
271432,0.030092582071711338
271433,0.02152067302666564
271434,0.8143540843828544
271435,0.26811986128596815
271436,0.7618818203716918
271437,0.2349684802814277
271438,0.8852155021566124
271439,0.20293517436971925
271440,0.07516100735838852
271441,0.4223869539725753
271442,0.31215656687316207
271443,0.11781148163129881
271444,0.7551915498975098
271445,0.6460928729530363
271446,0.9910508542366411
271447,0.1458133541798283
271448,0.4222506033514982
271449,0.4229050863326682
271450,0.05790810877143545
271451,0.4016571145481567
271452,0.5001658932556439
271453,0.4635284813722326
271454,0.7345617009285478
271455,0.25886619913553705
271456,0.32980942728194124
271457,0.5354579790110945
271458,0.9219574495161826
271459,0.8320478499779567
271460,0.764117970557356
271461,0.7586594006935702
271462,0.2926675181005449
271463,0.5389485549106677
271464,0.035505701728471374
271465,0.9256707314301817
271466,0.365437844569382
271467,0.5943750823785003
271468,0.5417710127669632
271469,0.8701305784447848
271470,0.6807213856859119
271471,0.796914839947096
271472,0.012953309002322505
271473,0.26796987560278335
271474,0.2187427563732553
271475,0.037041918725939794
271476,0.2342140068448012
271477,0.5244817540143896
271478,0.44614832220560763
271479,0.7570731884683736
271480,0.06936156094191008
271481,0.6282627567368569
271482,0.42140068448011775
271483,0.512246558283073
271484,0.6477790756336895
271485,0.9572904404579563
271486,0.9242163248053595
271487,0.2430495270905959
271488,0.5171097304348221
271489,0.12447902700196799
271490,0.4440985178687489
271491,0.14473163925261678
271492,0.7497557051372369
271493,0.011012585162325415
271494,0.5802400679935097
271495,0.931829234482163
271496,0.15298994186918521
271497,0.7383249780702751
271498,0.11413455988292026
271499,0.17704219142718194
271500,0.2148022234241277
271501,0.740806559373878
271502,0.7765622372409907
271503,0.512669245208412
271504,0.07039782566209589
271505,0.46247858158993915
271506,0.8711441180614579
271507,0.05243590384554202
271508,0.8509505910799424
271509,0.5799719117720581
271510,0.5364306134414442
271511,0.6424614014116835
271512,0.1890092309370469
271513,0.3627608273755687
271514,0.25488476100008634
271515,0.21457042736829668
271516,0.2648110862144977
271517,0.15067198131087486
271518,0.9258388971961767
271519,0.7614545884256504
271520,0.5851895955386077
271521,0.6336622413315093
271522,0.625044882079438
271523,0.8911376641320602
271524,0.818494598242895
271525,0.0947500465864622
271526,0.7977556687770714
271527,0.882106707996055
271528,0.8997232082392135
271529,0.35516155276087286
271530,0.3518027824616741
271531,0.6064693824680372
271532,0.7636907386113144
271533,0.1223019620854373
271534,0.9705528108680536
271535,0.1855913753687148
271536,0.2634066748174038
271537,0.44089427827343747
271538,0.4608696442612296
271539,0.5353625335763404
271540,0.6457747215038564
271541,0.4731412001581667
271542,0.03390130942046441
271543,0.2015671231382459
271544,0.9689347834979388
271545,0.24219051817781032
271546,0.4021661568668445
271547,0.9281977629408102
271548,0.12291099485958158
271549,0.5282223060526041
271550,0.4491025856622776
271551,0.06733448170856418
271552,0.9780248249030774
271553,0.5322401043536754
271554,0.8121270242385954
271555,0.9087814344994342
271556,0.24634466709995864
271557,0.2224242231423364
271558,0.19061816826575645
271559,0.4582289872330368
271560,0.2004126878797933
271561,0.28708168765708725
271562,0.8529867603546935
271563,0.7032237831843324
271564,0.8102953808954599
271565,0.5579149263024894
271566,0.62009535453434
271567,0.30892960217433785
271568,0.5298403334227187
271569,0.6830257111821144
271570,0.33236827393748775
271571,0.4010617168361202
271572,0.7804755000659028
271573,0.7059780657300895
271574,0.16948836701951178
271575,0.8184127878702488
271576,0.8704305498111544
271577,0.20598033824044068
271578,0.4405170415551243
271579,0.7036555601510766
271580,0.8847473650242478
271581,0.31002040714295453
271582,0.2790460910549447
271583,0.36784670554174376
271584,0.0776198635584785
271585,0.14382263511210294
271586,0.9900054994750501
271587,0.029197212993305185
271588,0.39788020234432164
271589,0.7663677558051277
271590,0.6297626135687048
271591,0.420300789470096
271592,0.7434244912985579
271593,0.6002108889605993
271594,0.8386335849759795
271595,0.9199121902000263
271596,0.16788397471150482
271597,0.9472277646224678
271598,0.7672222196972108
271599,0.42011898864199326
271600,0.45449298021552487
271601,0.7100867644452121
271602,0.41831007040237067
271603,0.3414174101563032
271604,0.9202076165456934
271605,0.32737784120606667
271606,0.47529553997118457
271607,0.551892773871585
271608,0.9449461642297781
271609,0.19289067861704112
271610,0.640988814704051
271611,0.6617641043354954
271612,0.02273873857495421
271613,0.6205044063975712
271614,0.9044682098526959
271615,0.8028642720467591
271616,0.49168033960394686
271617,0.0017952831775148736
271618,0.4765636007472014
271619,0.3032119661305057
271620,0.707427927334209
271621,0.12812867862613117
271622,0.30148485826352933
271623,0.5699410510814877
271624,0.19332700060448776
271625,0.3514709959503865
271626,0.10284472845773812
271627,0.5838079092450267
271628,0.8669990591807146
271629,0.25723453670331464
271630,0.6261811372550802
271631,0.5114920848464465
271632,0.3130746610550811
271633,0.28007781075442795
271634,0.7637725489839606
271635,0.770026497470696
271636,0.3361360960999177
271637,0.2535303448307207
271638,0.29252662245876526
271639,0.30113034664872895
271640,0.9422009717254263
271641,0.4454620240795197
271642,0.33388631085214593
271643,0.34267638089091496
271644,0.054235732043759456
271645,0.23549570268292572
271646,0.559764749728435
271647,0.7267579003822363
271648,0.08990505451752333
271649,0.8184764181600848
271650,0.34851218747301393
271651,0.2361501856640957
271652,0.23368678444330315
271653,0.2581753559887465
271654,0.4882215788492916
271655,0.010726248858063548
271656,0.5902118434149467
271657,0.05633553160834648
271658,0.9341653751232837
271659,0.707555187913881
271660,0.5221274332904586
271661,0.5799264615650324
271662,0.8744892532985488
271663,0.61386867617182
271664,0.9527499647760896
271665,0.9308611450725158
271666,0.6789397375705047
271667,0.665850077947105
271668,0.7857659041636935
271669,0.6445521109348653
271670,0.3764776998559228
271671,0.12834229459915192
271672,0.5286313579158354
271673,0.37735943387222126
271674,0.4798132905495385
271675,0.7928652265011068
271676,0.4727912335640689
271677,0.10678980642756827
271678,0.15692592979761022
271679,0.4032115116284355
271680,0.5955113375541425
271681,0.6461019629944414
271682,0.8520595761313693
271683,0.8088546093327456
271684,0.873325727998691
271685,0.7274623785911345
271686,0.4662827639179896
271687,0.16627503738279528
271688,0.530576626776535
271689,0.90408642811368
271690,0.8026188409288205
271691,0.20332150112943764
271692,0.70896868935238
271693,0.34450802423405036
271694,0.7718899559587494
271695,0.8457010921684748
271696,0.022411497084369222
271697,0.22322414678598862
271698,0.10927138773117111
271699,0.22783279777839388
271700,0.23485939978456605
271701,0.774121561123711
271702,0.7206948427650088
271703,0.46992332550074767
271704,0.2976443157698583
271705,0.1007312938310434
271706,0.03610564446121052
271707,0.28575454161193703
271708,0.07865158325796175
271709,0.31257470877779847
271710,0.09266842710468545
271711,0.534289908690534
271712,0.45518836838301796
271713,0.8231259743388132
271714,0.40437958194899576
271715,0.17856931838324525
271716,0.9706164411578896
271717,0.7499693211102577
271718,0.3025256680044177
271719,0.8211307102503853
271720,0.29401284422850543
271721,0.6287172588071139
271722,0.561305511746606
271723,0.9107130682980261
271724,0.17559232982306236
271725,0.8617450152485444
271726,0.48090409551815505
271727,0.7765622372409907
271728,0.6280264156603234
271729,0.5294540066630005
271730,0.92441176069557
271731,0.33606337576867656
271732,0.8378245712909222
271733,0.5507065234682144
271734,0.33392267101776646
271735,0.7618636402888815
271736,0.4194735957022284
271737,0.1956404161420955
271738,0.20384417851023312
271739,0.023279596038559957
271740,0.936178819294522
271741,0.7107685175505974
271742,0.14442712286554465
271743,0.5660005181323601
271744,0.5641506947064144
271745,0.2589752796323987
271746,0.12845592011671614
271747,0.3521436590143668
271748,0.7337663223055981
271749,0.20813013303275596
271750,0.31452452265920067
271751,0.12418360065630099
271752,0.7532826412024307
271753,0.931661068716168
271754,0.2900359511137573
271755,0.9358470327832343
271756,0.20804377763940715
271757,0.12841955995109558
271758,0.27439653487621635
271759,0.07137046009244571
271760,0.32951400093627425
271761,0.8937555960567402
271762,0.13077388067502646
271763,0.09949050317924198
271764,0.07021147981329054
271765,0.6405115875302813
271766,0.7530826602915177
271767,0.2554074383808818
271768,0.4489435099376877
271769,0.5686729903054708
271770,0.20346694179191988
271771,0.09646351939133083
271772,0.4416351166479563
271773,0.9843287686175411
271774,0.7564096154457983
271775,0.5344035342080984
271776,0.4781361779102904
271777,0.35151644615741223
271778,0.39037637316437973
271779,0.6007244762999896
271780,0.2115479886010881
271781,0.8331159298430604
271782,0.6528604087791621
271783,0.816163002622477
271784,0.12913312820139897
271785,0.8724985342308234
271786,0.7856704587289396
271787,0.22548756709586812
271788,0.20277609864512935
271789,0.42660473318455966
271790,0.3547206857527236
271791,0.4669190668163493
271792,0.864103880993178
271793,0.9927643270415096
271794,0.28101863003985983
271795,0.17944196235813856
271796,0.32518259620672574
271797,0.9081542216424796
271798,0.19726298853291277
271799,0.21264788361110987
271800,0.3236327441471496
271801,0.7014194099654124
271802,0.7871294103744644
271803,0.6393344271683158
271804,0.34606696633503164
271805,0.3141063807545643
271806,0.11509810427186495
271807,0.28842701378504776
271808,0.25195322264692915
271809,0.9442598661036901
271810,0.4860036087464378
271811,0.9376059557951287
271812,0.07749714799950913
271813,0.25986155866939975
271814,0.6393253371269106
271815,0.1657114548156767
271816,0.42476399980001905
271817,0.40053449443462213
271818,0.3845087514373628
271819,0.6466473654787498
271820,0.20155803309684078
271821,0.4306270765063335
271822,0.8664763817999191
271823,0.6392480717749669
271824,0.8698078819749024
271825,0.7482513032846865
271826,0.12675608237395522
271827,0.6716404343221783
271828,0.10967589457369978
271829,0.942246421932452
271830,0.337008740074811
271831,0.4303134700778562
271832,0.7297303439217165
271833,0.3240827011967039
271834,0.7560141986446748
271835,0.33882220333513613
271836,0.012262465855531972
271837,0.6182909813154199
271838,0.5743633562250876
271839,0.35441616936565146
271840,0.00636302898359702
271841,0.6439521682021262
271842,0.061162343594475074
271843,0.5904390944500753
271844,0.3538116816122097
271845,0.3018120997541143
271846,0.8222033351361916
271847,0.29067679903281957
271848,0.756541421046173
271849,0.6311488448829884
271850,0.01663023075070107
271851,0.4491162207243854
271852,0.20117625135782494
271853,0.5913480985905891
271854,0.7227310120397599
271855,0.7832206925702547
271856,0.55467887156226
271857,0.6615277632589617
271858,0.369996500334059
271859,0.10436731039309884
271860,0.31837870021497944
271861,0.7044282136705132
271862,0.7370523722735558
271863,0.3079933279096086
271864,0.21907454288454284
271865,0.8618631857868113
271866,0.1543398130178483
271867,0.028129133128201398
271868,0.34697142545484294
271869,0.9153035392076212
271870,0.7051145117966012
271871,0.26762899905009063
271872,0.1739106721631117
271873,0.9161443680375965
271874,0.8755755132464629
271875,0.14510433095022748
271876,0.4587789347380477
271877,0.5145190686343576
271878,0.5166279582403499
271879,0.0028588180219160896
271880,0.7195358624858537
271881,0.14271365006067604
271882,0.08680535039837106
271883,0.7493511982947082
271884,0.0811149844787543
271885,0.5750632894132833
271886,0.3811181659932461
271887,0.1603074252003218
271888,0.3097795210457184
271889,0.7218310979406511
271890,0.35192549802064343
271891,0.19252707696083554
271892,0.5753587157589503
271893,0.0418687307120684
271894,0.14898577863022167
271895,0.3437899109630444
271896,0.6181773557978557
271897,0.4323223692283918
271898,0.03229237209175488
271899,0.09289567813981392
271900,0.7226991968948419
271901,0.12731057489966868
271902,0.725198958281255
271903,0.6298898741483767
271904,0.5829534453529437
271905,0.5484340131169297
271906,0.4059839742570027
271907,0.06516196181273605
271908,0.886210861690475
271909,0.8684534658055367
271910,0.09574540612032487
271911,0.24924439030819787
271912,0.07000695388167492
271913,0.24999886374482436
271914,0.6876161820917094
271915,0.8604542293690147
271916,0.8998141086532649
271917,0.15448070865962796
271918,0.47325028065502833
271919,0.6938883106612551
271920,0.1946677817117457
271921,0.7804891351280105
271922,0.59665668277119
271923,0.5289495093650152
271924,0.42914994477799845
271925,0.4664100244976616
271926,0.8552229105403576
271927,0.8096363528935875
271928,0.056890024134059934
271929,0.6896659864285681
271930,0.6235313901854823
271931,0.9271160480135987
271932,0.18245985610464457
271933,0.8410015407620182
271934,0.8357611318919558
271935,0.44339858468055315
271936,0.3560069266115507
271937,0.2733466350939228
271938,0.3136291535807945
271939,0.8655264724730821
271940,0.8720713022847819
271941,0.39625762995350444
271942,0.5783084341949178
271943,0.13464169329291295
271944,0.39494866399116446
271945,0.05315401711654797
271946,0.08473736597870203
271947,0.8951645524745365
271948,0.5653324000890824
271949,0.8596179455597421
271950,0.8747165043336772
271951,0.373605246771899
271952,0.06394844128515005
271953,0.4107198858290799
271954,0.31621981538125904
271955,0.49837970011953403
271956,0.297362524486299
271957,0.6296853482167611
271958,0.1807509283204785
271959,0.42813186014062293
271960,0.5592784325132601
271961,0.5680048722621932
271962,0.35237545507019785
271963,0.9152171838142723
271964,0.01019902645656551
271965,0.22549665713727327
271966,0.9843742188245668
271967,0.35174369719254067
271968,0.6694633694056477
271969,0.4286636275628235
271970,0.7565232409633625
271971,0.20708477827116503
271972,0.4111880229614446
271973,0.9724480845010249
271974,0.6315760768290299
271975,0.7966648638084547
271976,0.8389608264665646
271977,0.554574336086101
271978,0.3439171715427164
271979,0.6546466019152717
271980,0.37295076379072906
271981,0.6416251176024107
271982,0.7664541111984766
271983,0.8486280855009295
271984,0.505060880552311
271985,0.2132296462610387
271986,0.46672363092613883
271987,0.9709209575449615
271988,0.6902977443062254
271989,0.6484381036355621
271990,0.8513732780052814
271991,0.331763786184046
271992,0.8926193408810977
271993,0.7511283013894129
271994,0.36751491903045613
271995,0.8874561973629791
271996,0.24882170338285892
271997,0.7553506256220998
271998,0.33746324214506795
271999,0.8812067938969462
272000,0.1903000168165766
272001,0.1547397748396744
272002,0.4258320796651229
272003,0.3147199585494112
272004,0.8669581539943915
272005,0.743951713700056
272006,0.913458260802378
272007,0.3552569981956267
272008,0.4450938774026116
272009,0.04267774439712573
272010,0.40047086414478617
272011,0.11536626049331654
272012,0.0996632139659396
272013,0.5484749183032529
272014,0.5654687507101595
272015,0.736879661486858
272016,0.9900736747855887
272017,0.7978238440876099
272018,0.47308665990973586
272019,0.4019752659973366
272020,0.28786797623863175
272021,0.557337708673263
272022,0.4197872021307057
272023,0.048095409074588334
272024,0.8356020561673658
272025,0.014962208152858135
272026,0.38406333940851095
272027,0.898273346635094
272028,0.9555133373632517
272029,0.7810390826330215
272030,0.016730221206157598
272031,0.9188759254798406
272032,0.7489057862658565
272033,0.5563287140772927
272034,0.8294253730325742
272035,0.9203666922702832
272036,0.8344567109503185
272037,0.16441157889474187
272038,0.47642270510542173
272039,0.9961821826098418
272040,0.046386481290422284
272041,0.2998668308934147
272042,0.314710868508006
272043,0.21912908313297366
272044,0.0263974802405225
272045,0.2585934978933829
272046,0.24796723949077587
272047,0.6740174801496222
272048,0.3074797405702183
272049,0.4588880152349094
272050,0.36056103735552514
272051,0.3142563664377491
272052,0.9983137973193468
272053,0.06716177092186655
272054,0.8209807245672004
272055,0.41819644488480645
272056,0.3110339467596275
272057,0.18022825093968303
272058,0.6607551097395249
272059,0.16400707205221318
272060,0.12655155644233962
272061,0.8917057917198813
272062,0.5868439830743429
272063,0.24438576317715127
272064,0.36476518150540177
272065,0.31842415042200517
272066,0.8662264056612778
272067,0.6946882343049073
272068,0.5075197367524009
272069,0.8929284022888725
272070,0.564282500306789
272071,0.1946677817117457
272072,0.3338954008935511
272073,0.05352670881415865
272074,0.49872512169292926
272075,0.8247394566882252
272076,0.024124969889237846
272077,0.12885133691783968
272078,0.1427909154126197
272079,0.330318469600629
272080,0.05169052045032065
272081,0.10920775744133514
272082,0.5440071629526273
272083,0.4180510042223242
272084,0.7809572722603751
272085,0.05507656087373478
272086,0.44904804541384685
272087,0.10757609500911276
272088,0.13764595197731128
272089,0.46559646579190167
272090,0.8427468287118048
272091,0.6903295594511434
272092,0.8170220115352625
272093,0.8878607042055077
272094,0.5660459683393858
272095,0.19637670949591174
272096,0.8695988110225843
272097,0.6271219565405121
272098,0.5090105035428436
272099,0.7358024915803492
272100,0.532940037541871
272101,0.6645411119847652
272102,0.8223533208193764
272103,0.3856859117993282
272104,0.9434099472323096
272105,0.8197444789361016
272106,0.3904536385163234
272107,0.6371846323760005
272108,0.022261511401184434
272109,0.9795383167970331
272110,0.16456156457792664
272111,0.9110175846850982
272112,0.837774576063194
272113,0.802127978692943
272114,0.3355497884292863
272115,0.3516073465714636
272116,0.7791619890828603
272117,0.8530822057894474
272118,0.28817703764640645
272119,0.8072683971075488
272120,0.8253212193381542
272121,0.6194181464496571
272122,0.07863794819585403
272123,0.9923552751782785
272124,0.549792974306998
272125,0.9581403593293367
272126,0.9500047722717377
272127,0.9659123447307303
272128,0.9939187622999622
272129,0.3158607587457561
272130,0.9821380686389026
272131,0.5163598020188982
272132,0.8089136946018789
272133,0.18081455861031448
272134,0.5681275878211626
272135,0.5879756932292827
272136,0.11730243931261107
272137,0.547597729307657
272138,0.28521368414833126
272139,0.13115111739333973
272140,0.15008112861954087
272141,0.503983710645802
272142,0.8142677289895056
272143,0.32375545970611896
272144,0.06635730225751178
272145,0.2647838160902823
272146,0.7026420205344036
272147,0.21473404811358915
272148,0.33796319442235057
272149,0.8509460460592398
272150,0.08766890433185923
272151,0.6165456933656334
272152,0.7870885051881411
272153,0.25399393694238276
272154,0.49809336381527214
272155,0.25055790129124034
272156,0.418560046541012
272157,0.853182196244904
272158,0.20145349762068168
272159,0.025493021120711206
272160,0.9243072252194109
272161,0.4441485130964771
272162,0.3595565877802573
272163,0.5118375064198418
272164,0.40883824725821627
272165,0.07482013080569581
272166,0.47932242831366095
272167,0.19694029206303035
272168,0.6922475581876275
272169,0.8782707105230865
272170,0.24981251789601902
272171,0.23492757509510456
272172,0.6203953259007094
272173,0.16481608573727055
272174,0.27483740188436556
272175,0.2335913390085492
272176,0.27774621513400993
272177,0.007312938310434004
272178,0.6122506488017053
272179,0.640070720522132
272180,0.4055703773730689
272181,0.8200944455301994
272182,0.8601451679612401
272183,0.9728207761986356
272184,0.4833811318010553
272185,0.5777084914621786
272186,0.2306143504483663
272187,0.12889678712486538
272188,0.5084151058308071
272189,0.7525327127865068
272190,0.4553519891283105
272191,0.23353225373941577
272192,0.07321119347698628
272193,0.8189354652510442
272194,0.6599688211579804
272195,0.45592920675753673
272196,0.8149403920534858
272197,0.1836506515287177
272198,0.5680230523450035
272199,0.5190777243990347
272200,0.946909613173288
272201,0.41811008949145756
272202,0.5367942150976499
272203,0.6405933979029275
272204,0.6581008176492243
272205,0.097031646979152
272206,0.38259984274228365
272207,0.7470468727985057
272208,0.003495120920275792
272209,0.6091373096204454
272210,0.6506333486349031
272211,0.932251921407502
272212,0.4984569654714777
272213,0.40790651801418953
272214,0.6028106408024688
272215,0.6806441203339682
272216,0.01129892146658728
272217,0.23451397821117076
272218,0.2733102749283023
272219,0.6032242376864028
272220,0.5675094650056132
272221,0.7498875107376115
272222,0.3886810804423214
272223,0.17663313956395071
272224,0.31789238299980455
272225,0.49159852923130065
272226,0.7106276219088178
272227,0.28984960526495196
272228,0.17970557355888758
272229,0.9611218929102223
272230,0.1446589189213757
272231,0.12438358156721403
272232,0.4367855795583149
272233,0.8253621245244772
272234,0.3372223560478318
272235,0.8296117188813795
272236,0.9521727471468633
272237,0.6066966335031656
272238,0.8512187473013939
272239,0.7290894960026544
272240,0.3634016752946309
272241,0.5617281986719449
272242,0.1048763527117866
272243,0.7612727875975475
272244,0.8701442135068926
272245,0.8481008630994314
272246,0.051622345139782116
272247,0.40327059689756883
272248,0.9869876057285442
272249,0.6379436508333296
272250,0.6288036142004627
272251,0.4086791715336263
272252,0.2982669836061103
272253,0.9109903145608829
272254,0.9420146258766209
272255,0.09215483976529512
272256,0.6987787529372197
272257,0.45335218001918
272258,0.1782784370582808
272259,0.32674608332840954
272260,0.9838924466300943
272261,0.8565955067925335
272262,0.8636584689643262
272263,0.7699037819117266
272264,0.7170633712236559
272265,0.9804700460410597
272266,0.4902804732275555
272267,0.85292767508556
272268,0.5027565550561083
272269,0.919525863440308
272270,0.5964748819430873
272271,0.24258138995823128
272272,0.04223687738897651
272273,0.7103594656873663
272274,0.5404620468046232
272275,0.34760318333250007
272276,0.12488807886519923
272277,0.8405924888987869
272278,0.8791706246221952
272279,0.49133491803055157
272280,0.8448329932142842
272281,0.4049158943918989
272282,0.7561460042450494
272283,0.6487017148363111
272284,0.27730534812586066
272285,0.3777593956940474
272286,0.7486739902100253
272287,0.8659264342949082
272288,0.23189604628649083
272289,0.02352957217720127
272290,0.896700769472005
272291,0.20004454120288517
272292,0.35902027533735414
272293,0.2578344794360538
272294,0.5104785452297735
272295,0.1347825889346926
272296,0.14081383140700207
272297,0.3700192254375718
272298,0.9060226069329745
272299,0.7858749846605552
272300,0.6351893682875726
272301,0.2952899950459274
272302,0.9642079619672668
272303,0.6864662918539595
272304,0.5922752828139132
272305,0.5988973779775567
272306,0.2431404275046473
272307,0.7518282345776085
272308,0.29514455438344517
272309,0.4427031965130601
272310,0.3679966912249285
272311,0.39707573367996685
272312,0.8656810031769695
272313,0.9260343330863873
272314,0.842987714809041
272315,0.18126906068057141
272316,0.016743856268265304
272317,0.3005849441644206
272318,0.9955504247321847
272319,0.4455347444107608
272320,0.8184446030151669
272321,0.9716208907331573
272322,0.2607478377064007
272323,0.5341171979038365
272324,0.03492848409924507
272325,0.7846569191122665
272326,0.5616918385063244
272327,0.6911113030119853
272328,0.5795128646810986
272329,0.5091559442053258
272330,0.5848487189859151
272331,0.4233050481544943
272332,0.6657319074088383
272333,0.9305884438303618
272334,0.20404415942114615
272335,0.24239504410942592
272336,0.7028192763418037
272337,0.5859213438717215
272338,0.46380572763508937
272339,0.790297289804155
272340,0.45782902541121073
272341,0.13652787688447923
272342,0.1695747224128606
272343,0.7187586639457143
272344,0.2772735329809427
272345,0.8051322373773413
272346,0.023106885251862323
272347,0.9268524368128497
272348,0.7283213875039201
272349,0.10929411283468396
272350,0.6959426600188163
272351,0.09834515796219451
272352,0.9185941341962813
272353,0.059121629299021455
272354,0.8464646556465065
272355,0.7945786993059754
272356,0.5318583226146596
272357,0.33939033092295734
272358,0.7317665131964676
272359,0.6460974179737389
272360,0.7703991891683067
272361,0.07424291317646951
272362,0.426791079033365
272363,0.28650447002786095
272364,0.363274414714959
272365,0.9415692138477691
272366,0.18327795983110703
272367,0.48468555274269276
272368,0.13036937383249783
272369,0.48365837806391204
272370,0.7045418391880774
272371,0.25488476100008634
272372,0.7229582630748884
272373,0.029551724608105588
272374,0.4450847873612064
272375,0.3766776807668359
272376,0.32308734166284125
272377,0.6766899523227329
272378,0.1026402025261225
272379,0.6946109689529636
272380,0.02293871948586726
272381,0.8460919639488959
272382,0.719394966844074
272383,0.1698883288413379
272384,0.862858545320674
272385,0.9573358906649819
272386,0.88128405924889
272387,0.23944532567345847
272388,0.27346026061148704
272389,0.03766004154148922
272390,0.9724435394803224
272391,0.990650892414815
272392,0.8279073361179161
272393,0.9414646783716101
272394,0.6185318674126561
272395,0.32851864140241155
272396,0.2622795096831666
272397,0.9416192090754973
272398,0.726285218229169
272399,0.08458738029551724
272400,0.589870966862254
272401,0.5199367333118203
272402,0.3306002608841883
272403,0.8884879170624623
272404,0.052322278327977784
272405,0.12062030442548666
272406,0.06181682657564505
272407,0.34879852377727577
272408,0.4130923866358211
272409,0.16618868198944647
272410,0.638034551247381
272411,0.18692306643456763
272412,0.009680894096472608
272413,0.25202594297817027
272414,0.3845814717686039
272415,0.5846987333027303
272416,0.9523409129128584
272417,0.9701710291290376
272418,0.9102767463105795
272419,0.5808854609332745
272420,0.015434890305925342
272421,0.3824634921212066
272422,0.3444580290063221
272423,0.9932460992359821
272424,0.2200426322941901
272425,0.37952740874734686
272426,0.40068902513850946
272427,0.5036655591966223
272428,0.8315888028869972
272429,0.015703046527376932
272430,0.6295853577613045
272431,0.22216515696228997
272432,0.23599565496020836
272433,0.13268278937010558
272434,0.4340312970125579
272435,0.18117361524581746
272436,0.756223269596993
272437,0.5391485358215806
272438,0.3362224514932665
272439,0.3026665636461974
272440,0.9262570391008131
272441,0.2857772667154499
272442,0.5802582480763201
272443,0.2590798151085578
272444,0.6121006631185205
272445,0.3511164843355861
272446,0.9377332163748006
272447,0.9408374655146554
272448,0.2363138064093882
272449,0.45949704800905367
272450,0.1443725826171138
272451,0.7808027415564878
272452,0.3652424086791715
272453,0.16586598551956405
272454,0.3132246467382659
272455,0.46262402225242133
272456,0.5046790988132951
272457,0.6412706059876103
272458,0.759041182432586
272459,0.2535712500170438
272460,0.08392380727294212
272461,0.5576013198740121
272462,0.7256352802687016
272463,0.7501056717313348
272464,0.41541034719413145
272465,0.5490975861395049
272466,0.5968975688684262
272467,0.016325714363628927
272468,0.594525068061685
272469,0.3776230450729703
272470,0.22571936315169916
272471,0.7343844451211475
272472,0.031269742433676785
272473,0.5312492898405152
272474,0.15879847832706878
272475,0.07092050304289135
272476,0.202589752796324
272477,0.1867458106271674
272478,0.1888228850882416
272479,0.9887783438853565
272480,0.16660227887338028
272481,0.04717731489266933
272482,0.07023420491680339
272483,0.4734093563796183
272484,0.9109721344780726
272485,0.28384108789615536
272486,0.9466914521795647
272487,0.984424214052295
272488,0.16407979238345433
272489,0.7067870794151467
272490,0.24309497729762158
272491,0.9962139977547598
272492,0.7313892764781544
272493,0.6933247280941365
272494,0.4361492766599552
272495,0.7507374296089919
272496,0.8539503047436381
272497,0.01338054094836402
272498,0.07109775885029156
272499,0.4555065198321978
272500,0.4265774630603442
272501,0.7227673722053805
272502,0.2335277087187132
272503,0.15936206089418736
272504,0.2742238240895187
272505,0.5917344253503075
272506,0.4892260284245594
272507,0.8036823757732218
272508,0.3215011294376446
272509,0.6688952418178266
272510,0.9740433867676268
272511,0.4276182728012326
272512,0.2858908922330141
272513,0.28550456547329567
272514,0.3564659737025102
272515,0.39083542025533924
272516,0.21830188936510606
272517,0.19492684789179215
272518,0.9156262356775036
272519,0.5130464819267253
272520,0.057180905459024364
272521,0.5204412306098054
272522,0.3819544498025188
272523,0.779598311070307
272524,0.5480658664400216
272525,0.6302943809909054
272526,0.3076115461705928
272527,0.9860422414224097
272528,0.2446039241708746
272529,0.6907067961694565
272530,0.7142045532017398
272531,0.4866308216033924
272532,0.8193263370314652
272533,0.9365969611991583
272534,0.5141054717504239
272535,0.5423573204375947
272536,0.7180314606333033
272537,0.10239022638748119
272538,0.8975961385504112
272539,0.7047145499747752
272540,0.6992650701523946
272541,0.5703773730689344
272542,0.9170351920952999
272543,0.9595175006022153
272544,0.39127628726348845
272545,0.22907358843019532
272546,0.33348180400961724
272547,0.9973911581167253
272548,0.12415178551138299
272549,0.17156998650128852
272550,0.3598838292708423
272551,0.23078251621436136
272552,0.7320164893351089
272553,0.22821912453811227
272554,0.2754464346585099
272555,0.5263315774403352
272556,0.008108316933383632
272557,0.7175178732939129
272558,0.2783325228046413
272559,0.5308356929565815
272560,0.041555124283591115
272561,0.2501761195522245
272562,0.20314424532203745
272563,0.36265174687870705
272564,0.46359665668277117
272565,0.35166643184059704
272566,0.6561419137264171
272567,0.9080587762077257
272568,0.7992464355675141
272569,0.15584421487039873
272570,0.9786520377600321
272571,0.02966989514637239
272572,0.3204285045518382
272573,0.6715449888874244
272574,0.47757259534317176
272575,0.9140991087214402
272576,0.8971598165629645
272577,0.3486758082183064
272578,0.08700987632998668
272579,0.5151008312842865
272580,0.7294258275346445
272581,0.9578812931492904
272582,0.6613914126378846
272583,0.2521077533508165
272584,0.2869180669117948
272585,0.0027270124215415803
272586,0.827739170351921
272587,0.6588007508374201
272588,0.7686175410528996
272589,0.2876634503070162
272590,0.48519459506138046
272591,0.6745901527581459
272592,0.9022275146463292
272593,0.08157857659041635
272594,0.5363351680066903
272595,0.8773344362583572
272596,0.09227301030356193
272597,0.43671740424777633
272598,0.4675780948182219
272599,0.44672553983483393
272600,0.8668536185182324
272601,0.1687884338313161
272602,0.6955608782798006
272603,0.4418987278487053
272604,0.9535453433990392
272605,0.41006540284790993
272606,0.8545138873107567
272607,0.475945477931652
272608,0.08560546493289277
272609,0.5328764072520351
272610,0.09553633516800669
272611,0.17258807113866403
272612,0.0659255252907677
272613,0.00812195199549134
272614,0.9213120565764178
272615,0.040464319314974476
272616,0.5100694933665424
272617,0.7644543020893461
272618,0.3587975693229282
272619,0.4442257784484208
272620,0.558319433145018
272621,0.24838083637470967
272622,0.704273682966626
272623,0.7915380804559565
272624,0.3195558605769449
272625,0.3306911612982397
272626,0.7561460042450494
272627,0.22682834820312606
272628,0.5999427327391477
272629,0.8318069638807205
272630,0.9529181305420846
272631,0.8925011703428309
272632,0.6690997677494421
272633,0.9076679044273047
272634,0.5671685884529204
272635,0.5416710223115067
272636,0.02268419832652338
272637,0.6272264920166711
272638,0.3857086369028411
272639,0.7505601738015917
272640,0.22746465110148578
272641,0.7537735034383083
272642,0.6361983628835429
272643,0.2157203176060467
272644,0.7346344212597888
272645,0.814167738534049
272646,0.5704637284622831
272647,0.7550870144213506
272648,0.8684852809504547
272649,0.5404575017839207
272650,0.7979965548743075
272651,0.12202926084328312
272652,0.31075215547606816
272653,0.7566868617086552
272654,0.8253484894623695
272655,0.5871803146063331
272656,0.341926452474991
272657,0.1687429836242904
272658,0.7004649556178728
272659,0.3851223292322096
272660,0.541689202394317
272661,0.9407283850177939
272662,0.16221633389540088
272663,0.03497847932697333
272664,0.7650587898427879
272665,0.25723453670331464
272666,0.4856990923593657
272667,0.5126374300634939
272668,0.7940878370700979
272669,0.02293871948586726
272670,0.11917953286277218
272671,0.41567850341558304
272672,0.270896868935238
272673,0.0807286577190359
272674,0.42305507201585296
272675,0.989900963998891
272676,0.6808168311206657
272677,0.39475777312165655
272678,0.15658505324491753
272679,0.712122933719963
272680,0.12642429586266768
272681,0.6569372923493667
272682,0.184914167284032
272683,0.7681630389826426
272684,0.24091336736038832
272685,0.38704032796869386
272686,0.147990419096359
272687,0.39115811672522166
272688,0.44634375809581806
272689,0.059507956058739854
272690,0.23589111948404926
272691,0.1545034337631408
272692,0.8036778307525191
272693,0.6531921952904496
272694,0.8282573027120139
272695,0.7712172928947691
272696,0.07497920653028575
272697,0.06261675021929723
272698,0.002463401220792561
272699,0.37268260756927746
272700,0.9096949836606505
272701,0.6806395753132656
272702,0.38744028979052
272703,0.9902463855722863
272704,0.9976229541725563
272705,0.15975293267460833
272706,0.5241863276687226
272707,0.7510374009753614
272708,0.9092268465282859
272709,0.7813117838751755
272710,0.9750705614464075
272711,0.7744669826971062
272712,0.01819371787238491
272713,0.7744488026142959
272714,0.03562841728744075
272715,0.375177823934988
272716,0.5666277309893147
272717,0.9887010785334128
272718,0.45853804864081155
272719,0.21147981329054955
272720,0.47291394912303825
272721,0.34970752791778964
272722,0.44043068616177544
272723,0.3863722099254162
272724,0.02612023397766577
272725,0.16032560528313208
272726,0.015748496734402626
272727,0.569736525149872
272728,0.6802032533258189
272729,0.42193699692302095
272730,0.5648824430395281
272731,0.3319455870121488
272732,0.8302162066348213
272733,0.9144990705432664
272734,0.2923993618790934
272735,0.6273719326791534
272736,0.7120956635957477
272737,0.6734675326446112
272738,0.2466037332800051
272739,0.5462751282832093
272740,0.06388935601601664
272741,0.49243026801987083
272742,0.272214924938983
272743,0.36211543443580385
272744,0.1301784829629899
272745,0.5836488335204367
272746,0.06339394875943659
272747,0.754546156957745
272748,0.327268760709205
272749,0.5670731430181665
272750,0.033869494275546426
272751,0.7407565641461498
272752,0.9280114170920049
272753,0.8141904636375619
272754,0.5613782320778471
272755,0.532349184850537
272756,0.5364351584621468
272757,0.683293867403566
272758,0.8462419496320805
272759,0.5484340131169297
272760,0.8738120452138659
272761,0.39958004008708253
272762,0.8682716649774339
272763,0.466996332168293
272764,0.49811608891878495
272765,0.3538980370055585
272766,0.07315210820785288
272767,0.5542789097404339
272768,0.7960467409929053
272769,0.6136141550124762
272770,0.28294117379704664
272771,0.8244894805495839
272772,0.9397739306702542
272773,0.7033374087018966
272774,0.49058498961462765
272775,0.5794174192463447
272776,0.04626831075215548
272777,0.6873116657046374
272778,0.6412433358633949
272779,0.5102376591325374
272780,0.6307307029783521
272781,0.7108685080060541
272782,0.6613686875343717
272783,0.7202176155912391
272784,0.6637184632376001
272785,0.012739693029301748
272786,0.4474572881679476
272787,0.34408988232941395
272788,0.09080042359592948
272789,0.9757795846760082
272790,0.7064462028624541
272791,0.5720181255425618
272792,0.26172047213675054
272793,0.30106671635889304
272794,0.5114239095359079
272795,0.4651237836388345
272796,0.2766281400411779
272797,0.37266442748646716
272798,0.05439480776834939
272799,0.9958140359329337
272800,0.46548284027433745
272801,0.8155676049104404
272802,0.8061730471182296
272803,0.2873680239613491
272804,0.9830925229864422
272805,0.6597552051849596
272806,0.12603796910294926
272807,0.4508115134464437
272808,0.5571059126174319
272809,0.42397771121847455
272810,0.6289899600492681
272811,0.5674231096122643
272812,0.6586598551956405
272813,0.05049063498484235
272814,0.14281364051613255
272815,0.5359624763090796
272816,0.23174606060330605
272817,0.35208911876593596
272818,0.3209420918912285
272819,0.24935801582576209
272820,0.035069379741024725
272821,0.6473382086255403
272822,0.5042155067016331
272823,0.020620758927556916
272824,0.7111366642275055
272825,0.029074497434335815
272826,0.2727103321955631
272827,0.12100663118520504
272828,0.4835083923807273
272829,0.7353116293444717
272830,0.5999154626149322
272831,0.6055058380790924
272832,0.31928315933479073
272833,0.6046286490834967
272834,0.9114130014862217
272835,0.12878316160730113
272836,0.6821076170001954
272837,0.516182546211498
272838,0.28906786170411003
272839,0.6184818721849278
272840,0.6253266733629973
272841,0.7427518282345776
272842,0.6706496198090183
272843,0.45665641006994784
272844,0.6874389262843092
272845,0.9806882070347831
272846,0.7810618077365342
272847,0.6999559132991852
272848,0.4701960267429018
272849,0.5803173333454534
272850,0.07205221319783112
272851,0.7421200703569205
272852,0.9413828679989638
272853,0.5951659159807474
272854,0.6289899600492681
272855,0.08983687920698477
272856,0.23211875230091675
272857,0.876629958049459
272858,0.5165688729712163
272859,0.29714436349257567
272860,0.4216915658050822
272861,0.029429009049136222
272862,0.06797987464832901
272863,0.1346689634171284
272864,0.24435394803223331
272865,0.49277568959326606
272866,0.22791006313033757
272867,0.7019329973048027
272868,0.675590057312711
272869,0.5625644824812177
272870,0.47781348144040797
272871,0.0777971193658787
272872,0.2460265156507788
272873,0.3395357715854395
272874,0.7606228496370802
272875,0.35341171979038366
272876,0.0952227287395294
272877,0.8222760554674328
272878,0.3745597011194386
272879,0.9776521332054668
272880,0.6193817862840366
272881,0.7866976334077203
272882,0.06730721158434876
272883,0.8736166093236555
272884,0.35106648910785787
272885,0.6647138227714627
272886,0.940610214479527
272887,0.660932365546925
272888,0.5736497879747842
272889,0.30285745451570534
272890,0.7650860599670032
272891,0.27137864112971033
272892,0.8821203430581627
272893,0.3051981401775285
272894,0.19767658541684657
272895,0.7301484858263529
272896,0.03355134282636658
272897,0.09281386776716768
272898,0.9410283563841634
272899,0.622595115920753
272900,0.7508919603128792
272901,0.7053735779766478
272902,0.26801078078910645
272903,0.5982383499756841
272904,0.6926884251957768
272905,0.8829111766604097
272906,0.5042064166602279
272907,0.4232550529267661
272908,0.2957354070747792
272909,0.8042414133196377
272910,0.07310211298012462
272911,0.982419859922462
272912,0.8063412128842247
272913,0.32785052335913384
272914,0.4155512428359111
272915,0.10453547615909389
272916,0.4729866694542793
272917,0.4077974375173279
272918,0.6645502020261703
272919,0.1346780534585335
272920,0.05704909985864985
272921,0.07834252185018702
272922,0.4759227528281391
272923,0.2953627153771685
272924,0.6484926438839929
272925,0.8834974843310411
272926,0.8840065266497289
272927,0.2496807122956445
272928,0.11255289267842614
272929,0.5139463960258339
272930,0.9148172219924462
272931,0.13416901113984575
272932,0.9984683280232342
272933,0.6360665572831685
272934,0.9801337145090696
272935,0.1791556260538767
272936,0.9845878347975876
272937,0.6443521300239523
272938,0.6889705982610751
272939,0.8800750837420065
272940,0.9954958844837538
272941,0.7223083251144209
272942,0.20351693701964813
272943,0.5164234323087342
272944,0.8077819844469392
272945,0.42355047927243306
272946,0.08840974270637803
272947,0.72602160702842
272948,0.5080651392367093
272949,0.5496384436031106
272950,0.010735338899468686
272951,0.23192331641070627
272952,0.9859240708841429
272953,0.48543093613791405
272954,0.8244985705909891
272955,0.00876734493525618
272956,0.11292558437603682
272957,0.032333277278078006
272958,0.2694424623104158
272959,0.7612591525354399
272960,0.9373196194908668
272961,0.44780270974134284
272962,0.10598988278391608
272963,0.2819549043045891
272964,0.3285595465887347
272965,0.03840087991600802
272966,0.9706573463442126
272967,0.36683316592507076
272968,0.7823889537816845
272969,0.5430345285222774
272970,0.6284990978133906
272971,0.9299612309734071
272972,0.6522695560878281
272973,0.5603510573990665
272974,0.2783325228046413
272975,0.5289449643443126
272976,0.8057730852964036
272977,0.0789379195622236
272978,0.2536757854932029
272979,0.7961376414069566
272980,0.17978738393153382
272981,0.4010980770017407
272982,0.7790347285031883
272983,0.04891351280105081
272984,0.5447116411615255
272985,0.1142027351934588
272986,0.04725912526531559
272987,0.8889515091741244
272988,0.14722685561832735
272989,0.24997613864131155
272990,0.13605064971070943
272991,0.08860972361729107
272992,0.14410442639566223
272993,0.7221128892242105
272994,0.8113998209261843
272995,0.417905563559842
272996,0.018925466205498568
272997,0.2789870057858113
272998,0.14774044295771765
272999,0.8129087677994373
273000,0.9908326932429178
273001,0.14940846555556062
273002,0.37632316915203545
273003,0.3146472382181701
273004,0.2314006390299108
273005,0.7823798637402793
273006,0.47599547315938023
273007,0.5474841037900928
273008,0.4239231709700438
273009,0.5774267001786194
273010,0.4044341221974266
273011,0.9920780289154217
273012,0.7418746392389817
273013,0.5974293362906268
273014,0.420987087596184
273015,0.06865253771230927
273016,0.2415133100931275
273017,0.3246235586603097
273018,0.7659496139004913
273019,0.6900523131882865
273020,0.9790247294576427
273021,0.9543770821876094
273022,0.25332581889910505
273023,0.9507637907290668
273024,0.51188750164757
273025,0.937033283186605
273026,0.2370273746596916
273027,0.9427509192304371
273028,0.05093604701369415
273029,0.14139104903622837
273030,0.7817753759868377
273031,0.05689911417546507
273032,0.4531567441289695
273033,0.8931102031169753
273034,0.26842892269374286
273035,0.11677067189041045
273036,0.48369473822953263
273037,0.19927188768344842
273038,0.857813572340822
273039,0.20975270542357322
273040,0.5396348530367556
273041,0.9901873003031529
273042,0.8007372023579568
273043,0.36034742138250436
273044,0.7193222465128329
273045,0.13505983519754935
273046,0.47869521545670635
273047,0.026365665095604514
273048,0.1620981633571341
273049,0.07976056830938864
273050,0.3338454056658228
273051,0.5680548674899215
273052,0.6482290326832439
273053,0.716018016462065
273054,0.01155798764663373
273055,0.926511560260157
273056,0.6898568772980761
273057,0.31589257389067404
273058,0.5099922280145986
273059,0.9187304848173584
273060,0.21611573440717022
273061,0.15586239495320903
273062,0.6369937415064926
273063,0.5556469609719074
273064,0.7829343562659927
273065,0.034369446552829044
273066,0.768622086073602
273067,0.8781616300262247
273068,0.02858363519845833
273069,0.6793487894337359
273070,0.6250948773071662
273071,0.5274860126987879
273072,0.07966512287463469
273073,0.5653914853582159
273074,0.16770217388340206
273075,0.6326577917562415
273076,0.20124897168906605
273077,0.6275673685693638
273078,0.6885615463978438
273079,0.8424423123247327
273080,0.992982488035233
273081,0.033383177060371506
273082,0.5517473332091027
273083,0.8069638807204766
273084,0.139432145113421
273085,0.9784111516627959
273086,0.3829725344398944
273087,0.3201785284131969
273088,0.6498697851568714
273089,0.2714831766058694
273090,0.08785525018066456
273091,0.8120588489280569
273092,0.48846700996723036
273093,0.4435531153844406
273094,0.1623163243508574
273095,0.4408624631285195
273096,0.6117234264002073
273097,0.20649847060053358
273098,0.8663582112616524
273099,0.8460010635348445
273100,0.49787520282154885
273101,0.701192158930284
273102,0.04541839188077502
273103,0.74307452470446
273104,0.5954749773885221
273105,0.7748942146431478
273106,0.5465251044218506
273107,0.9965457842660473
273108,0.0516541602847001
273109,0.267815344898896
273110,0.41512401088986955
273111,0.5030065311947496
273112,0.6899886828984506
273113,0.30842055985565014
273114,0.8455238363610746
273115,0.19407692902041168
273116,0.4392080755927843
273117,0.6776762218151904
273118,0.6665181959903828
273119,0.7823616836574692
273120,0.4682689379650124
273121,0.5570150122033806
273122,0.9087768894787316
273123,0.5767903972802597
273124,0.20942546393298822
273125,0.6644093063843906
273126,0.9915553515346263
273127,0.5913162834456711
273128,0.20600306334395355
273129,0.6270310561264607
273130,0.28472282191245374
273131,0.8114180010089945
273132,0.1223883174787861
273133,0.11897500693115656
273134,0.9434872125842534
273135,0.2026306579826471
273136,0.9280614123197332
273137,0.47105049063498483
273138,0.5761086441748743
273139,0.40909276841756015
273140,0.6702996532149205
273141,0.9231346098781481
273142,0.32497807027511005
273143,0.7708855063834816
273144,0.2870271474086564
273145,0.06974788770162847
273146,0.7136318805932161
273147,0.1118620495316356
273148,0.26716540693842855
273149,0.4693688329750342
273150,0.4514114561791829
273151,0.35811581621754285
273152,0.46299216892932943
273153,0.06203044254866581
273154,0.4366083237509147
273155,0.9808881879456961
273156,0.7554051658705306
273157,0.6636230178028462
273158,0.6014289545088878
273159,0.18845473841133348
273160,0.568027597365706
273161,0.844305770812786
273162,0.04968162129978502
273163,0.7822889633262279
273164,0.16205271315010839
273165,0.37024193145199774
273166,0.8320023997709309
273167,0.5765358761209157
273168,0.42386408570091033
273169,0.4862990350921048
273170,0.565959612946037
273171,0.6447293667422656
273172,0.8436785579558316
273173,0.2669381559033001
273174,0.5986973970666436
273175,0.13335545243408584
273176,0.5373123474577427
273177,0.6197090277746216
273178,0.6052922221060717
273179,0.9431190659073453
273180,0.5161007358388517
273181,0.48223124156330527
273182,0.1673203921443862
273183,0.9174760591034492
273184,0.07816526604278681
273185,0.08938237713672786
273186,0.992223469577904
273187,0.9810790788152041
273188,0.5385485930888415
273189,0.34348539457597227
273190,0.9604401398048368
273191,0.437153726235223
273192,0.3951440998813749
273193,0.9750569263842996
273194,0.24622195154098928
273195,0.2577935742497307
273196,0.6760400143622655
273197,0.19603128792251648
273198,0.013871403184241503
273199,0.444075792765236
273200,0.5525427118320525
273201,0.4534794405988519
273202,0.7021738834020389
273203,0.008144677099004185
273204,0.8681762195426801
273205,0.8900877643497667
273206,0.8354566155048836
273207,0.013139654851127846
273208,0.9999727298757847
273209,0.27479195167733983
273210,0.30197572049940685
273211,0.795574058839838
273212,0.22801005358579407
273213,0.5389485549106677
273214,0.5099331427454653
273215,0.2525849805245863
273216,0.09184123333681785
273217,0.45251589620990723
273218,0.08289663259416145
273219,0.4866171865412847
273220,0.3542161884547384
273221,0.6779898282436677
273222,0.3463851177842115
273223,0.5205048608996414
273224,0.77012194290545
273225,0.25380304607287485
273226,0.8136586962153612
273227,0.022034260366055967
273228,0.20856645502020263
273229,0.6732539166715905
273230,0.43450397916562505
273231,0.038828111862049534
273232,0.34061294149194843
273233,0.7868203489666895
273234,0.35463433035937475
273235,0.24908531458360794
273236,0.054517523327318754
273237,0.6989787338481327
273238,0.5779357424973072
273239,0.9696756218724577
273240,0.5022520577581231
273241,0.07935151644615741
273242,0.1268469827880066
273243,0.3249417101094895
273244,0.22962808095590878
273245,0.19632216924748092
273246,0.3324728094136468
273247,0.4858718031460633
273248,0.15265815535789767
273249,0.953136291535808
273250,0.8466691815781221
273251,0.06547556824121334
273252,0.1960176528604088
273253,0.6733493621063444
273254,0.1584848718985915
273255,0.6112052940401144
273256,0.7192904313679149
273257,0.44365765086059966
273258,0.9902372955308811
273259,0.37825025792992484
273260,0.5323264597470242
273261,0.9030501633934943
273262,0.5974066111871139
273263,0.4221733379995546
273264,0.6408797342071894
273265,0.709264115698047
273266,0.832202380681844
273267,0.47504101881184063
273268,0.6449611627980967
273269,0.5277996191272651
273270,0.008290117761486403
273271,0.00805832170565537
273272,0.39493048390835417
273273,0.21567941241972358
273274,0.3127246944609832
273275,0.8660900550402008
273276,0.23645015703046526
273277,0.2125660732384636
273278,0.4869853332181928
273279,0.7133637243717645
273280,0.9364151603710555
273281,0.565864167511283
273282,0.36485153689875055
273283,0.2267783529753978
273284,0.6529603992346186
273285,0.6327986873980211
273286,0.07417473786593097
273287,0.03412401543489031
273288,0.7301212157021375
273289,0.751728244122152
273290,0.8351248289935961
273291,0.9402966080510496
273292,0.7226673817499238
273293,0.4923166425023066
273294,0.5587875702773827
273295,0.3205966703178333
273296,0.6792760691024947
273297,0.1435453888492462
273298,0.8581453588521096
273299,0.8737711400275429
273300,0.7939014912212925
273301,0.709359561132801
273302,0.5011657978102091
273303,0.11763877084460118
273304,0.9532362819912645
273305,0.6625231227928244
273306,0.3436217451970493
273307,0.9753114475436436
273308,0.692833865858259
273309,0.21697019829925326
273310,0.8249621627026512
273311,0.20287608910058585
273312,0.7047963603474214
273313,0.06486653546706905
273314,0.039246253766685904
273315,0.7512373818862745
273316,0.5387258488962418
273317,0.455124738093182
273318,0.5418346430567991
273319,0.31656523695465427
273320,0.08825521200249067
273321,0.5413846860072449
273322,0.38759482049440735
273323,0.27337390521813826
273324,0.7432063303048346
273325,0.9059180714568155
273326,0.27643724917166995
273327,0.26438839928915875
273328,0.8373064389308293
273329,0.34404897714309085
273330,0.6999422782370773
273331,0.5115966203226057
273332,0.5308629630807968
273333,0.5676049104403671
273334,0.3414174101563032
273335,0.6418841837824572
273336,0.32688243394948663
273337,0.5975884120152167
273338,0.966971334554429
273339,0.6902704741820099
273340,0.8396062194063294
273341,0.8673717508783253
273342,0.7465787356661411
273343,0.5498293344726185
273344,0.11677976193181559
273345,0.23226873798410153
273346,0.4226551101940269
273347,0.308443284959163
273348,0.9892055758313979
273349,0.36721949268478915
273350,0.7724898986914887
273351,0.27449652533167285
273352,0.4524295408165584
273353,0.5595874939210348
273354,0.2808277391703519
273355,0.9483731098395153
273356,0.16352984487844344
273357,0.18298253348544005
273358,0.3943441762377227
273359,0.7211084396489426
273360,0.5970657346344213
273361,0.350189300112262
273362,0.6831075215547606
273363,0.5683684739183987
273364,0.7167406747537736
273365,0.8003645106603461
273366,0.8798614677689857
273367,0.631280650483363
273368,0.35074379263797545
273369,0.7216174819676303
273370,0.5639370787333936
273371,0.8444057612682426
273372,0.6244858445330218
273373,0.06920703023802273
273374,0.9949595720408506
273375,0.46406933883583834
273376,0.5023747733170926
273377,0.9726935156189637
273378,0.30402097981556303
273379,0.12817412883315685
273380,0.37736397889292383
273381,0.30854327541461946
273382,0.9611400729930325
273383,0.6726903341044719
273384,0.1718517777848478
273385,0.30907958785752265
273386,0.16062557664950167
273387,0.6322487398930103
273388,0.4492025761177342
273389,0.3189786429477186
273390,0.3626699269615173
273391,0.7274305634462165
273392,0.4957344980706387
273393,0.9513682784825086
273394,0.7745987882974807
273395,0.7524099972275374
273396,0.6277082642111436
273397,0.92917039737116
273398,0.09575449616173001
273399,0.4368992050758791
273400,0.9060271519536772
273401,0.06566645911072125
273402,0.9497229809881784
273403,0.8810704432758691
273404,0.2547256852754964
273405,0.2774644238504506
273406,0.9768522095618146
273407,0.21292967489466913
273408,0.5709455006567555
273409,0.15943932624613105
273410,0.847841796919385
273411,0.6271310465819172
273412,0.6692542984533295
273413,0.5967703082887543
273414,0.6421250698796933
273415,0.5742724558110363
273416,0.1005222228787252
273417,0.7376386799441871
273418,0.14705868985233228
273419,0.38625403938714936
273420,0.895423618654583
273421,0.9379559223892265
273422,0.8185355034292182
273423,0.35986110416732947
273424,0.9055044745728817
273425,0.18350066584553296
273426,0.7802709741342871
273427,0.29650806059421597
273428,0.4841719654033024
273429,0.25653005849441646
273430,0.22955536062466764
273431,0.9404011435272088
273432,0.42616841119711296
273433,0.6492607523827272
273434,0.2973852495898119
273435,0.9470868689806883
273436,0.7127592366183229
273437,0.9590811786147686
273438,0.7819799019184532
273439,0.21069806972970764
273440,0.7781439044454849
273441,0.3056799123720008
273442,0.16913840042541395
273443,0.632853227646452
273444,0.05424027706446203
273445,0.31453361270060587
273446,0.44922075620054447
273447,0.357565868712532
273448,0.12348821248880788
273449,0.7870612350639258
273450,0.021002540666572738
273451,0.42859090723158244
273452,0.8642402316142551
273453,0.9846878252530441
273454,0.8538503142881817
273455,0.3502756555056108
273456,0.8061957722217424
273457,0.07482013080569581
273458,0.9572858954372537
273459,0.5210411733425446
273460,0.5571195476795396
273461,0.9647033692238469
273462,0.46775535062562207
273463,0.09555451525081697
273464,0.6541466496379891
273465,0.5223546843255872
273466,0.4086564464301135
273467,0.08501006722085618
273468,0.9284704641829644
273469,0.5036701042173247
273470,0.1749605719454052
273471,0.9918735029838062
273472,0.631839688029779
273473,0.7132182837092823
273474,0.5795174097018012
273475,0.3648742620022634
273476,0.27297394339631215
273477,0.7293849223483213
273478,0.7494239186259494
273479,0.2617068370746429
273480,0.09761795464978343
273481,0.5044336676953564
273482,0.5144781634480345
273483,0.05629008140132078
273484,0.8621631571531808
273485,0.3142563664377491
273486,0.0361965448752619
273487,0.6994059657941742
273488,0.524709005049518
273489,0.9131037491875775
273490,0.015098558773935214
273491,0.784652374091564
273492,0.05047699992273465
273493,0.4687461651387822
273494,0.9858240804286864
273495,0.2457583594293272
273496,0.6589143763549843
273497,0.5472477627135591
273498,0.018998186536739674
273499,0.018680035087559825
273500,0.562350866508197
273501,0.13760050177028557
273502,0.07221128892242104
273503,0.11120756655046563
273504,0.5724908076956291
273505,0.9658532594615968
273506,0.247058235350262
273507,0.09334109016866572
273508,0.8212716058921649
273509,0.3415401257152726
273510,0.6743947168679353
273511,0.9178532958217626
273512,0.9150535630689798
273513,0.214756773217102
273514,0.40467046327396017
273515,0.5949386649456188
273516,0.00538584953254462
273517,0.33362269965139685
273518,0.4261820462592207
273519,0.9681439498956917
273520,0.5103558296708042
273521,0.8894060112443812
273522,0.06646183773367087
273523,0.5829034501252153
273524,0.006517559687484376
273525,0.04624104062794006
273526,0.7658723485485476
273527,0.9649397103003805
273528,0.9310883961076444
273529,0.77028101863004
273530,0.8701214884033798
273531,0.922639202621568
273532,0.29463096704405484
273533,0.9461096895296359
273534,0.16123460942364595
273535,0.371769058408061
273536,0.16620686207225674
273537,0.8986551283741098
273538,0.11398911922043804
273539,0.5312765599647308
273540,0.140972907131592
273541,0.2512669245208412
273542,0.533985392303462
273543,0.8775344171692703
273544,0.8835111193931489
273545,0.6546147867703538
273546,0.993405174960572
273547,0.7014285000068176
273548,0.6748992141659206
273549,0.002649747069597902
273550,0.23473213920489408
273551,0.03154244367583094
273552,0.9669440644302134
273553,0.5875166461383231
273554,0.04339131264742911
273555,0.847650906049877
273556,0.8674990114579972
273557,0.6894660055176552
273558,0.0029360833738597677
273559,0.36608778252984936
273560,0.5036291990310016
273561,0.6012153385358671
273562,0.6551420091718518
273563,0.039568950236568326
273564,0.6912794687779803
273565,0.5421755196094918
273566,0.49236663773003486
273567,0.4375173278914285
273568,0.8278618859108904
273569,0.19508592361638208
273570,0.9856877298076093
273571,0.6353029938051368
273572,0.5389530999313702
273573,0.362029079042455
273574,0.3904081883092977
273575,0.8762799914553611
273576,0.4126787897518873
273577,0.34710323105521745
273578,0.27877338981279054
273579,0.7878884288317934
273580,0.06524831720608487
273581,0.5598101999354608
273582,0.48808977324891717
273583,0.9052817685584558
273584,0.9091314010935321
273585,0.6390071856777307
273586,0.4753682603024257
273587,0.8581862640384327
273588,0.1407183859722481
273589,0.08694624604015071
273590,0.7648815340353876
273591,0.5913844587562097
273592,0.35324355402438856
273593,0.5740770199208257
273594,0.10986224042250511
273595,0.41003813272369455
273596,0.01571213656878207
273597,0.5864440212525168
273598,0.20623031437908199
273599,0.6587416655682867
273600,0.6707405202230696
273601,0.3524027251944133
273602,0.20029906236222905
273603,0.055671958585771356
273604,0.04448666263674831
273605,0.7079869648806251
273606,0.6028379109266844
273607,0.5131464723821817
273608,0.8947509555906028
273609,0.1727562369046591
273610,0.9009685439117175
273611,0.5640188891060398
273612,0.4863763004440485
273613,0.5392485262770372
273614,0.39777112184746
273615,0.609278205262225
273616,0.43007258398062
273617,0.7033874039296248
273618,0.0933138200444503
273619,0.8415060380600033
273620,0.6778716577054008
273621,0.3059071634071293
273622,0.1549352107298849
273623,0.9776021379777385
273624,0.0792197108457829
273625,0.6246449202576118
273626,0.9897373432535985
273627,0.5652551347371388
273628,0.43909899509592265
273629,0.11770240113443715
273630,0.3930215752132751
273631,0.3025892982942537
273632,0.03585566832256921
273633,0.14497707037055554
273634,0.43608110134941663
273635,0.33632244194872307
273636,0.6171138209534545
273637,0.16001199885465478
273638,0.03078342521850187
273639,0.6471291376732221
273640,0.005176778580226433
273641,0.12127024238595406
273642,0.6984015162189063
273643,0.6234223096886206
273644,0.4048113589157398
273645,0.9603719644942983
273646,0.4266138232259648
273647,0.9437508237850023
273648,0.10349012139750297
273649,0.28550456547329567
273650,0.9486685361851823
273651,0.1793465169233846
273652,0.7129319474050205
273653,0.3086841710563991
273654,0.32972761690929503
273655,0.646760990996314
273656,0.013262370410097217
273657,0.9844423941351054
273658,0.5061880456865481
273659,0.2484126515196277
273660,0.7334345357943105
273661,0.5531608346476018
273662,0.3422491489448734
273663,0.18927284213779594
273664,0.5717863294867308
273665,0.5732361910908504
273666,0.5778993823316866
273667,0.2093391085396394
273668,0.33882220333513613
273669,0.5535198912831049
273670,0.6225087605274042
273671,0.6687588911967495
273672,0.46461928634084926
273673,0.6110643983983347
273674,0.6697860658755301
273675,0.38032733239099903
273676,0.1992400725385304
273677,0.6309443189513728
273678,0.6348757618590952
273679,0.8216670226932884
273680,0.7613727780530041
273681,0.9357834024933984
273682,0.534408079228801
273683,0.49030774335177096
273684,0.46287399839106264
273685,0.9839469868785252
273686,0.3088932420087173
273687,0.2950263838451784
273688,0.8733302730193937
273689,0.638720849373469
273690,0.202557937651406
273691,0.4934029024502206
273692,0.33473622972352635
273693,0.28119134082655745
273694,0.14055476522695562
273695,0.5955613327818708
273696,0.376814031387913
273697,0.9534408079228801
273698,0.7968375745951523
273699,0.5846578281164071
273700,0.8538684943709919
273701,0.02852000490862236
273702,0.868567091323101
273703,0.8727666904522751
273704,0.7190949954777045
273705,0.0398098363338045
273706,0.6328714077292622
273707,0.40599306429840787
273708,0.7906427113775504
273709,0.43067252671335915
273710,0.11007585639552588
273711,0.020757109548633995
273712,0.9683802909722253
273713,0.11023947714081837
273714,0.40155712409270017
273715,0.4207507465196504
273716,0.26295217274714683
273717,0.31781966266856343
273718,0.9218529140400236
273719,0.8929238572681698
273720,0.43295412710604897
273721,0.9605264951981857
273722,0.7338799478231623
273723,0.9880920457592685
273724,0.1975856850027952
273725,0.5163143518118726
273726,0.9808563728007781
273727,0.8380154621604302
273728,0.7871385004158694
273729,0.19016821121620212
273730,0.7480013271460452
273731,0.1615936660591489
273732,0.6911431181569033
273733,0.8690079583312502
273734,0.7903154698869654
273735,0.45723362769917414
273736,0.36514696324441753
273737,0.33514073656605503
273738,0.3471532262829457
273739,0.228791797146636
273740,0.9713027392839775
273741,0.5928570454638421
273742,0.8797796573963395
273743,0.2104480935910663
273744,0.4071429545361579
273745,0.27918698669672437
273746,0.7481876729948506
273747,0.8744847082778463
273748,0.29383558842110524
273749,0.14901759377513965
273750,0.4051567804891351
273751,0.9438962644474845
273752,0.8179582857999919
273753,0.02818367337663223
273754,0.11939769385649551
273755,0.7138091364006163
273756,0.3879175169642898
273757,0.6466200953545344
273758,0.25402575208730077
273759,0.08460101535762495
273760,0.4862581299057817
273761,0.7896109916780671
273762,0.6599506410751702
273763,0.15944387126683363
273764,0.29591720790288195
273765,0.3822816912931038
273766,0.13813681421318874
273767,0.9392012580617305
273768,0.23341862822185155
273769,0.42825003067888967
273770,0.40035723862722195
273771,0.44750728339567586
273772,0.8635493884674645
273773,0.8241122438312707
273774,0.37727762349957505
273775,0.40706114416351163
273776,0.8583226146595098
273777,0.8800750837420065
273778,0.9582948900332241
273779,0.5586239495320902
273780,0.335563423491394
273781,0.15486703541934632
273782,0.7305393576067739
273783,0.5015203094250095
273784,0.8523959076633594
273785,0.0904550020225342
273786,0.9753432626885616
273787,0.14993568795705864
273788,0.0853327636907386
273789,0.5607464742001901
273790,0.8368746619640852
273791,0.37619136355166094
273792,0.585439571677249
273793,0.4962299053272187
273794,0.9498411515264452
273795,0.25886165411483447
273796,0.2680698660582399
273797,0.1219020002636112
273798,0.5028247303666468
273799,0.10644892987487557
273800,0.474277455333809
273801,0.7626272037669132
273802,0.9429963503483759
273803,0.43100885824534924
273804,0.8438967189495549
273805,0.6148367655814673
273806,0.7504192781598121
273807,0.8636448339022185
273808,0.3148199490048677
273809,0.742674562882634
273810,0.23448216306625275
273811,0.12267010876234541
273812,0.3933579067452652
273813,0.8461146890524087
273814,0.0005953977120365784
273815,0.3043709464096609
273816,0.9185804991341736
273817,0.11769331109303202
273818,0.4573154380718204
273819,0.6894387353934397
273820,0.21277059917007923
273821,0.4242549574813313
273822,0.6274901032174203
273823,0.4859581585394121
273824,0.008967325846169228
273825,0.1774512432904132
273826,0.494443712191109
273827,0.026688361565486932
273828,0.5387849341653751
273829,0.15555787856613687
273830,0.7354616150276564
273831,0.5476159093904673
273832,0.9528045050245204
273833,0.6255948295844488
273834,0.3094750046586462
273835,0.5050563355316083
273836,0.6175183277959831
273837,0.06638002736102462
273838,0.8684943709918599
273839,0.6994468709804974
273840,0.4099972275373714
273841,0.09773158016734766
273842,0.4823903172878952
273843,0.024129514909940416
273844,0.5130237568232124
273845,0.9196258538957646
273846,0.22436040196163093
273847,0.5691502174792407
273848,0.5226819258161721
273849,0.43228600906277126
273850,0.29612627885520015
273851,0.019929915780766385
273852,0.16597052099572315
273853,0.27085596374891485
273854,0.838070002408861
273855,0.5248408106498925
273856,0.8820158075820035
273857,0.665281950359284
273858,0.20264429304475481
273859,0.24928984051522354
273860,0.25743906263493027
273861,0.8585771358188538
273862,0.6641638752664518
273863,0.40377054917485145
273864,0.7410156303261962
273865,0.2802414314997204
273866,0.05094968207580186
273867,0.9024002254330269
273868,0.9963412583344318
273869,0.008417378341158344
273870,0.5991973493439262
273871,0.11016675680957726
273872,0.4437894564609741
273873,0.9893646515559879
273874,0.5833488621540672
273875,0.9273432990487271
273876,0.21208884606469383
273877,0.4843810363556206
273878,0.7233582248967144
273879,0.5441026083873813
273880,0.4708005144963435
273881,0.16792487989782795
273882,0.9777384885988156
273883,0.21292967489466913
273884,0.012148840337967738
273885,0.5146508742347321
273886,0.016952927220583492
273887,0.7062325868894334
273888,0.4555156098736029
273889,0.8204989523727281
273890,0.18610950772880772
273891,0.594915939842106
273892,0.6972107207948333
273893,0.9786065875530063
273894,0.013616882024897624
273895,0.5529835788402016
273896,0.5473068479826926
273897,0.887910699433236
273898,0.6824257684493753
273899,0.40275246453747593
273900,0.02846091963948896
273901,0.43236781943541747
273902,0.4858445330218479
273903,0.8726394298726031
273904,0.6374982388044778
273905,0.10233568613905036
273906,0.25518927738715846
273907,0.35959749296658045
273908,0.061921362051804145
273909,0.15050381554487982
273910,0.8538003190604533
273911,0.030797060280609582
273912,0.07425200321787465
273913,0.9098131541989174
273914,0.4309452279555133
273915,0.8947418655491977
273916,0.8844882988442013
273917,0.7214447711809328
273918,0.9758841201521673
273919,0.6752128205943979
273920,0.08228759982001717
273921,0.056871844051249655
273922,0.46794624149513
273923,0.3256598233804955
273924,0.5941387413019666
273925,0.7666859072543075
273926,0.700378600224524
273927,0.6241222428768163
273928,0.19190440912458356
273929,0.38409515455342896
273930,0.8156675953658968
273931,0.4660646029242663
273932,0.48776707677903475
273933,0.3297230718885924
273934,0.03599656396434886
273935,0.3114429986228587
273936,0.5714772680789562
273937,0.10143577203994163
273938,0.34223096886206317
273939,0.652037760031997
273940,0.4017116547965876
273941,0.16807486558101273
273942,0.45602010717158814
273943,0.34729412192472536
273944,0.108903241054263
273945,0.37347344117152453
273946,0.32609160034723955
273947,0.6899023275051018
273948,0.8034414896759855
273949,0.5886347212311552
273950,0.37046009244572103
273951,0.5230137123274596
273952,0.300084991887138
273953,0.4564246140141168
273954,0.09481367687629817
273955,0.26843346771444543
273956,0.38186809440917
273957,0.7641634207643817
273958,0.6007881065898256
273959,0.6505742633657696
273960,0.46850073402084347
273961,0.8473145745178869
273962,0.431286104508206
273963,0.1369778339340336
273964,0.15478522504670011
273965,0.5907890610441731
273966,0.5193004304134605
273967,0.5947523190968135
273968,0.6945927888701533
273969,0.7569686529922145
273970,0.7860431504265503
273971,0.285722726467019
273972,0.4865308311479358
273973,0.7858568045777449
273974,0.781139073088478
273975,0.2967671267742625
273976,0.5355897846114689
273977,0.5944114425441208
273978,0.777898473327546
273979,0.8317024284045614
273980,0.9704891805782175
273981,0.9404647738170447
273982,0.25844805723090064
273983,0.7821162525395303
273984,0.6265129237663678
273985,0.6426295671776785
273986,0.29983956076919926
273987,0.983242508669627
273988,0.10084491934860762
273989,0.030360738293162926
273990,0.13196013107839707
273991,0.6245085696365347
273992,0.6705087241672386
273993,0.3701919362242695
273994,0.712504715458979
273995,0.5747042327777804
273996,0.007808345567014058
273997,0.7713536435158462
273998,0.563659832470537
273999,0.2938083182968898
274000,0.7511146663273052
274001,0.8151267379022912
274002,0.7655223819544499
274003,0.8082728466828167
274004,0.5821580667299939
274005,0.5688593361542762
274006,0.705128146858709
274007,0.9642715922571028
274008,0.4715322628294572
274009,0.3722735557060462
274010,0.8591043582203517
274011,0.9017002922448312
274012,0.13605973975211458
274013,0.6602278873380268
274014,0.9685666368210308
274015,0.8908422377863932
274016,0.9679348789433736
274017,0.9679803291503993
274018,0.9128492280282338
274019,0.8255939205803083
274020,0.8581817190177302
274021,0.12760600124533567
274022,0.004485935433435899
274023,0.7559642034169466
274024,0.35828398198353795
274025,0.6087328027779166
274026,0.728289572359002
274027,0.26831529717617864
274028,0.936378800205435
274029,0.8758573045300222
274030,0.8696397162089073
274031,0.7441789647351844
274032,0.6301625753905309
274033,0.2361820008090137
274034,0.8608041959631126
274035,0.7145863349407557
274036,0.2990032769599265
274037,0.35059380695479064
274038,0.10531721971993582
274039,0.54845219319974
274040,0.36410160848282663
274041,0.4637420973452534
274042,0.4179919189531908
274043,0.9571086396298535
274044,0.29964866989969136
274045,0.44192599797292076
274046,0.9416964744274411
274047,0.33814954027115596
274048,0.5857895382713468
274049,0.24600379054726595
274050,0.09295930842964989
274051,0.012171565441480585
274052,0.6283263870266929
274053,0.7995645870166939
274054,0.3411492539348516
274055,0.5725271678612496
274056,0.8372609887238036
274057,0.8107407929243119
274058,0.8994050567900337
274059,0.8498734211734336
274060,0.20336695133646335
274061,0.3568750255657414
274062,0.37460969634716684
274063,0.8894014662236787
274064,0.43126792442539574
274065,0.09599083723826361
274066,0.3544343494484617
274067,0.8777116729766705
274068,0.8690761336417887
274069,0.7553279005185869
274070,0.6109280477772577
274071,0.9282659382513488
274072,0.5903436490153213
274073,0.5351171024584018
274074,0.0047495466341849184
274075,0.9204030524359039
274076,0.27745078878834295
274077,0.9591311738424969
274078,0.8098954190736339
274079,0.6304534567154954
274080,0.3064707459742479
274081,0.32641884183782455
274082,0.8362792642520487
274083,0.2814640420687116
274084,0.13668240758836656
274085,0.06684816449338926
274086,0.48715349898418786
274087,0.08390108216942928
274088,0.893851041491494
274089,0.482931174751501
274090,0.3844133060026088
274091,0.5444298498779662
274092,0.6027106503470123
274093,0.8620268065321037
274094,0.06213043300412233
274095,0.36830120761200064
274096,0.038791751696428976
274097,0.7975920480317789
274098,0.5433299548679444
274099,0.4705823535026202
274100,0.612686970789152
274101,0.7083596565782357
274102,0.45005249498911465
274103,0.14404079610582626
274104,0.6712041123347318
274105,0.08647810890778607
274106,0.3805682184882352
274107,0.4052204107789711
274108,0.4480163257143636
274109,0.27994600515405343
274110,0.2665563741642843
274111,0.03857813572340822
274112,0.8537185086878071
274113,0.32384181509946774
274114,0.36782852545893346
274115,0.34097199812745144
274116,0.9504501843005896
274117,0.5822489671440453
274118,0.7731761968175765
274119,0.36623322319233165
274120,0.935492521168434
274121,0.5800809922689198
274122,0.8344748910331287
274123,0.8953554433440445
274124,0.533267279032456
274125,0.1185568650265202
274126,0.6980651846869164
274127,0.5119238618131905
274128,0.7466060057903564
274129,0.8388517459697029
274130,0.3847814526795169
274131,0.9328927693265643
274132,0.24139968457556327
274133,0.5685729998500143
274134,0.9793974211552534
274135,0.4712413815044927
274136,0.5416710223115067
274137,0.010108126042514123
274138,0.8321978356611414
274139,0.21011630707977874
274140,0.7991282650292473
274141,0.5697865203776002
274142,0.8190809059135264
274143,0.04851355097922471
274144,0.7200039996182183
274145,0.9770294653692149
274146,0.4866989969139309
274147,0.8470327832343277
274148,0.06552101844823903
274149,0.3073888401561669
274150,0.6835847487285306
274151,0.1915453524890806
274152,0.26360211070761425
274153,0.44808450102490216
274154,0.6030606169411101
274155,0.039928006872071306
274156,0.395903118338704
274157,0.995473159380241
274158,0.0621940632939583
274159,0.6832665972793506
274160,0.8065820989814609
274161,0.7454333904490935
274162,0.05141327418746392
274163,0.08804159602946991
274164,0.2713695510883052
274165,0.41233336817849203
274166,0.9220074447439108
274167,0.25397575685957247
274168,0.9649851605074062
274169,0.11952495443616745
274170,0.7056008290117762
274171,0.7764895169097497
274172,0.46194681416773853
274173,0.05369487458015371
274174,0.9642852273192105
274175,0.6353711691156754
274176,0.07871975856850028
274177,0.7491284922802824
274178,0.6703769185668641
274179,0.6463337590502726
274180,0.48334931665613734
274181,0.5348444012162475
274182,0.9709982228969053
274183,0.6225405756723222
274184,0.7694629149035773
274185,0.5125010794424169
274186,0.5316765217865568
274187,0.34616695679048815
274188,0.6203771458178993
274189,0.6994605060426051
274190,0.014175919571313646
274191,0.9312747419564497
274192,0.8554274364719732
274193,0.20708932329186758
274194,0.7310438549047591
274195,0.8128633175924117
274196,0.8675762768099409
274197,0.5651369641988719
274198,0.2772871680430504
274199,0.4143240872462174
274200,0.44968434831220655
274201,0.6980106444384855
274202,0.9087268942510033
274203,0.82143977165816
274204,0.02788370201026266
274205,0.3199376423159607
274206,0.022775098740574765
274207,0.3683966530467546
274208,0.94196008562819
274209,0.7598638311797511
274210,0.3956349621172524
274211,0.1734788951963676
274212,0.3527935969748342
274213,0.47381386322214697
274214,0.880734111743879
274215,0.7590684525568014
274216,0.4272955763313502
274217,0.46440567036782854
274218,0.044113970939137624
274219,0.4171738152267283
274220,0.3446080146895069
274221,0.6560010180846374
274222,0.036651046945518836
274223,0.1270106035332991
274224,0.4754682507578822
274225,0.6578235713863677
274226,0.6019698119724936
274227,0.749205757632226
274228,0.3493893764686098
274229,0.48718076910840324
274230,0.9837106458019916
274231,0.8379472868498916
274232,0.18330977497602502
274233,0.3076388162948082
274234,0.17876475427345573
274235,0.4725776175910481
274236,0.19624490389553725
274237,0.553138109544089
274238,0.6863526663363952
274239,0.9457097277078097
274240,0.19672213106930703
274241,0.31864685643643104
274242,0.00701296694406443
274243,0.4512114752682698
274244,0.6098645129328565
274245,0.16960653755777857
274246,0.28460010635348443
274247,0.018698215170370104
274248,0.47470468727985055
274249,0.5046836438339977
274250,0.39250798787388474
274251,0.6875389167397659
274252,0.48304025524836264
274253,0.5290085946341485
274254,0.4854263911172115
274255,0.0032360547402293417
274256,0.41313783684284683
274257,0.7287531644706642
274258,0.06113961849096223
274259,0.431613345998791
274260,0.2659427963694374
274261,0.5226910158575773
274262,0.5590966316851573
274263,0.2607251126028879
274264,0.9925052608614632
274265,0.023834088564273413
274266,0.253843951259198
274267,0.8018052822230606
274268,0.6543420855281996
274269,0.33158653037664587
274270,0.2663927534189918
274271,0.8999277341708292
274272,0.12518805023156881
274273,0.7687675267360843
274274,0.6214088655173825
274275,0.0004681371323646379
274276,0.8871834961208249
274277,0.700146804168693
274278,0.2897677948923057
274279,0.7193676967198586
274280,0.47936333349998406
274281,0.8400470864144787
274282,0.32497807027511005
274283,0.462996713950032
274284,0.2803323319137718
274285,0.5698410606260311
274286,0.10010408097408884
274287,0.5161416410251749
274288,0.6340531131119302
274289,0.8911331191113575
274290,0.44708914149103945
274291,0.5925298039732572
274292,0.3074524704460029
274293,0.7475513700964908
274294,0.7629862604024162
274295,0.1931861049627081
274296,0.16281173160743748
274297,0.05610828057321801
274298,0.8194490525904345
274299,0.5227001058989824
274300,0.5320173983392494
274301,0.7038282709377741
274302,0.28786797623863175
274303,0.9470777789392831
274304,0.80537766849528
274305,0.9968366655910118
274306,0.18025097604319587
274307,0.6990469091586712
274308,0.7176496788942873
274309,0.5289040591579894
274310,0.3002940628394562
274311,0.22739193077024467
274312,0.2768599360970089
274313,0.4138014098654219
274314,0.4339813017848296
274315,0.07115684411942497
274316,0.9711663886629004
274317,0.4509433190468182
274318,0.673817499238709
274319,0.9426054785679548
274320,0.03571477268078956
274321,0.7118820476227269
274322,0.8983278868835247
274323,0.933856313715509
274324,0.31319737661405045
274325,0.5113557342253694
274326,0.6582553483531118
274327,0.4823721372050849
274328,0.5026202044350312
274329,0.7401748014962208
274330,0.48076774489707796
274331,0.37437335527063326
274332,0.08925966157775848
274333,0.09556815031292466
274334,0.026097508874152922
274335,0.26404297771576346
274336,0.21830188936510606
274337,0.4881488585180505
274338,0.5997654769317475
274339,0.6425568468464373
274340,0.7655451070579627
274341,0.45846078328886786
274342,0.7736806941155617
274343,0.7358797569322928
274344,0.7326209770885507
274345,0.2259329791247199
274346,0.36281082260329695
274347,0.6317715127192404
274348,0.1502992896132642
274349,0.34843037710036767
274350,0.14485889983228875
274351,0.8885697274351085
274352,0.6389617354707051
274353,0.6413660514223642
274354,0.11769331109303202
274355,0.3908581453588521
274356,0.47860886006335757
274357,0.5173369814699506
274358,0.7960421959722026
274359,0.0440139804836811
274360,0.9754159830198027
274361,0.6409024593107021
274362,0.035764767908517826
274363,0.6586598551956405
274364,0.7691129483094795
274365,0.3380904550020225
274366,0.7480649574358812
274367,0.540612032487808
274368,0.8499961367324028
274369,0.23541389231027945
274370,0.05653096749855696
274371,0.661850459728844
274372,0.046550102035714774
274373,0.9686348121315693
274374,0.5135918844110335
274375,0.1603210602624295
274376,0.8770253748505825
274377,0.6047422746010609
274378,0.7156953199921826
274379,0.5442298689670532
274380,0.6345485203685104
274381,0.8184673281186796
274382,0.03527845069334291
274383,0.15629871694065567
274384,0.5664368401198068
274385,0.8170901868458011
274386,0.38210443548570366
274387,0.8909376832211471
274388,0.09765885983610656
274389,0.6414433167743079
274390,0.02799278250712432
274391,0.3813681421318874
274392,0.51811418001009
274393,0.5518291435817491
274394,0.44227596456701856
274395,0.348848519005004
274396,0.27232855045654736
274397,0.7339663032165111
274398,0.867385385940433
274399,0.7800164529749434
274400,0.09747251398730121
274401,0.27054690234114015
274402,0.1566350484726458
274403,0.8891378550229296
274404,0.3494439167170406
274405,0.48139950277473514
274406,0.7303802818821841
274407,0.19180441866912704
274408,0.8013825952977216
274409,0.3408356475063744
274410,0.22021534308088775
274411,0.1425227591911681
274412,0.932515532608251
274413,0.14037296439885283
274414,0.2448720803923262
274415,0.540907458833475
274416,0.24211325282586663
274417,0.5000840828829975
274418,0.47715445343853535
274419,0.05182232605069516
274420,0.7754168920239433
274421,0.05050881506765263
274422,0.8547502283872903
274423,0.6568645720181255
274424,0.030651619618127363
274425,0.42976352257284534
274426,0.5894119197712946
274427,0.46784170601897085
274428,0.5310265838260894
274429,0.5359170261020539
274430,0.6814031387912972
274431,0.5770585535017112
274432,0.30214843128610447
274433,0.006213043300412233
274434,0.8162539030365283
274435,0.4417487421655205
274436,0.6714495434526704
274437,0.11577985737725036
274438,0.34859399784566014
274439,0.020843464941982814
274440,0.1329191304466392
274441,0.6811258925284406
274442,0.3899900464046614
274443,0.8467828070956864
274444,0.9367333118202353
274445,0.820403506937974
274446,0.11502992896132641
274447,0.9501911181205431
274448,0.17195176824030434
274449,0.5186823075979111
274450,0.18317796937565053
274451,0.9973184377854841
274452,0.6428704532749147
274453,0.2698606042150522
274454,0.46461928634084926
274455,0.7814208643720373
274456,0.1652205925797992
274457,0.9649306202589754
274458,0.14387263033983122
274459,0.47581367233127747
274460,0.617045645642916
274461,0.919789474641057
274462,0.5062016807486558
274463,0.08466919066816349
274464,0.46135141645570193
274465,0.9707527917789667
274466,0.318742301871185
274467,0.7312847410019954
274468,0.27980965453297635
274469,0.2907177042191427
274470,0.8946236950109308
274471,0.7664859263433945
274472,0.485294585516837
274473,0.32097845205684905
274474,0.8041186977606684
274475,0.5114329995773131
274476,0.5753905309038683
274477,0.571468178037551
274478,0.7374523340953818
274479,0.2912085664550202
274480,0.3998481963085342
274481,0.6508924148149495
274482,0.5493112021125256
274483,0.327268760709205
274484,0.7706946155139737
274485,0.36704223687738896
274486,0.6761354597970194
274487,0.46393298821476125
274488,0.3303548297662496
274489,0.2535848850791515
274490,0.11629798973734325
274491,0.6900386781261789
274492,0.8698851473268461
274493,0.37712763781639025
274494,0.28441830552538166
274495,0.6191954404352311
274496,0.5178642038714487
274497,0.02283418400970817
274498,0.16247540007544736
274499,0.7766167774894215
274500,0.429354470709614
274501,0.6860663300321334
274502,0.3755232455083833
274503,0.09811790692706605
274504,0.8293935578876562
274505,0.028556365074242914
274506,0.6713540980179165
274507,0.7063553024484026
274508,0.004258684398307434
274509,0.9822835093013849
274510,0.45565650551538256
274511,0.21331145663368498
274512,0.970716431613346
274513,0.8579862831275197
274514,0.04893169288386109
274515,0.9465869167034057
274516,0.274210189027411
274517,0.29849423464123875
274518,0.6069420646211043
274519,0.5221910635802947
274520,0.7988691988492008
274521,0.8928056867299031
274522,0.15225819353607156
274523,0.6040287063507574
274524,0.6205771267288123
274525,0.47929061316874294
274526,0.48483099340517494
274527,0.028097317983283417
274528,0.0312379272887588
274529,0.36601506219860824
274530,0.4866308216033924
274531,0.6306352575435982
274532,0.36816485699092355
274533,0.605933070025134
274534,0.44360765563287136
274535,0.5059289795065016
274536,0.9803927806891161
274537,0.22604660464228415
274538,0.5541652842228697
274539,0.8146176955836034
274540,0.6501470314197281
274541,0.698437876384527
274542,0.07602456129187668
274543,0.9822744192599798
274544,0.7646633730416643
274545,0.8099090541357415
274546,0.5480476863572115
274547,0.7184041523309139
274548,0.07979692847500919
274549,0.5218683671104122
274550,0.39577585775903207
274551,0.3131928315933479
274552,0.1698837838206353
274553,0.7562369046591008
274554,0.41420591670795054
274555,0.20304425486658093
274556,0.8082364865171962
274557,0.6012516987014876
274558,0.8915921662023171
274559,0.6570191027220129
274560,0.983337954104381
274561,0.4987569368378473
274562,0.9169533817226537
274563,0.48094045568377564
274564,0.18500961271878594
274565,0.6910022225151236
274566,0.37487330754791587
274567,0.9843651287831616
274568,0.9703028347294123
274569,0.4483117520600306
274570,0.7437653678512506
274571,0.7847432745056154
274572,0.9669576994923212
274573,0.23439580767290397
274574,0.7875930024861264
274575,0.014375900482226697
274576,0.8463146699633216
274577,0.7534189918235078
274578,0.9447916335258907
274579,0.247058235350262
274580,0.36441066989060134
274581,0.3750005681275878
274582,0.021152526349757526
274583,0.5831761513673694
274584,0.6925566195954023
274585,0.23531844687552553
274586,0.761004631376096
274587,0.14672690334104474
274588,0.7582957990373647
274589,0.6222815094922758
274590,0.6195544970707342
274591,0.1576576781307239
274592,0.7404656828211853
274593,0.49748887606183045
274594,0.5430754337086006
274595,0.06531194749592084
274596,0.7908381472677608
274597,0.8798569227482832
274598,0.6436612868771617
274599,0.6180000999904555
274600,0.21681112257466334
274601,0.6364983342499125
274602,0.9584403306957063
274603,0.15535789765522384
274604,0.07034328541366505
274605,0.1735288904240959
274606,0.27715990746337843
274607,0.5513791865321948
274608,0.2263374859672486
274609,0.570327377841206
274610,0.17143363588021143
274611,0.3727144227141954
274612,0.2192881588575636
274613,0.25834352175474157
274614,0.7161316419796292
274615,0.6930202117070643
274616,0.28301389412828776
274617,0.435740224796724
274618,0.756973198012917
274619,0.8628721803827817
274620,0.5526154321632936
274621,0.7562096345348854
274622,0.9681530399370969
274623,0.5402438858108999
274624,0.8754573427081961
274625,0.861222337867749
274626,0.16093463805727637
274627,0.4017207448379927
274628,0.09578176628594542
274629,0.4364265229228119
274630,0.8538366792260739
274631,0.3250371555442435
274632,0.453815772130842
274633,0.2207062053167652
274634,0.10915321719290431
274635,0.5000931729244027
274636,0.323037346435113
274637,0.42899541407411107
274638,0.6831529717617864
274639,0.7838888106135324
274640,0.4585516837029192
274641,0.19331336554238004
274642,0.757827661905
274643,0.49116220724385395
274644,0.22561937269624263
274645,0.27799164625194867
274646,0.8970507360661027
274647,0.7068007144772546
274648,0.5767085869076134
274649,0.15074015662141343
274650,0.01586666727266943
274651,0.6010426277491694
274652,0.6738265892801142
274653,0.9669213393267007
274654,0.843651287831616
274655,0.36373346180591853
274656,0.2690425004885897
274657,0.07294758227623727
274658,0.26693361088259754
274659,0.4503251962312688
274660,0.2884042886815349
274661,0.3525618009190032
274662,0.3581385413210557
274663,0.4308361474586517
274664,0.7787620272610342
274665,0.06198499234164012
274666,0.5030428913603702
274667,0.48318569591084487
274668,0.6657319074088383
274669,0.3588930147576822
274670,0.7189586448566274
274671,0.14452711332100118
274672,0.6518332341003813
274673,0.344448938964917
274674,0.8209352743601747
274675,0.5867121774739684
274676,0.9051363278959735
274677,0.6267265397393885
274678,0.3366133232736875
274679,0.15751223746824167
274680,0.8134768953872585
274681,0.16578417514691782
274682,0.48435376623140514
274683,0.37665041064262045
274684,0.4979615582148976
274685,0.016880206889342383
274686,0.07961058262620387
274687,0.3312774689688711
274688,0.9039728025961158
274689,0.5308993232464174
274690,0.41715563514391807
274691,0.7769849241663296
274692,0.41105167234036744
274693,0.42268692533894486
274694,0.8714122742829095
274695,0.5673412992396181
274696,0.3007531099304157
274697,0.3278459783384313
274698,0.9801200794469619
274699,0.025543016348439467
274700,0.6323487303484667
274701,0.9121674749228483
274702,0.9102949263933897
274703,0.48118588680171437
274704,0.15976656773671605
274705,0.5524472663972985
274706,0.924084519204985
274707,0.4134332631885138
274708,0.6093372905313583
274709,0.1855232000581763
274710,0.3102385681366779
274711,0.6086282673017576
274712,0.45349762068166216
274713,0.42735920662118615
274714,0.3321273878402516
274715,0.03631017039282614
274716,0.9642397771121848
274717,0.6761309147763169
274718,0.8391562623567751
274719,0.36348348566727723
274720,0.22295599056453702
274721,0.9808063775730499
274722,0.31300648574454254
274723,0.37425063971166384
274724,0.7698765117875113
274725,0.918089636898296
274726,0.31598801932542797
274727,0.5735407074779226
274728,0.10373100749473912
274729,0.24214052295008204
274730,0.6467791710791243
274731,0.7539098540593853
274732,0.5330354829766251
274733,0.8545047972693516
274734,0.7206175774130651
274735,0.3235100285881802
274736,0.22442857727216947
274737,0.9040409779066544
274738,0.18987278487053508
274739,0.5757859477049918
274740,0.622172428995414
274741,0.06237586412206108
274742,0.690606805714
274743,0.7450606987514828
274744,0.1523400039087178
274745,0.4825493930124852
274746,0.9318928647719991
274747,0.861254153012667
274748,0.02233423173242554
274749,0.6262447675449162
274750,0.8848837156453249
274751,0.9149944777998463
274752,0.2648383563387131
274753,0.9207530190300017
274754,0.06923430036223814
274755,0.05253134928029597
274756,0.5704682734829858
274757,0.4685325491657614
274758,0.1727107866976334
274759,0.7090823148699442
274760,0.5871894046477383
274761,0.04988160221069807
274762,0.5078287981601757
274763,0.14244094881852187
274764,0.6244722094709142
274765,0.8276391798964644
274766,0.6377663950259295
274767,0.8742801823462306
274768,0.9688484281045902
274769,0.15329445825625734
274770,0.6391071761331873
274771,0.9720435776584964
274772,0.3433172288099772
274773,0.6646547375023294
274774,0.7632680516859756
274775,0.6804077792574346
274776,0.19988546547829525
274777,0.20968907513373722
274778,0.4259502502033896
274779,0.21990173665241047
274780,0.16133914489980503
274781,0.7685039155353354
274782,0.5873030301653025
274783,0.04368219397239355
274784,0.049836152003672377
274785,0.5799264615650324
274786,0.2853182196244904
274787,0.1673113021029811
274788,0.48938964916985195
274789,0.6205544016252994
274790,0.18180991814417716
274791,0.9014230459819744
274792,0.9749387558460328
274793,0.4238868108044232
274794,0.49383013439626217
274795,0.7067098140632031
274796,0.8553592611614347
274797,0.37156907749714796
274798,0.5418164629739889
274799,0.451811418001009
274800,0.7487830707068871
274801,0.7574640602487944
274802,0.27274669236118365
274803,0.6716040741565578
274804,0.6520104899077815
274805,0.06357120456683679
274806,0.7745397030283473
274807,0.11852050486089964
274808,0.8930147576822213
274809,0.9881102258420787
274810,0.15117647860886008
274811,0.07701083078433421
274812,0.29294476436340167
274813,0.1170615532153749
274814,0.16330259384331497
274815,0.40267974420623487
274816,0.4371355461524127
274817,0.8920875734588971
274818,0.30055312901950265
274819,0.2594206916612505
274820,0.2790506360756473
274821,0.39571677248989867
274822,0.3734416260266065
274823,0.3770503724644465
274824,0.5770540084810086
274825,0.6321941996445795
274826,0.17689220574399717
274827,0.13132837320073992
274828,0.14733139109448645
274829,0.21435226637457336
274830,0.23535935206184863
274831,0.7352570890960408
274832,0.2491034946664182
274833,0.5029610809877239
274834,0.9409556360529223
274835,0.016848391744424394
274836,0.14428622722376502
274837,0.897418882743011
274838,0.15405347671358643
274839,0.1993627880974998
274840,0.6828257302712014
274841,0.23232782325323492
274842,0.8936328804977707
274843,0.2423859540680208
274844,0.873716599779112
274845,0.025061244153967124
274846,0.24452665881893093
274847,0.7433472259466142
274848,0.7071870412369728
274849,0.9090768608451012
274850,0.8091954858854382
274851,0.02839274432895042
274852,0.8087637089186941
274853,0.35819308156948654
274854,0.07803346044241231
274855,0.1836233814045023
274856,0.35715681684930073
274857,0.991305375395985
274858,0.8711441180614579
274859,0.8126542466400934
274860,0.6351757332254648
274861,0.9862331322919177
274862,0.6525195322264694
274863,0.8068048049958868
274864,0.879361515491703
274865,0.020707114320905735
274866,0.6696406252130479
274867,0.7004558655764678
274868,0.0025497566141413773
274869,0.7079096995286814
274870,0.17464696551692793
274871,0.74027933697238
274872,0.3300639484412851
274873,0.43544025343035436
274874,0.12011126210679889
274875,0.1829552633612246
274876,0.2622067893519255
274877,0.7624726730630258
274878,0.4454983842451402
274879,0.014057749033046844
274880,0.4055249271660432
274881,0.6111416637502785
274882,0.47424109516818846
274883,0.9925961612755146
274884,0.933529072224924
274885,0.5666277309893147
274886,0.6024697642497762
274887,0.6224678553410811
274888,0.2721331145663368
274889,0.9404693188377473
274890,0.7555778766572282
274891,0.4300589489185123
274892,0.07495648142677289
274893,0.8251257834479436
274894,0.08910058585316856
274895,0.0180619122720104
274896,0.2892451175115103
274897,0.4658873471168661
274898,0.6928793160652847
274899,0.1805327673267552
274900,0.7596683952895406
274901,0.7126865162870817
274902,0.4763817999190986
274903,0.6471927679630581
274904,0.7110230387099413
274905,0.7833025029429009
274906,0.3378086637184632
274907,0.5855168370291927
274908,0.022961444589380105
274909,0.4423623199603674
274910,0.899455052017762
274911,0.2442766826802896
274912,0.629149035773858
274913,0.524899895919026
274914,0.39816199362788096
274915,0.6488880606851164
274916,0.3162879906917976
274917,0.4635921116620686
274918,0.2753191740788379
274919,0.662632203289686
274920,0.15571240927002422
274921,0.7558687579821926
274922,0.3338499506865254
274923,0.7143590839056273
274924,0.4935937933197285
274925,0.8911694792769781
274926,0.9873466623640471
274927,0.9195394985024157
274928,0.14929938505869894
274929,0.598683762004536
274930,0.8286981697201632
274931,0.5915662595843124
274932,0.403447852704969
274933,0.8083137518691398
274934,0.3927216038469055
274935,0.8906058967098596
274936,0.5314401807100232
274937,0.9203121520218526
274938,0.07510646710995768
274939,0.948809431826962
274940,0.33276823575931386
274941,0.8603951440998814
274942,0.06248494461892275
274943,0.6484381036355621
274944,0.9558769390194573
274945,0.31022038805386754
274946,0.518705032701424
274947,0.14266819985365034
274948,0.22186973061662296
274949,0.21743379041091535
274950,0.16530694797314802
274951,0.9037546416023925
274952,0.6830847964512479
274953,0.7664632012398818
274954,0.9350743792637977
274955,0.1049808881879457
274956,0.5155871484994615
274957,0.7353479895100922
274958,0.6923839088087046
274959,0.7930061221428863
274960,0.9751432817776485
274961,0.8711259379786475
274962,0.5291767604001436
274963,0.011158025824807632
274964,0.4192054394807768
274965,0.5582603478758846
274966,0.5983928806795715
274967,0.31273832952309094
274968,0.920412142477309
274969,0.7078915194458711
274970,0.18825475750042042
274971,0.02001172615341263
274972,0.05672185836806486
274973,0.392653428536367
274974,0.1588257484512842
274975,0.6497243444943892
274976,0.1162752646338304
274977,0.44618468237122816
274978,0.7554097108912331
274979,0.898114270910504
274980,0.671981310874871
274981,0.1002267965330582
274982,0.577694856400071
274983,0.4363401675294631
274984,0.19448143586294037
274985,0.18601406229405376
274986,0.5736043377677585
274987,0.7718172356275083
274988,0.43184059703391947
274989,0.16252085028247304
274990,0.04803632380545494
274991,0.8534776225905709
274992,0.9820335331627436
274993,0.5808445557469515
274994,0.5700910367646724
274995,0.4512932856409161
274996,0.8919057726307943
274997,0.7148908513278278
274998,0.8303025620281701
274999,0.33133655423800457
275000,0.9726935156189637
275001,0.9843742188245668
275002,0.6508287845251135
275003,0.1560441957813118
275004,0.14155466978152087
275005,0.842555937842297
275006,0.2320914821767013
275007,0.7911653887583459
275008,0.5622917812390635
275009,0.10682616659318883
275010,0.7404202326141596
275011,0.9896737129637626
275012,0.7783711554806133
275013,0.529890328650447
275014,0.5112602887906155
275015,0.3777548506733448
275016,0.6750901050354284
275017,0.5337808663718464
275018,0.5545561560032906
275019,0.768453920307607
275020,0.40227069234300356
275021,0.5516973379813745
275022,0.5529335836124734
275023,0.1619799928188673
275024,0.46958244894805495
275025,0.8213352361820009
275026,0.3634198553774412
275027,0.2555619690847692
275028,0.8142086437203722
275029,0.9576904022797824
275030,0.09528635902936537
275031,0.7192540712022943
275032,0.6295126374300635
275033,0.4491162207243854
275034,0.9460960544675281
275035,0.04399580040087083
275036,0.8077592593434263
275037,0.8592452538621314
275038,0.1455133828134587
275039,0.5746815076742675
275040,0.10199480958635766
275041,0.06498016098463327
275042,0.41671476813576885
275043,0.7255671049581631
275044,0.5337945014339541
275045,0.39693483803818724
275046,0.1834188554728867
275047,0.9713254643874903
275048,0.2642656837301894
275049,0.8793433354088929
275050,0.45807900154985204
275051,0.7638998095636326
275052,0.3122247421837006
275053,0.5594965935069834
275054,0.15398984642375046
275055,0.624326768808432
275056,0.6769808336476973
